4750001,998986,184.13049792135106
4750002,1725714,553.9552914466216
4750003,1970362,363.969551756426
4750004,1816829,34.136802621968386
4750005,1719040,887.6626986349141
4750006,1909456,911.4784117145094
4750007,673455,940.1195858942925
4750008,12422,955.6665610793302
4750009,322898,992.9331375792926
4750010,514159,612.5741959307728
4750011,1545272,601.545241654551
4750012,1329766,446.391022512041
4750013,425292,951.5963459053244
4750014,532097,551.2825871833967
4750015,594879,612.1730579113172
4750016,863885,254.15894309834619
4750017,751193,161.32169756395865
4750018,1983295,686.48464989768
4750019,475120,467.1616759641507
4750020,42417,204.18839329106686
4750021,446281,503.87593780506245
4750022,511414,876.0826966342019
4750023,1740119,398.58361395318434
4750024,702128,385.54921777185615
4750025,151368,506.717774402865
4750026,343756,669.8508891978161
4750027,1937408,931.7013967289109
4750028,976733,185.57281242839852
4750029,1988460,906.949697418417
4750030,1643134,673.0848129368219
4750031,1964430,642.6774930601866
4750032,1869219,57.2759591796167
4750033,201489,651.8141403496339
4750034,1405665,5.645830485083936
4750035,1168118,483.074246235786
4750036,866788,754.3792440926484
4750037,6702,256.40849709636205
4750038,154045,4.496745921651613
4750039,157001,771.0276805234666
4750040,454004,319.2531488273913
4750041,1483696,363.1933002909986
4750042,1832713,532.6317645640581
4750043,7954,891.4291142460874
4750044,919245,91.90522328790563
4750045,386269,891.3531596857061
4750046,692281,304.30696931770296
4750047,729436,149.4426797854781
4750048,1858693,600.7404273340533
4750049,335706,971.2862065761466
4750050,592132,766.0871002835447
4750051,1307851,605.8026880829023
4750052,1897902,74.45518118591865
4750053,1965625,758.1302399123916
4750054,1988720,361.14783005133165
4750055,1782075,393.09172834664776
4750056,1244349,990.8104575234
4750057,65413,315.843023353605
4750058,1765834,744.2283314221065
4750059,1569403,909.669832816758
4750060,383020,924.308236529295
4750061,77191,836.8283288069138
4750062,1757293,499.7588155880619
4750063,496802,744.1617462517006
4750064,294426,569.3063483152788
4750065,331782,922.3673110382346
4750066,581668,75.45768179081358
4750067,1588556,280.08321316891204
4750068,1237042,22.66828071461846
4750069,1605996,779.9487504441378
4750070,1974397,622.5053200395698
4750071,567067,248.3338205240242
4750072,351976,531.9925273972232
4750073,681295,331.43053460501994
4750074,259474,540.3017802114923
4750075,1934955,277.41625290434325
4750076,1986549,734.4633205442083
4750077,242931,578.4225641442017
4750078,292898,800.1986356840132
4750079,1861805,235.13222563786462
4750080,309387,384.3327735451817
4750081,1061492,449.35512810507095
4750082,105105,491.66885085955926
4750083,1431162,451.6498165637884
4750084,1295588,303.88887627827
4750085,1345163,615.2976546357335
4750086,1096174,424.17235900203707
4750087,1717443,481.27980684406293
4750088,1862899,907.8174994059397
4750089,193890,659.1508809870564
4750090,468812,207.6097369961969
4750091,305006,717.9122177863565
4750092,433892,171.51115647573567
4750093,268724,663.0161280555571
4750094,146092,458.67245955165833
4750095,1527983,409.9218954234665
4750096,295056,945.9019033119729
4750097,1790507,100.40077429590654
4750098,744583,568.8617711787861
4750099,1037721,123.67704993549056
4750100,1941331,354.9358008531112
4750101,1553686,201.57066417239878
4750102,1862532,342.36213406192405
4750103,1899671,129.9442118629407
4750104,738715,807.9633538746623
4750105,233948,898.7291265566903
4750106,947747,834.3855488369167
4750107,1566486,981.3523627841536
4750108,1439337,690.587624835298
4750109,843926,57.41384232694158
4750110,1172720,429.22486613837685
4750111,1657283,919.6305988331799
4750112,1084282,671.0628835206867
4750113,316845,52.41702707759388
4750114,579022,981.2775549404017
4750115,1650550,909.0824555304258
4750116,343508,750.057370617549
4750117,1523988,176.9277072618466
4750118,1098444,453.15835997717
4750119,1486628,276.6164935986336
4750120,712229,375.76514708296895
4750121,498327,263.969984850704
4750122,1963358,403.0050414054024
4750123,1538037,941.4735809951895
4750124,1524840,120.8845007285132
4750125,864020,685.4692817412548
4750126,1454507,942.5209170908092
4750127,1497855,420.80419419714764
4750128,1474894,32.48710622811224
4750129,1582981,433.97643962069077
4750130,99176,699.867054078187
4750131,908611,944.2718385797232
4750132,1216125,562.5219208752344
4750133,819483,698.5350552185091
4750134,1477079,283.87053632745796
4750135,1529847,464.4618512527905
4750136,568519,197.33556646387984
4750137,1721503,748.3542054995936
4750138,455963,99.8468566817069
4750139,1504708,694.0926064332876
4750140,1329402,986.4532093809325
4750141,1316267,266.81788179931345
4750142,1793306,477.44984467558226
4750143,1960149,800.3057641016185
4750144,1630097,643.6428488988306
4750145,1168188,288.12424165106563
4750146,1280396,924.1012461148523
4750147,1371608,143.66723687629002
4750148,328437,134.9591965790895
4750149,1651153,194.8395555812491
4750150,1622691,365.9722503068611
4750151,681317,666.5163744316627
4750152,1635993,742.4785145539064
4750153,551381,194.20720643099554
4750154,541164,265.0846167633104
4750155,1156039,763.0066505225773
4750156,135642,332.0750305658764
4750157,1010123,996.355502524752
4750158,142033,310.64256987517757
4750159,1384132,212.85951415448412
4750160,1022788,114.75346502551875
4750161,1580493,882.743724088631
4750162,304833,703.492780786297
4750163,1433094,327.7501607486466
4750164,1516299,282.88225313152236
4750165,57528,181.2191069120844
4750166,1115506,128.41439753838236
4750167,1886639,533.0102970044403
4750168,911300,838.3289680929194
4750169,1558380,956.672828470634
4750170,406459,974.86360289785
4750171,99492,673.3558351493016
4750172,1986397,440.1981023619429
4750173,1804945,23.94434940338197
4750174,1612316,585.2904070185933
4750175,1285715,250.0589824253381
4750176,219906,39.8254765966588
4750177,20530,271.3503367138708
4750178,287864,521.1635368715583
4750179,134780,963.8693813024286
4750180,54482,588.9538845823323
4750181,1616632,700.757796080617
4750182,1564340,520.492540062105
4750183,1803450,36.18154422729003
4750184,1149962,974.2612351567659
4750185,569824,362.88587352860736
4750186,1514729,122.38861786592625
4750187,597911,895.340926405284
4750188,394247,182.12864762032945
4750189,972764,197.80962418891778
4750190,1297672,856.642261430419
4750191,1733897,410.2208303874767
4750192,1426862,32.54042376764043
4750193,633167,42.635734191628586
4750194,213938,499.1311287454929
4750195,526171,659.9847283570011
4750196,1800326,611.6647655731715
4750197,1695035,84.2338507979149
4750198,1287804,866.9935861626485
4750199,1810039,886.6460971560712
4750200,416102,972.0149449203445
4750201,1430643,826.8797852669265
4750202,306310,798.4897432736332
4750203,662931,342.17524193646864
4750204,962608,365.7473636782811
4750205,1061615,444.3224052305129
4750206,650118,908.6568528467322
4750207,1957199,734.7992167461111
4750208,674009,37.22028309264724
4750209,402855,438.6054025228838
4750210,681624,799.5125963813448
4750211,775789,261.59012801733815
4750212,856184,493.5222616289966
4750213,1179719,911.9678667450299
4750214,1811545,633.0133330377931
4750215,1249803,544.6158010362858
4750216,965918,266.0249987844896
4750217,1407928,676.8105910150734
4750218,1485329,332.3888552775228
4750219,1208440,967.5367566525858
4750220,1809245,920.6584937706886
4750221,1436963,685.0660348884942
4750222,900105,498.48613726226097
4750223,99348,90.80486665622468
4750224,1897936,331.06805338458025
4750225,1922443,956.2967391465555
4750226,1517619,543.2351614951247
4750227,423041,21.151081363520174
4750228,1982610,830.5728706396446
4750229,472025,31.371327228174817
4750230,125313,744.7663686658528
4750231,721413,185.64618054768388
4750232,179244,264.8672597975915
4750233,546892,62.385572984241186
4750234,1412537,508.00510627444
4750235,1042371,553.9573767057163
4750236,767413,167.3622250573269
4750237,1432703,852.7582895202172
4750238,688503,815.3890259666929
4750239,1863430,950.6133736584853
4750240,711614,984.3554727286567
4750241,259203,158.2027251184043
4750242,1213148,600.6957692961815
4750243,572672,19.45359217128251
4750244,34543,755.4200204610077
4750245,1003448,780.116247276047
4750246,630563,255.3656367773045
4750247,1550401,566.9803417814702
4750248,1780705,123.53550420264092
4750249,538403,527.1831369478396
4750250,804991,848.6113795611064
4750251,966425,806.6105305141664
4750252,687445,845.2631997530817
4750253,1244750,926.533493648172
4750254,151872,756.5352155089789
4750255,453012,674.0154864898892
4750256,1682176,279.67220009575675
4750257,917141,131.27471753540632
4750258,1693613,894.613277017957
4750259,1447856,746.250027472111
4750260,632454,970.2486759779838
4750261,1767596,874.4694701314802
4750262,12742,197.04454830451868
4750263,1907373,806.8088459239184
4750264,1264076,941.0740428934517
4750265,460951,701.6943610296094
4750266,1385174,416.7032448230702
4750267,686219,968.8954862757022
4750268,690406,115.34299129136704
4750269,925986,668.6535008621944
4750270,278663,338.73080441354097
4750271,955158,879.322202027686
4750272,1338470,769.872789549075
4750273,1958303,192.42176420699553
4750274,471806,864.5415616263339
4750275,360280,600.0530959941129
4750276,844557,209.20482436708966
4750277,647385,739.2551493883878
4750278,1787503,419.25196994317315
4750279,54530,743.1942853804522
4750280,601565,234.19679096497435
4750281,1365246,955.5836239426313
4750282,1114044,517.2480537490495
4750283,1327351,165.64543910312858
4750284,1527775,78.78944573635304
4750285,1489854,426.5874052096944
4750286,269431,773.3618572103862
4750287,1298698,130.5017312771878
4750288,474677,229.67042703989605
4750289,343468,437.9275499234059
4750290,1667580,844.2965330018523
4750291,342922,60.32346804458633
4750292,490016,796.7604169726843
4750293,1893303,15.03398692680702
4750294,1361404,900.1031570807444
4750295,474269,530.9891819397109
4750296,1919691,451.154658985523
4750297,48107,757.0152417568457
4750298,1632505,410.7175497198353
4750299,1343369,842.7094997223159
4750300,1442120,79.07054195654229
4750301,1849161,551.4574705385321
4750302,1365600,808.1761740789326
4750303,1111231,987.8002784809379
4750304,1067703,109.89253480864613
4750305,1690506,363.1213334773887
4750306,1826312,675.5869280395021
4750307,256288,657.5050327567477
4750308,233058,12.60808012719583
4750309,1032378,306.72251020458543
4750310,953833,457.39917526559793
4750311,989384,111.48074820323639
4750312,1724750,410.29216299916226
4750313,1824447,587.8204925271021
4750314,215000,4.123961606987692
4750315,237324,838.1813892203788
4750316,1221472,286.42628350252386
4750317,1109145,808.538896447924
4750318,127749,568.5082917259183
4750319,83616,282.35849413668626
4750320,1437028,442.70843284280505
4750321,1596497,295.72719774160805
4750322,1203180,383.2360807745101
4750323,1908708,3.2802997575134274
4750324,122851,806.6994745545799
4750325,469545,732.5054520372738
4750326,780380,670.2068031052817
4750327,222446,85.35448820746927
4750328,65756,436.78085751451067
4750329,731594,32.03405639734014
4750330,1895535,917.0010351147902
4750331,1871627,81.93530276657602
4750332,1356845,696.3494916536989
4750333,1171264,499.45385479103754
4750334,1123796,154.2386372196265
4750335,597612,599.1401692133409
4750336,15877,442.5281270893079
4750337,1700816,283.31629932891667
4750338,512549,117.0268024233012
4750339,1226460,119.54597549745982
4750340,1871706,277.2832715735771
4750341,1382419,519.427274872272
4750342,773950,21.24988714587306
4750343,407208,157.4166938704139
4750344,1077559,205.82937821611992
4750345,35277,412.79663342998685
4750346,265651,638.1433087152258
4750347,104016,365.3412419849699
4750348,533929,316.27243417881834
4750349,1478569,543.3436688953268
4750350,847241,674.3312863102258
4750351,394314,908.5610696169208
4750352,1605440,236.7622199291667
4750353,1861008,65.97742350723135
4750354,40293,867.2784394682591
4750355,523629,85.79040995911713
4750356,867974,232.59661380229602
4750357,1533703,604.5975516982463
4750358,1479337,219.52273998715222
4750359,1486094,959.6331014340294
4750360,646492,62.635642939463224
4750361,817519,426.8182535802889
4750362,1354066,731.3882223078898
4750363,1393416,43.63695061906192
4750364,1023716,731.9333578784172
4750365,1927,703.9045653657353
4750366,1440527,366.0406254507826
4750367,1369726,920.5609278683403
4750368,975936,700.7028221958093
4750369,1539170,387.3244018812685
4750370,509023,330.4109552587717
4750371,201741,465.8870162770788
4750372,1181259,194.22631568820591
4750373,673021,337.02199556533475
4750374,1338676,995.8837857728984
4750375,536166,33.730870781486175
4750376,1971451,199.04208083863196
4750377,649271,382.5254006926524
4750378,1246359,3.7072165475264818
4750379,1149926,684.0042906702608
4750380,180464,138.71225612921367
4750381,973390,3.6536781814002772
4750382,1304970,693.2509763990638
4750383,689407,397.1007098823794
4750384,1601862,728.0758943263303
4750385,117763,295.60554460074184
4750386,1870083,53.37510784145494
4750387,1251038,774.7273372440454
4750388,548182,829.6301645122029
4750389,1841683,957.276146975711
4750390,774065,941.3965311929901
4750391,172925,776.6632895237339
4750392,1581546,751.7473712833705
4750393,579683,331.13480809558047
4750394,325255,395.1686667764044
4750395,113150,286.1291928447984
4750396,1002221,607.0273098542294
4750397,1232723,213.25460235165116
4750398,570621,280.3354423339589
4750399,1176380,370.02062530283877
4750400,305282,54.23548860507255
4750401,1972480,998.8578049399617
4750402,875007,733.724230421907
4750403,119397,40.364864613096515
4750404,89361,736.4633381133431
4750405,107279,644.1916041297386
4750406,26713,576.5463020522179
4750407,742133,225.05672890976703
4750408,1708691,707.7494090327427
4750409,508425,79.71524143497399
4750410,353286,294.81721098543323
4750411,921346,993.3658267192834
4750412,1859992,99.1905980447828
4750413,674079,497.71120230247277
4750414,1286393,656.094721058209
4750415,1001694,525.1152482308754
4750416,824530,569.0188445574668
4750417,1384802,353.74817295165695
4750418,1895220,23.07207636445696
4750419,1798523,90.77925843975876
4750420,918965,416.20824957564116
4750421,40996,991.7157069629153
4750422,1068138,605.9254275509785
4750423,28821,730.8703120247537
4750424,869573,101.53262133109719
4750425,885555,957.5133999276648
4750426,1196118,695.3083159431206
4750427,22283,220.45782882719044
4750428,78261,218.88472559498175
4750429,1462251,957.6751287730089
4750430,1186371,577.611567939656
4750431,1223837,551.2499569795892
4750432,1350398,465.5973247210932
4750433,757381,810.0891477426669
4750434,435337,590.6524182098973
4750435,417878,782.0069932167994
4750436,1672579,147.7938645410929
4750437,1533667,189.26750739834796
4750438,1370693,664.8816787997519
4750439,945756,443.9991795294844
4750440,1664995,973.3833160063202
4750441,234591,295.944923053001
4750442,794580,940.4951846434636
4750443,779200,777.044413545755
4750444,1695756,758.5256164850958
4750445,286863,370.110625621293
4750446,943315,926.0802866631519
4750447,1632977,42.505642784566035
4750448,1324891,57.85676237403037
4750449,884170,136.660328189975
4750450,1398661,273.44547242659456
4750451,305640,473.5097002621701
4750452,980152,659.4581369790416
4750453,111567,138.11252136150964
4750454,1297200,201.61615622734996
4750455,1063890,474.19204371777636
4750456,834626,305.71010084523897
4750457,111907,804.5954965128387
4750458,1788989,345.78854325891115
4750459,1879829,526.5029268237305
4750460,608416,514.4106960467412
4750461,347110,628.2273258953504
4750462,965117,436.9227903517312
4750463,1249675,704.0446683198937
4750464,1825025,402.8856148667529
4750465,975847,456.4355904037086
4750466,282855,723.862255039961
4750467,1005624,638.0398386471372
4750468,1216909,764.5812708674297
4750469,1074908,720.1062879529916
4750470,792723,736.2869800887061
4750471,615948,569.9216800529637
4750472,892113,940.2207794821725
4750473,240418,135.31801855299264
4750474,892296,880.42419215366
4750475,157297,513.5858892055542
4750476,1530416,350.1066862764265
4750477,1434348,640.363115294117
4750478,1123728,328.70979432704195
4750479,1463481,265.3950563087151
4750480,125874,826.0941009608114
4750481,634878,135.73970262144363
4750482,853504,36.07566192087586
4750483,641396,750.1888862669614
4750484,480216,379.7553585757043
4750485,616085,472.355337870099
4750486,923401,213.7512501727231
4750487,425615,623.2696032389026
4750488,1136604,555.4343265080282
4750489,1831550,559.4845897316624
4750490,182046,555.8150869131737
4750491,1150551,656.6879483259218
4750492,1408583,520.6462897707241
4750493,366077,203.88578472846476
4750494,9550,152.79285250539644
4750495,302876,271.55970994646793
4750496,20435,805.7301916787768
4750497,1727836,159.81614708067238
4750498,1859403,663.999175271052
4750499,186153,116.46432097474036
4750500,1399112,11.671624742226271
4750501,576669,713.4796205040827
4750502,451017,737.6251827829395
4750503,1149422,620.4539105841061
4750504,1837239,575.5858641283849
4750505,491562,977.705249371802
4750506,236129,628.3600309672825
4750507,1086873,205.469365390073
4750508,556885,629.6202899702819
4750509,1658355,770.8909018483305
4750510,1927699,860.9748458030642
4750511,962153,734.590386886297
4750512,1110342,775.6279636190048
4750513,72347,749.5508129519659
4750514,419140,460.1686541062515
4750515,1868148,404.42518926617
4750516,1357715,956.6632184718535
4750517,1455911,425.7785865593633
4750518,596985,999.0782392856072
4750519,988821,587.50246421544
4750520,1639247,868.0368626056164
4750521,1632479,773.4251353956415
4750522,274838,297.3295015626961
4750523,215041,462.8051703320071
4750524,329890,787.8666930851579
4750525,309933,216.88501070955624
4750526,594046,416.19152372100586
4750527,1183187,438.47979144356407
4750528,1140213,565.631770541568
4750529,1203978,851.3987299256219
4750530,1575836,70.46149952938174
4750531,1036949,997.9550237625685
4750532,1119603,28.51364981086779
4750533,155514,701.1294588567313
4750534,1444524,834.229240235483
4750535,1685181,646.7662779293619
4750536,36318,743.2917957285979
4750537,1330288,840.8186453811871
4750538,109043,537.1484026810482
4750539,277899,694.3236572541696
4750540,597138,111.47960493479192
4750541,1837278,915.0951031959546
4750542,363093,837.7666006462268
4750543,1893295,3.599811874590242
4750544,1533154,304.79801528504123
4750545,1023541,717.1810080228793
4750546,1731706,305.0848173348649
4750547,1475876,467.5811240334511
4750548,253946,763.2604972035631
4750549,914879,902.2666225477669
4750550,1702647,70.56765557802814
4750551,1382051,545.4296570452408
4750552,1857699,411.8702082542667
4750553,583117,448.4781629205323
4750554,102211,45.54871116228432
4750555,861218,5.674208018521365
4750556,204087,365.3781317704945
4750557,905578,636.5365057052941
4750558,1711320,101.10521097589343
4750559,1670706,520.7431916712876
4750560,1796251,273.1115744202993
4750561,184570,18.38222004325063
4750562,1859475,490.1388916126913
4750563,337330,17.397660508940426
4750564,1598104,946.9775577604088
4750565,231775,813.235981057057
4750566,285366,177.26572564487785
4750567,1276635,451.3430161887223
4750568,789751,499.53946766377555
4750569,340329,599.9226862105915
4750570,90454,188.12452030854675
4750571,379517,500.82318842550023
4750572,1751665,15.045982711860972
4750573,933887,18.30364376011362
4750574,1774633,419.6136056594907
4750575,1307672,554.9062226189852
4750576,1511543,935.0548154021848
4750577,1260293,773.3071914020124
4750578,1712448,788.9483924580696
4750579,292454,60.833607530160315
4750580,1002873,778.3830814525272
4750581,668315,55.48166635985419
4750582,1249725,914.730293204459
4750583,1545905,920.6615183114455
4750584,461623,375.3281876543671
4750585,1065311,873.8841489143533
4750586,451410,136.43951534043276
4750587,73026,17.846668616558258
4750588,1359379,685.9835606421867
4750589,1424377,865.2428034301979
4750590,1075509,489.16141798459375
4750591,1664584,200.22173829356026
4750592,729687,413.5576763257527
4750593,680093,386.8234301587381
4750594,1252168,90.10562892493724
4750595,1602878,680.3457208413428
4750596,1188018,223.48680946723164
4750597,279565,871.3961894975093
4750598,1465881,888.8236077089637
4750599,119989,521.8120910078403
4750600,942379,868.6957917603758
4750601,1904544,75.9631678405902
4750602,906710,860.2309446947112
4750603,1586375,109.34778310288084
4750604,905724,195.75974765243097
4750605,1486506,746.5228903606951
4750606,122833,979.7740256539596
4750607,247437,712.6201083273705
4750608,140712,369.94331899733635
4750609,1044182,980.2870554476649
4750610,1976932,11.842153791681632
4750611,1295502,151.3536758788565
4750612,187008,218.20508728254862
4750613,397304,476.07756734687024
4750614,842307,302.7139770195354
4750615,1090009,530.0740542839594
4750616,707980,696.6179302182453
4750617,1036622,767.527573981863
4750618,122430,1.1177183642204769
4750619,1163467,98.42239278692011
4750620,1839056,413.51528050093845
4750621,977726,118.61380318253423
4750622,56188,261.6107891157813
4750623,530504,897.7488798480925
4750624,1236874,986.5768774323245
4750625,414493,216.37782342994603
4750626,1885633,424.278936306836
4750627,532608,676.9866253656114
4750628,1849604,878.3402690636109
4750629,753487,668.8009524300157
4750630,1470631,313.66836056646054
4750631,1300221,996.2489046094793
4750632,1559931,339.72492606298874
4750633,934247,543.0288766599183
4750634,693579,383.726585789954
4750635,1866245,27.76964938988835
4750636,1653874,692.1097063145465
4750637,1457808,46.86004624156159
4750638,497774,530.5765976820525
4750639,656964,742.9814293353893
4750640,249537,660.0511699633705
4750641,920652,995.416303791989
4750642,1632620,38.81835004396794
4750643,687946,738.1946197079384
4750644,112262,935.5231812319165
4750645,1013484,141.28831115842922
4750646,1192724,515.8511848527512
4750647,1046674,12.256848732338455
4750648,1937756,270.77661908489745
4750649,1500425,521.56737672439
4750650,663841,475.58653661105444
4750651,1775458,846.4507744845879
4750652,456425,564.7514072952895
4750653,1756530,730.3667325920467
4750654,1297228,862.0076201820752
4750655,1210491,906.6571604792673
4750656,982637,465.0084446752634
4750657,563568,825.5054822667396
4750658,1309843,622.3439736479431
4750659,597296,277.5620949071318
4750660,1540364,226.28567790324672
4750661,809282,895.524728059626
4750662,681046,844.9952928217709
4750663,475975,665.7723206900695
4750664,927083,333.3698729674154
4750665,1762476,690.5943687433709
4750666,1487488,504.7091054084586
4750667,1534757,931.0305923151473
4750668,1218013,505.57444588504296
4750669,1941097,293.3914060956332
4750670,860332,591.0344472311655
4750671,699539,641.7924543697399
4750672,158304,223.87088792732968
4750673,1791135,963.039971556235
4750674,605002,729.3094746545057
4750675,974727,351.49077202838544
4750676,1275205,811.886533525092
4750677,1991936,807.7480143945845
4750678,1947023,700.0179893312264
4750679,1264532,653.9435526897487
4750680,179760,776.6751600691158
4750681,1189859,357.3664530908881
4750682,255827,836.497341190215
4750683,197149,205.00400624856164
4750684,1540250,546.8552808715907
4750685,1730896,188.48017799527761
4750686,1082027,734.0640736572942
4750687,1704246,144.21307737009326
4750688,738771,522.4812244650776
4750689,1992978,425.2854948635375
4750690,287401,778.057848261299
4750691,145465,384.4057561323798
4750692,315668,782.3952667114755
4750693,1193375,176.9018019808739
4750694,747537,699.7743828384334
4750695,1348831,534.5889290854626
4750696,358501,472.2562484613424
4750697,1044892,632.6450239433312
4750698,1019811,917.8673133366043
4750699,751182,449.7275852198751
4750700,1079171,647.8151014499356
4750701,1857448,88.19634053207336
4750702,1410202,102.25648740783144
4750703,1656922,524.0468391936561
4750704,266554,40.91146334170315
4750705,833963,15.442160242469804
4750706,642134,127.26715288997781
4750707,1156066,196.94720738078442
4750708,1401177,21.53768483255525
4750709,346817,569.2209922669654
4750710,515874,20.002920291570025
4750711,1704907,986.660756797703
4750712,1569095,331.8235290768968
4750713,1109066,859.7556976645101
4750714,1656856,147.88278743626682
4750715,1218467,7.525607578478755
4750716,1175996,960.1111060777299
4750717,1326874,498.3548415143749
4750718,284072,538.3703535561307
4750719,404829,26.675753993322672
4750720,1496978,612.4197435981358
4750721,1537856,763.6020040777588
4750722,543040,170.32313080216687
4750723,650285,465.0669528502661
4750724,326593,621.6159149933444
4750725,1728126,705.4391174678808
4750726,1329039,340.59903429519625
4750727,304136,58.00579248412085
4750728,556017,667.9465171075896
4750729,890090,796.4604476011764
4750730,46403,45.50399079285861
4750731,734480,421.1800921456892
4750732,768728,473.1689919133032
4750733,1972942,68.50856488814172
4750734,423247,608.7110667695973
4750735,646503,280.8510484098872
4750736,1962418,110.60150634922682
4750737,1197715,380.90056131207496
4750738,600137,919.285690816199
4750739,1137041,892.8737909798145
4750740,169194,200.74507413021746
4750741,1745783,448.5238002626196
4750742,9704,911.5274070817812
4750743,1245813,81.9320084571371
4750744,1520115,902.6071226214285
4750745,1265755,279.76253600131815
4750746,1165778,387.33438906997253
4750747,202923,295.6367640438421
4750748,1289431,30.701661313134675
4750749,205463,340.9865217636867
4750750,16765,695.6293798377437
4750751,1936557,64.89840738061481
4750752,1100611,11.910699610804155
4750753,325490,699.6626593307592
4750754,386988,256.8203842153255
4750755,198090,362.5094832234198
4750756,1128817,626.1174278404418
4750757,1363567,360.4933310755083
4750758,1588779,191.22532710758978
4750759,1703790,26.759229290886143
4750760,18410,212.45854790904406
4750761,1521159,241.88654028037016
4750762,321216,237.37791607359205
4750763,1361632,3.4579589570956637
4750764,1897453,668.8666305769639
4750765,1718922,966.829819829323
4750766,1866695,779.1803225917181
4750767,1101932,284.7563771412703
4750768,1649320,385.3082978343008
4750769,310612,250.55195504384986
4750770,1982548,766.2824481952831
4750771,696859,719.9937957245783
4750772,1528661,560.1929989820233
4750773,414249,550.3377635478805
4750774,1399479,720.2179333098475
4750775,1586833,81.00618085878952
4750776,1920178,376.47016889305627
4750777,681427,874.5750702465992
4750778,734546,436.38596180906575
4750779,1541330,181.9131709302051
4750780,493956,542.7831559889522
4750781,291251,209.38748486229088
4750782,581688,722.2543246597468
4750783,1269,389.0984037750682
4750784,104379,192.94946113792167
4750785,1129095,693.0788411848985
4750786,1399143,191.24487650756294
4750787,1180131,761.922222862411
4750788,878438,575.3365807852507
4750789,215936,521.2504595688579
4750790,1158454,541.3611058490399
4750791,219220,986.0689483013724
4750792,362013,356.10452734011847
4750793,1044194,652.616393565114
4750794,1058465,376.5787984137512
4750795,1175553,481.76980759714417
4750796,125688,879.061527979478
4750797,1939861,762.9202369399084
4750798,1897985,10.723899429840644
4750799,417810,867.8657591901823
4750800,72612,648.7429120056393
4750801,932816,787.542287722698
4750802,445939,550.2358993414173
4750803,713490,898.5262589524464
4750804,966041,70.7496280276797
4750805,718231,983.108202837361
4750806,191383,951.0685250226556
4750807,949589,94.18043557390465
4750808,1350474,132.53356369976987
4750809,682824,797.251261981358
4750810,867270,565.6963687527451
4750811,1003846,948.5292688310146
4750812,546124,714.6417693982809
4750813,1800843,606.0311205563702
4750814,1891755,268.79586284637367
4750815,732405,760.3208244614244
4750816,1627335,691.5074474398397
4750817,1003457,884.9824771122197
4750818,575140,117.97879353340535
4750819,886319,950.8850779148651
4750820,1096580,467.0450340543699
4750821,1676538,415.3552842845799
4750822,820536,661.3167719719504
4750823,1948641,6.421812061062737
4750824,264345,169.34679984370925
4750825,1150393,849.6245660750209
4750826,1294078,272.38568748174384
4750827,1527673,674.3305819739567
4750828,1606361,712.8715295463077
4750829,155538,322.53324011118434
4750830,451294,36.67748029670959
4750831,648647,593.7269951974263
4750832,1585761,297.210462543922
4750833,343655,827.6580666404262
4750834,207585,255.24765096854884
4750835,1011290,790.2811636268651
4750836,148453,90.30696684395134
4750837,1138767,469.134964285481
4750838,898410,691.6254799220112
4750839,434554,79.85002890660198
4750840,873997,169.30393688045652
4750841,1335400,936.2116510382552
4750842,424041,147.142448165841
4750843,1188624,686.0122067815088
4750844,1538082,155.08032612990385
4750845,385219,169.43036106955978
4750846,43572,592.6309440302066
4750847,1660676,788.6984132148187
4750848,128704,314.55162853897565
4750849,1029846,236.1924071387388
4750850,1493214,95.24623403000376
4750851,1326734,225.73717235609303
4750852,755623,320.43769458657346
4750853,904676,198.13979162770124
4750854,1820008,476.2471338611568
4750855,1625727,533.7429620806743
4750856,1137291,229.57682067328955
4750857,1915418,533.8132295861288
4750858,1297451,149.37568667355728
4750859,1505379,661.4063995087876
4750860,303587,86.00884815612675
4750861,676837,134.68776792939076
4750862,1519745,341.9747073928772
4750863,1001683,161.00087231633808
4750864,1029467,902.95854109601
4750865,341254,889.6179932541717
4750866,14803,408.8489364733572
4750867,230379,382.20850906621604
4750868,1314715,551.1148533048103
4750869,1934683,106.50825969007983
4750870,1335935,909.5858515998239
4750871,902778,781.397159983808
4750872,433404,596.9782595759544
4750873,1681554,1.1492335098953754
4750874,1999648,201.00643802560992
4750875,1703849,353.6981232536377
4750876,1393303,315.48475887642945
4750877,1188198,680.6211612929393
4750878,1270751,80.8734531899531
4750879,493826,97.06247852277583
4750880,132391,902.2796066415274
4750881,781202,132.97379028609012
4750882,1089371,97.58339888683187
4750883,391457,11.659577384227182
4750884,570258,929.7685708387543
4750885,43319,769.8167426324793
4750886,1738380,378.67677787731037
4750887,1216270,373.06233517007513
4750888,1742606,191.35945766118147
4750889,155040,790.9615697616647
4750890,1929388,965.7494310494031
4750891,1845490,757.9693197802872
4750892,393239,756.134702016106
4750893,1770792,505.7888193637534
4750894,1883024,797.0091092874495
4750895,1027942,283.60062843056863
4750896,546062,319.29030956112535
4750897,1041339,786.2690442515681
4750898,271928,582.9257641269016
4750899,1092850,46.211602731804135
4750900,841337,682.4897880041776
4750901,1125012,37.07955214019676
4750902,510334,895.8527254081968
4750903,1150688,935.0955000845983
4750904,753789,30.93089782264147
4750905,1991148,78.37878411355615
4750906,1680265,693.7459571626066
4750907,1249124,680.6953242793088
4750908,65317,803.8615033118026
4750909,1467416,722.9937097387989
4750910,1838309,860.9561144369734
4750911,893654,102.81105266039114
4750912,652081,335.3402809994532
4750913,1165454,240.19218099536442
4750914,1154942,492.3580367697278
4750915,1060090,446.0910154098513
4750916,1491275,514.102226182508
4750917,1304292,662.5366156391899
4750918,92583,934.0927343354584
4750919,1509697,248.00716750709407
4750920,1735042,970.255558691336
4750921,365734,291.1029347808809
4750922,1457632,246.58843739250037
4750923,549477,955.6936286031005
4750924,950618,158.54791532550695
4750925,1708028,631.3766998605835
4750926,495928,900.195993996312
4750927,1821099,675.9884037292758
4750928,1325388,931.2758134977321
4750929,32209,500.8905599569212
4750930,1590286,761.9307763787901
4750931,1004061,190.50338870151595
4750932,345165,633.282418281432
4750933,1914769,716.3283631161144
4750934,1426882,864.2614121521061
4750935,308165,554.7017233194018
4750936,495532,657.4210134251641
4750937,875484,10.218461345050667
4750938,605896,47.41070652798507
4750939,62880,926.9455172877475
4750940,1678132,898.797071935495
4750941,395171,469.1354047098922
4750942,1418604,137.89121765850388
4750943,1066642,779.5481822396132
4750944,609132,433.40586279448746
4750945,411000,300.59733556058234
4750946,221031,989.5872599531007
4750947,672907,898.5040505405749
4750948,1042586,195.71742169691365
4750949,412077,859.615910850942
4750950,1962383,457.84923498210304
4750951,1602028,996.0546810326408
4750952,466162,428.67249836204746
4750953,1624307,118.18128256785532
4750954,1795289,576.3089485880796
4750955,1234022,860.4358242431991
4750956,1360997,273.50558522704705
4750957,1986097,487.51268063785244
4750958,153855,641.2318698511419
4750959,327651,873.6321194621498
4750960,1203627,149.72955595431247
4750961,1895765,734.587570113855
4750962,1266541,627.9948022886246
4750963,1489375,240.6382773281788
4750964,1592910,464.7611249351501
4750965,169951,720.6752692908946
4750966,1006544,249.5454757917852
4750967,494987,428.4514607261063
4750968,1552949,453.5644124346056
4750969,204387,674.9384622060223
4750970,508929,218.57817404887493
4750971,818924,421.137840215541
4750972,476812,632.061148409865
4750973,977329,9.186440792291805
4750974,659002,622.4024594172939
4750975,1426271,219.9760130695183
4750976,1724231,734.6842106542246
4750977,1239861,822.3427881311627
4750978,920608,599.2664299349848
4750979,1983282,102.66565349602486
4750980,1807941,283.4689700690334
4750981,736156,248.52924481087723
4750982,610048,68.25954675635614
4750983,502007,39.403880267973925
4750984,46229,50.184387477880676
4750985,745066,827.2202224619422
4750986,1229024,693.2586339331189
4750987,646480,862.2377334572316
4750988,1648783,350.1621457901276
4750989,1258072,406.4603571143819
4750990,1582940,361.6268210432539
4750991,1187585,683.7621088305085
4750992,1047455,36.4475618021981
4750993,413282,89.5653988210845
4750994,1843409,874.3331237768848
4750995,1087753,176.7298804908155
4750996,7181,731.9393531685737
4750997,812258,175.45659737020293
4750998,729171,823.2645934157
4750999,1781127,34.40971921409752
4751000,860318,677.1013893451413
4751001,880829,117.01552818145089
4751002,252220,422.3930768178532
4751003,134074,14.739495323968788
4751004,972576,400.57567219800615
4751005,625555,401.00786874284677
4751006,1068810,40.37821379958029
4751007,503837,275.3254934886257
4751008,1326888,161.18735551329488
4751009,1619520,854.8408746662456
4751010,847238,804.702783140155
4751011,843907,50.768273083677265
4751012,103478,500.2720554435246
4751013,1281495,769.776196560216
4751014,1526073,702.6266130172941
4751015,274102,118.70568831871064
4751016,1727854,610.2891601758166
4751017,1959533,579.3519211468767
4751018,1503656,799.5209232626097
4751019,1475179,979.8946674398908
4751020,50094,637.7665078229771
4751021,1710192,423.5666223869029
4751022,1070161,534.0585981299315
4751023,686723,606.3964783378981
4751024,856332,9.59717312750541
4751025,121172,645.3951527252322
4751026,1049958,665.8524881572442
4751027,556545,885.2978100658701
4751028,1923483,43.622314152430455
4751029,770908,716.3321973494435
4751030,413315,188.33867428981355
4751031,380464,380.27681375116526
4751032,803969,789.0881595908738
4751033,1708502,114.7101231768719
4751034,409986,886.4119508162928
4751035,601173,841.0316764940377
4751036,1154897,843.2529188297314
4751037,627829,762.7097316711521
4751038,808741,524.9478510827155
4751039,697070,979.6040900258743
4751040,1625138,873.0572562620065
4751041,235843,776.298071296402
4751042,361100,809.772737282593
4751043,1097130,893.5380898110905
4751044,791289,719.5252699196284
4751045,1372514,815.5046131543065
4751046,1131166,11.497002709958238
4751047,552188,970.3218370360223
4751048,186578,107.38080061839905
4751049,1298171,66.35203571975545
4751050,558031,221.889831106573
4751051,509574,327.2516140547381
4751052,1113781,359.6375550070512
4751053,1806426,526.1677883953558
4751054,1679592,955.9902209887795
4751055,1062279,737.8498071864578
4751056,1565335,861.3119412324431
4751057,224524,782.7832181195419
4751058,1043160,543.6414055113725
4751059,631495,814.1420819071618
4751060,847999,281.3022236172191
4751061,1427825,530.287762219423
4751062,1082287,148.3649112623946
4751063,167831,610.8987555028381
4751064,1104667,283.49035747788474
4751065,826194,785.2159763249614
4751066,784686,110.36506814761616
4751067,223179,153.02896379345975
4751068,1651005,609.891945166662
4751069,65566,118.78497594930903
4751070,575186,323.46195445530503
4751071,1477139,106.36087995306565
4751072,200230,840.2143421965392
4751073,1197976,402.3989807014626
4751074,1166514,169.83233583442615
4751075,318148,154.93746428782273
4751076,1055686,649.4770208666129
4751077,1432927,61.85108007985684
4751078,1137087,944.6072392275281
4751079,1527877,938.4880077908463
4751080,462753,609.6725947985856
4751081,1807082,801.0545340209092
4751082,1007067,630.6472895791499
4751083,293596,878.928465394691
4751084,1109553,690.6922606462334
4751085,1706570,173.47618434602208
4751086,311060,2.312748170646195
4751087,769811,780.3386274988945
4751088,1892356,395.6924431564949
4751089,1896642,583.2747214224559
4751090,353429,827.992932879785
4751091,1398983,999.2126770580965
4751092,656650,971.2214886828717
4751093,1331325,110.20543305051378
4751094,1760189,245.4067830714165
4751095,417611,535.744472526967
4751096,1004675,133.44444705255987
4751097,1064859,323.33031370913443
4751098,215572,551.5583183264984
4751099,866918,214.38354701765172
4751100,256503,843.2524746921923
4751101,986971,319.23233963918784
4751102,828926,466.89982836349975
4751103,153414,979.9950110078902
4751104,1720299,14.590739767883608
4751105,1032296,57.73772478676764
4751106,65763,565.1343564757852
4751107,552705,58.63588753844873
4751108,1774025,231.86969886708553
4751109,981053,325.23709795873623
4751110,1509881,612.5553618709275
4751111,1703938,73.93242559422319
4751112,1324714,583.4863491440598
4751113,116066,934.8844684025266
4751114,1565910,894.2837349656986
4751115,150712,896.1812051733767
4751116,1080694,85.64557910427418
4751117,519427,303.9390683669544
4751118,1813905,618.6272354228096
4751119,743326,351.75798427589376
4751120,901725,260.3565731431908
4751121,1856540,279.3211595675995
4751122,1455493,985.7525744138543
4751123,1701947,62.28661642774114
4751124,537842,372.68834244965166
4751125,912989,83.18562175617761
4751126,475006,62.73793046433496
4751127,1742863,61.6110819231217
4751128,541150,939.8364802623885
4751129,257831,833.3655539167546
4751130,1236289,736.8589497772505
4751131,1626900,324.3144687629418
4751132,285022,192.4638239537756
4751133,608468,194.5044863827594
4751134,1454158,90.4910356640779
4751135,1105148,258.5543632508531
4751136,925761,147.73510764932774
4751137,1268157,321.68804191554955
4751138,1664410,600.1616727747399
4751139,1707791,185.90614725136834
4751140,1536070,231.61035014430243
4751141,175898,417.98662399704324
4751142,1505484,793.2401850694214
4751143,1123253,373.7855713726932
4751144,1193805,290.3451407558548
4751145,1072979,634.9835876241159
4751146,1672906,677.9995910486668
4751147,1168443,117.24000842993976
4751148,1363179,588.2025404167341
4751149,1220972,212.58925507629743
4751150,102878,33.24715154104252
4751151,318171,753.4120873614189
4751152,90531,703.6456322033403
4751153,717109,765.9485586336957
4751154,903124,383.2739188292731
4751155,1293198,286.402285678144
4751156,260263,57.28323287900772
4751157,1247550,486.12507171893316
4751158,1919084,539.9305984452969
4751159,1183323,771.2001288036258
4751160,689541,354.5997280765717
4751161,364216,78.20110718532092
4751162,1141500,41.42419853479717
4751163,1949656,400.8333499104997
4751164,323753,353.1828464624492
4751165,1611123,756.7997082737611
4751166,911040,639.7043433491483
4751167,571389,515.392475996382
4751168,575276,915.5840842623485
4751169,1032052,750.1094813121707
4751170,301652,220.97053269023337
4751171,528343,850.4634094841126
4751172,1583492,766.6712816008554
4751173,1754537,16.86024395241381
4751174,999968,425.09677851949755
4751175,1492650,352.0156987695978
4751176,1624126,301.37190654582815
4751177,185687,618.8737794699988
4751178,1238999,108.42025404906653
4751179,648167,62.802945885315545
4751180,1148900,524.1306792502774
4751181,1943345,666.3760098581323
4751182,862244,246.01697726943138
4751183,1970546,964.3354069948489
4751184,209645,486.2537085773193
4751185,1342695,224.2773106498811
4751186,718129,26.618598361237034
4751187,1245186,909.1638522389271
4751188,590578,457.8880174763894
4751189,1789036,997.5526038036329
4751190,1664097,190.72565993227886
4751191,578557,762.3790866802497
4751192,413543,938.9563254181712
4751193,936336,695.9145380464252
4751194,1793729,313.61217937410214
4751195,983587,595.6403947144432
4751196,848402,326.60921464967
4751197,325181,423.10081272337305
4751198,878960,572.4332698915824
4751199,1629157,433.07982238450694
4751200,1150081,888.4522788777223
4751201,1218705,172.18969240661386
4751202,17690,564.3271278990451
4751203,150451,939.9686274046082
4751204,298509,778.3297587488602
4751205,112351,857.9546120791883
4751206,781852,237.43176576996495
4751207,1766696,932.5763282396613
4751208,333892,469.16812131926434
4751209,1867029,1.8137061338751037
4751210,467649,946.2986028958948
4751211,31648,223.84315714870573
4751212,48691,79.04000120654774
4751213,1155950,881.7650866136023
4751214,977010,792.1043730485396
4751215,429647,156.22250057911668
4751216,753570,65.79302486971716
4751217,682208,816.9398897933936
4751218,1931762,480.3422067889709
4751219,1167310,160.8207377655294
4751220,53830,201.16578567774945
4751221,1012498,315.1291922449965
4751222,85905,707.888108602745
4751223,1102777,970.2761368565729
4751224,671994,599.5095266357893
4751225,1913972,605.284769616643
4751226,57100,313.46516880742206
4751227,1898687,359.5951454565646
4751228,1598345,24.911340469843225
4751229,1291896,219.0094945618869
4751230,512924,424.8307497757665
4751231,654101,900.0863930277574
4751232,1243948,229.6194284678741
4751233,231308,736.0792542859373
4751234,1518273,319.90804614360036
4751235,1460806,740.4167931005246
4751236,445592,123.8035975986499
4751237,244808,611.2508912240999
4751238,1623633,411.1012904661171
4751239,1236839,932.6062789715689
4751240,1917330,895.3045173701679
4751241,1918888,18.21611985907534
4751242,1291107,635.2844224177936
4751243,757288,318.31764168589115
4751244,1994038,132.72317210202144
4751245,1553039,164.1734749799919
4751246,1024448,520.7810329129761
4751247,279378,337.20171281907227
4751248,815675,472.31231543221355
4751249,1647689,258.79879302249856
4751250,316971,545.7453371611682
4751251,1991248,453.8280300177244
4751252,408677,780.9220034313804
4751253,789365,275.8271028596677
4751254,1050077,684.951568205437
4751255,1473806,187.286784646164
4751256,1455913,548.4416387404452
4751257,1054956,292.138977050124
4751258,676064,981.4287743391603
4751259,1173385,979.3216097349009
4751260,958747,412.5611314223547
4751261,877595,944.4254410426636
4751262,1345899,137.48526353703238
4751263,417673,529.4090977083769
4751264,17843,722.8363244616498
4751265,1028603,193.5343736451831
4751266,195798,754.8966725730005
4751267,1720224,269.97897269986373
4751268,1368873,519.730110227438
4751269,832580,937.0331630443397
4751270,720601,826.9638074826632
4751271,1614556,605.1195630923969
4751272,365558,83.76613169875435
4751273,488882,58.79320905237051
4751274,816868,32.64049616524134
4751275,1675045,525.7726446629686
4751276,1295705,71.48544106734533
4751277,920444,919.0495147107534
4751278,1236631,990.6869966906735
4751279,1808389,885.0875473717846
4751280,1832212,167.6709299361878
4751281,1352623,721.8278278675369
4751282,810897,915.069712149063
4751283,690220,17.593527513481533
4751284,1675776,465.83454312400363
4751285,1881302,401.64502609942997
4751286,505443,985.8232997139851
4751287,639580,856.9575009393615
4751288,1856537,602.0433511046884
4751289,223060,490.4848083621899
4751290,1571949,616.427396466548
4751291,109504,888.9340273574746
4751292,193391,623.6203121255921
4751293,1437959,10.808336838966648
4751294,56254,914.912074902038
4751295,1297374,231.72017508159436
4751296,626531,757.9572131972327
4751297,1049369,444.1406692192761
4751298,77160,20.990650042916116
4751299,351084,933.3470547821704
4751300,440009,41.71164584568143
4751301,1864065,577.5048635175586
4751302,816825,185.07744260044922
4751303,88870,958.7716220285529
4751304,673824,916.843325576142
4751305,453270,509.9274450902212
4751306,937257,408.89544725580663
4751307,1946753,739.3326708190342
4751308,1545413,985.9882477704532
4751309,1681906,481.60579984853246
4751310,53587,335.0285698191754
4751311,1869069,520.542988845428
4751312,1221579,7.883656207481438
4751313,76487,381.5618636660837
4751314,1195852,233.77398803181282
4751315,1801390,876.8123459196606
4751316,422712,497.2699628467259
4751317,1613603,578.378075337127
4751318,102679,904.5720481082933
4751319,1982376,564.996783532008
4751320,465608,420.6521126962396
4751321,1611549,522.3779112648675
4751322,829669,378.43009891853876
4751323,19341,878.8792041556662
4751324,577354,15.835217159088423
4751325,471110,131.76990957643454
4751326,208852,801.2778697954502
4751327,1535703,111.84464677859319
4751328,565673,332.5075571897819
4751329,37343,621.7113460727478
4751330,1872785,875.9527111214404
4751331,714233,852.6508765987649
4751332,260532,84.88285339647739
4751333,210189,384.24441054814196
4751334,1117842,746.4237835903783
4751335,1494488,382.1200032248373
4751336,1422101,454.4745870457747
4751337,1461960,26.990838237025415
4751338,387469,849.8042772607542
4751339,179623,495.76296374408577
4751340,1202721,291.09223789809005
4751341,435888,440.9090819942085
4751342,26645,625.1775235992683
4751343,1038209,297.80351911990766
4751344,1209485,943.2329821253765
4751345,1082436,185.84633549528164
4751346,1829646,389.1695451065718
4751347,615961,905.3789820465768
4751348,275711,136.92264250354813
4751349,1591715,124.7907780788755
4751350,1824614,34.30647961038047
4751351,1075602,277.6841163951318
4751352,921514,755.0056952310132
4751353,1585728,791.5646020189046
4751354,329232,212.1639949270765
4751355,1525133,546.8142537978864
4751356,1660006,235.79715221750874
4751357,1973695,819.6841511289674
4751358,1180172,194.92505717383423
4751359,1537861,205.31645727949544
4751360,1172603,564.0484102257801
4751361,312727,88.87346032938237
4751362,230217,565.7080496995438
4751363,379190,360.44496651655777
4751364,956880,871.5241159098027
4751365,1174964,343.4488912529693
4751366,911134,479.5171712692139
4751367,975814,115.79000792432004
4751368,981818,227.03927614691622
4751369,848422,557.3881220415451
4751370,850988,757.987316302172
4751371,197873,253.10908214106908
4751372,1920459,504.07581539922484
4751373,815449,226.1338854779742
4751374,1092290,703.4777880547011
4751375,236181,218.88032273260282
4751376,435130,736.4172022755159
4751377,1780493,281.08761635981125
4751378,1734312,498.58395895988815
4751379,1054803,136.48783546203913
4751380,443915,520.9030735421255
4751381,364181,727.434216768794
4751382,552313,810.5568855854295
4751383,642613,456.3684802073761
4751384,111054,625.3844317570821
4751385,887442,19.44313534420139
4751386,470509,917.1609439481681
4751387,658003,828.2570857122929
4751388,823015,278.66720915314704
4751389,232013,933.3857109498642
4751390,1030686,710.4906814869529
4751391,131555,79.39149044120342
4751392,644107,798.0685554742919
4751393,503844,284.61910961928163
4751394,346893,554.188184872172
4751395,1745469,841.5518020583984
4751396,1488552,508.71359279529537
4751397,1303608,811.3044769533792
4751398,1150134,88.99758588839678
4751399,1158093,766.6538633993862
4751400,665167,745.9317252867809
4751401,1114718,795.3013002605431
4751402,1258505,549.7249348132468
4751403,1350605,914.2140117407789
4751404,1974027,305.39113151868503
4751405,1140849,758.1744032189249
4751406,1837687,899.6333522230068
4751407,1220976,431.09734221458143
4751408,1240520,463.21787870114383
4751409,809090,49.348357637975624
4751410,838412,785.5275376325957
4751411,1122327,52.530840031288385
4751412,121122,507.495844288974
4751413,647717,240.3536775489017
4751414,1358149,303.02840153779266
4751415,801053,70.06466481833785
4751416,1020392,413.59667971734524
4751417,210962,974.2027021685805
4751418,1257284,426.033202490445
4751419,1678592,148.35861121557747
4751420,1199859,602.4338258040881
4751421,149496,402.7333687255208
4751422,335838,673.3052473402045
4751423,1359509,91.6256089749925
4751424,1572242,921.0728288039439
4751425,1696076,446.225812398384
4751426,1428477,116.26192045215188
4751427,1432353,71.06801945473728
4751428,992820,742.6720864848421
4751429,966495,11.260887956410226
4751430,197835,941.5162958101325
4751431,565885,696.2358875096876
4751432,95483,711.7456286289662
4751433,1561720,709.251150309649
4751434,1285524,552.4385815048348
4751435,98583,662.0563593327412
4751436,1832527,652.1866726061705
4751437,1781760,666.0598724816813
4751438,877577,970.5072780413674
4751439,547402,583.1533927226081
4751440,1826985,818.8553787903469
4751441,332739,250.16368439872016
4751442,1940243,241.7862008673175
4751443,1609462,41.153201274628074
4751444,1893972,450.9554732501904
4751445,1562876,309.7987921364592
4751446,232060,150.1460605838837
4751447,1790456,832.9065101238161
4751448,1034748,451.8681714353137
4751449,774271,601.0449980303358
4751450,1296848,181.72791128581878
4751451,1574354,812.0518840733286
4751452,913960,668.8482812367537
4751453,1497224,173.38003007376423
4751454,1878590,909.0855337283607
4751455,210151,193.1164127021935
4751456,1155162,565.2035659582359
4751457,174327,480.07245105749683
4751458,702249,870.6056258415157
4751459,1821643,709.7117366130032
4751460,945177,941.1661149986454
4751461,1375553,896.6497252422263
4751462,1411529,911.7707291896687
4751463,1499239,633.7900723627429
4751464,259576,231.50272723809195
4751465,235194,752.1432306601658
4751466,1824826,289.46927870392403
4751467,888626,405.76293630894935
4751468,1148033,9.140375229452658
4751469,1044991,288.3999915543879
4751470,1571229,279.0551039452629
4751471,55654,260.1609279226752
4751472,215644,683.1626678456878
4751473,1720966,539.6177498049356
4751474,690333,103.34489197752616
4751475,1702078,717.868328479882
4751476,987792,134.07495120569678
4751477,402865,527.5629353424923
4751478,364744,759.294473613588
4751479,1161889,950.4186160326914
4751480,478961,2.238387628209826
4751481,1987458,384.153942766111
4751482,817107,162.06084448543268
4751483,1364556,417.4127079916512
4751484,836075,727.9456643696668
4751485,874588,260.00989523213
4751486,288837,911.5966868938681
4751487,606700,762.6884649922009
4751488,1767713,74.75187582059107
4751489,657550,40.08099664873266
4751490,900922,821.3389265596668
4751491,302728,931.2438145360032
4751492,1166359,359.06660716059855
4751493,688129,482.52965236630905
4751494,829203,352.21995645485885
4751495,1662661,889.3970939907728
4751496,952844,297.8993870648253
4751497,1574217,487.67992146679626
4751498,414094,767.5295750428471
4751499,11230,283.8258248657821
4751500,536063,733.8253573390926
4751501,1002664,100.96860060740853
4751502,198870,618.6337208079332
4751503,1915737,532.1992110269795
4751504,1684766,964.4022720998979
4751505,1076361,902.0033527564113
4751506,1351201,630.6813645049756
4751507,410795,494.6350838041453
4751508,826154,339.3895806296204
4751509,1126180,132.43590819372707
4751510,671083,43.928859940829625
4751511,311550,385.43127890959397
4751512,1931526,904.2913010375692
4751513,766530,676.9534069912191
4751514,949551,836.6905148095583
4751515,107152,269.2962505169043
4751516,48098,468.1381179552522
4751517,1767210,450.31181006445354
4751518,880556,424.58150011917684
4751519,459937,872.5279925275976
4751520,1653343,477.54520423300926
4751521,819473,5.445203219866301
4751522,1564340,325.572832989081
4751523,1498887,651.7677630966375
4751524,1498125,350.64263170208443
4751525,295810,52.83688654849128
4751526,540712,631.3182531564898
4751527,1058830,813.3614413464279
4751528,803707,210.08909397643492
4751529,562015,518.5854266666656
4751530,176385,537.645071838524
4751531,847306,929.3898674301536
4751532,1123985,987.2366553143137
4751533,1073405,577.144755273707
4751534,1559961,789.6386048245414
4751535,998713,900.2936458075277
4751536,1383600,646.155725344052
4751537,1978158,347.63095084381115
4751538,815827,198.65814039586894
4751539,1859576,905.3683835185348
4751540,446550,121.11151947666765
4751541,452905,746.7949293916931
4751542,213154,530.5339490709102
4751543,729650,832.2845400512591
4751544,1923713,377.7319228245686
4751545,960490,547.4587629898475
4751546,30825,43.72474709661856
4751547,480072,877.0955445924914
4751548,468346,569.9048807422902
4751549,1893961,458.9737281115711
4751550,445966,990.8002977315834
4751551,1779322,741.2191846395007
4751552,1772197,149.91234463819558
4751553,335857,667.4773716317846
4751554,1174298,739.2678090118135
4751555,1968194,49.273823669034876
4751556,27997,164.40864183773363
4751557,1421222,967.5252366022072
4751558,679591,109.76898792001954
4751559,1387471,208.6349213395533
4751560,1020346,553.0698475883182
4751561,1706317,408.87427281555057
4751562,1916513,478.4458176090235
4751563,17735,539.730548486842
4751564,1095047,824.5270678621823
4751565,1822086,218.23888933597922
4751566,1876994,14.13154671878203
4751567,819625,81.53174532923447
4751568,1965608,440.7405659256077
4751569,1057835,116.6592497743868
4751570,711855,1.9675370848564189
4751571,244374,180.25634488056298
4751572,590848,90.61289016317798
4751573,1641732,791.3865391937501
4751574,501689,257.55411689411955
4751575,1483089,367.2918785949728
4751576,356017,901.4588559825326
4751577,1383425,417.4567837618365
4751578,1483665,970.8433154019493
4751579,1269135,211.38368164078793
4751580,1253580,502.2897320350833
4751581,945291,75.9122589687925
4751582,28590,138.31892784410783
4751583,760837,448.0634639286146
4751584,875774,473.7557861204102
4751585,533463,184.01175572463313
4751586,1381411,113.30000939362883
4751587,1855169,168.23000509393836
4751588,1859506,778.0430448001528
4751589,1723145,120.80886822483905
4751590,478320,528.26951031707
4751591,1152889,670.7940681085955
4751592,1747512,766.1412629454032
4751593,1161438,495.7964733722769
4751594,405094,167.79038101065447
4751595,1345849,395.64787871877473
4751596,279570,92.37685759640313
4751597,151889,200.65752664215742
4751598,667388,413.50518693690486
4751599,914829,95.20569843441373
4751600,1236507,424.4690679972386
4751601,757535,543.5032759686379
4751602,1856466,763.6500845522288
4751603,1720966,144.60751835798104
4751604,1092669,414.0852973880558
4751605,847106,399.65395084119484
4751606,1484396,706.1736905170136
4751607,1816089,339.1253613268149
4751608,104113,658.355344058532
4751609,1530104,111.70070379423458
4751610,349624,575.8293024896919
4751611,876510,971.1986971085861
4751612,451773,361.00936545600604
4751613,991647,316.0550755427297
4751614,1712383,888.5657950489681
4751615,1283533,140.9029503641349
4751616,1777174,355.3971181099225
4751617,1454842,990.8319968399542
4751618,809170,937.5598771164027
4751619,470560,968.8521357716821
4751620,537254,312.5145475874862
4751621,1944618,275.23713323661315
4751622,1922721,630.6018933790417
4751623,65172,377.407442058376
4751624,1096647,375.7549434431664
4751625,1823798,178.8365262303845
4751626,785948,600.8676056801796
4751627,1756461,959.4531200373594
4751628,1894218,123.00178209041101
4751629,530955,474.37806265805506
4751630,449740,381.4932611097008
4751631,1525079,282.494339251369
4751632,173026,462.6299293420806
4751633,96093,842.254255991603
4751634,1725651,500.28318531250625
4751635,945641,84.69165392024914
4751636,367883,894.5707771221391
4751637,101378,497.4541318796264
4751638,834580,153.52781790745874
4751639,189472,374.1870589505474
4751640,1206436,511.19125591384693
4751641,1121259,190.04450676129514
4751642,891698,724.5308278212664
4751643,856528,352.06917064992285
4751644,1841481,618.036922347593
4751645,225230,837.2051900437449
4751646,1801146,333.4074915745672
4751647,762069,822.5338418567904
4751648,1921038,85.70124426336744
4751649,289452,86.81120233696238
4751650,178593,246.65517778278945
4751651,907086,637.153680855416
4751652,926218,788.4794426005595
4751653,1446244,200.74391379605927
4751654,182441,436.09025874633824
4751655,1229555,88.61587581222908
4751656,354697,608.538880496034
4751657,1416351,966.3609923906355
4751658,1845529,290.1611642369244
4751659,644893,863.057923484871
4751660,1672046,238.7778432448816
4751661,770998,97.88363517269471
4751662,724138,724.4322775109233
4751663,1697814,814.6368163919525
4751664,70354,565.2606117775678
4751665,844760,469.4350465750773
4751666,1310580,479.721675757818
4751667,1478803,522.2077791833907
4751668,482239,452.38213575400164
4751669,1971499,892.0815471712078
4751670,1193539,376.9141003297884
4751671,7140,103.77569603712632
4751672,401332,343.19917810139935
4751673,506849,147.1416864704045
4751674,1890002,918.9295878402419
4751675,373274,332.9028101851383
4751676,1036758,633.1707054704465
4751677,285847,119.51418982328089
4751678,1639197,718.3888442384016
4751679,1722790,756.2418980497339
4751680,1455626,812.0661467345745
4751681,719594,194.1840370665364
4751682,263425,200.36314703782176
4751683,1353255,864.2407610978721
4751684,187052,961.1926731266311
4751685,1628979,527.9101942520498
4751686,80764,749.7938413421236
4751687,1812229,814.1587921742356
4751688,730818,247.56254780304144
4751689,1950390,965.2138894042548
4751690,661263,997.4249506691067
4751691,395455,518.0996993268667
4751692,772515,386.92160299291754
4751693,949566,630.2783871087945
4751694,1787453,662.3501748402764
4751695,1415689,306.2088538556923
4751696,1288250,282.24778202197643
4751697,444918,851.747774090562
4751698,212456,337.0000876833705
4751699,166104,771.793847413737
4751700,1104560,693.0614895041591
4751701,197,401.69176959069995
4751702,439548,557.4426294677573
4751703,1718455,340.62561283261397
4751704,1882470,792.2100518028213
4751705,1025704,658.5558411859325
4751706,817322,855.0109044107516
4751707,1343993,24.81136190589528
4751708,461795,168.26918280726332
4751709,1000641,698.7770162590172
4751710,1321845,117.47534082214727
4751711,1220294,761.7395826431462
4751712,1205824,254.46010507352045
4751713,1352427,709.3081534166973
4751714,1052759,866.3576831457667
4751715,1931282,13.12269604059091
4751716,1606932,350.8374797005067
4751717,722902,445.70591717150285
4751718,1598203,970.9405091420297
4751719,803235,324.9116711346901
4751720,442239,811.9383380692801
4751721,684603,957.9396126314385
4751722,176971,144.23328026061066
4751723,905956,365.92840892845504
4751724,77799,796.4021034492237
4751725,1760050,910.4684074693034
4751726,698401,828.924911218927
4751727,761071,190.60724744088043
4751728,1556703,106.12253931306815
4751729,1908988,103.96199355624947
4751730,1189587,737.7237052090826
4751731,1903496,672.0859444256057
4751732,1239237,526.6541326619785
4751733,1277906,990.9815534725135
4751734,960101,578.5655682363922
4751735,1119664,176.09788818421046
4751736,383042,132.97074183016977
4751737,236773,349.84344742108607
4751738,1669190,891.1560112468986
4751739,408692,781.4776923748368
4751740,926116,448.8266173049863
4751741,1255682,968.4838633171685
4751742,1761706,906.082077531164
4751743,566047,778.203504953661
4751744,1459492,518.5949394268295
4751745,1174080,315.7692555214162
4751746,705494,237.7259525777826
4751747,1889895,544.938827703534
4751748,1559534,831.2889879573312
4751749,1297631,23.676702320913567
4751750,993504,905.3399282052178
4751751,228129,830.7424333389018
4751752,453530,446.71041664097123
4751753,229060,158.58309190251464
4751754,1934454,721.1193362819081
4751755,1057059,279.53884898295
4751756,1518404,603.8679289619243
4751757,609632,883.437602045857
4751758,943335,337.80836134994973
4751759,1932500,431.6451605260383
4751760,587164,220.64806229945367
4751761,897504,678.1931572170472
4751762,734574,819.548648715118
4751763,536244,477.9721869664976
4751764,1228203,209.93697844861737
4751765,1378013,66.30263477152309
4751766,1167486,737.137747219968
4751767,566621,821.0373494025305
4751768,895431,676.4874790615429
4751769,1046501,549.6076621778827
4751770,1254954,582.6659019325961
4751771,1904811,623.3343209728739
4751772,1178093,452.09038365506507
4751773,10336,456.8641739504599
4751774,692600,221.17102096008102
4751775,306758,621.9800148007987
4751776,340336,607.7718180195851
4751777,535014,732.7672574001394
4751778,1703801,436.1016243594946
4751779,1314492,377.0686661385132
4751780,1279760,549.372887717702
4751781,1374304,74.26305813342805
4751782,391945,859.33383241548
4751783,1497515,265.0864167050518
4751784,966115,398.14476599096116
4751785,733957,601.6147252030994
4751786,1720129,763.3257217659402
4751787,1823134,719.7516364449712
4751788,1405564,589.0613142618622
4751789,1584945,38.49266585904265
4751790,947496,226.4183589999027
4751791,1100148,506.0209258725424
4751792,1887949,255.0256797397946
4751793,335921,772.6622391196166
4751794,1446298,604.4502554500542
4751795,1066421,575.2344479442155
4751796,1707816,203.23242841776656
4751797,274614,336.94315255520246
4751798,424636,650.3491415225355
4751799,1190004,105.64547718990048
4751800,1006169,121.35206124999908
4751801,1745191,157.60140773216457
4751802,1246661,922.33617612864
4751803,1234915,453.6182385942465
4751804,712036,400.7662647776152
4751805,1253674,158.1235365147059
4751806,741300,324.773284891387
4751807,691626,211.32943362426482
4751808,187154,18.104191719705675
4751809,517627,433.0046438501284
4751810,1777429,853.3586814631615
4751811,1459044,965.2541218207965
4751812,730893,246.91822051633784
4751813,1278559,755.2854536472205
4751814,1083438,799.370017976262
4751815,1007710,637.1212460410247
4751816,3084,740.4469956150266
4751817,656602,662.6179159952297
4751818,530427,12.135648848180969
4751819,185051,991.8990323851119
4751820,433036,465.7463013544445
4751821,706523,808.5729925521779
4751822,1597805,755.1131652591952
4751823,1739889,456.98603834759246
4751824,460055,473.84256430445026
4751825,1657193,771.8129567162607
4751826,1947310,0.12583354297612814
4751827,1799709,110.89866513222513
4751828,708165,979.3899503300767
4751829,148580,810.1752606313274
4751830,1119620,54.233021046360406
4751831,1538370,173.9658757954111
4751832,1142770,167.4828418438078
4751833,1162010,39.09011614324809
4751834,1596191,631.9044451102908
4751835,1333321,762.5985228229608
4751836,1999418,806.1931632708221
4751837,183596,292.102464730694
4751838,735716,401.3223756226554
4751839,466285,711.9114920621172
4751840,1306014,851.0696428285949
4751841,1821159,373.21983264810797
4751842,1128471,535.6058080485677
4751843,1861432,787.651405784195
4751844,906641,575.3942138096758
4751845,1165612,871.8738375705898
4751846,649422,923.1195641988403
4751847,1256889,604.8110918311344
4751848,1725299,227.87551509475668
4751849,1535604,727.8526719519579
4751850,42978,443.7291953013318
4751851,1462024,432.25473255557864
4751852,941916,375.7588481394888
4751853,1453149,769.9044882778426
4751854,1873808,182.3227853258498
4751855,1950193,680.4157178530513
4751856,1686033,439.1662667834103
4751857,71310,433.79370426377784
4751858,1713920,241.53368254697227
4751859,1623985,45.86876128681683
4751860,1485833,880.0209540752519
4751861,437003,930.1959351558309
4751862,903778,133.35480216042862
4751863,21749,334.4092314119758
4751864,336347,995.487685190766
4751865,1472430,206.98695264101252
4751866,1904254,422.329849676978
4751867,338901,985.2514944956911
4751868,168144,39.686737950268444
4751869,19024,785.2131899342955
4751870,1570285,335.3172748446325
4751871,293006,78.24969532972115
4751872,1500510,508.38991175548244
4751873,680798,611.6615874123637
4751874,1507926,780.7135209421556
4751875,496452,895.2216765894545
4751876,957127,70.09171233714295
4751877,767161,116.86570931667262
4751878,1556198,191.11402806376975
4751879,44868,710.8311834009828
4751880,1243493,796.6097890557508
4751881,465195,403.5348372070605
4751882,963378,378.8563186009442
4751883,403312,764.9045852637962
4751884,93876,443.42571225075045
4751885,1676994,119.15315126597025
4751886,1047278,329.8776634222087
4751887,1377341,235.27295369211265
4751888,1585319,389.208418965366
4751889,93669,225.82516489793247
4751890,1855203,335.2503382830985
4751891,1346192,631.2606762051182
4751892,422199,992.7870718961756
4751893,448809,389.0560723002868
4751894,1051533,826.9943749174724
4751895,1268462,918.8229890184699
4751896,541460,290.2686632511674
4751897,1450833,716.6980050719724
4751898,1115382,543.7934447749793
4751899,1898769,134.63553210292702
4751900,226578,747.5533114832793
4751901,1942632,274.34304557299384
4751902,898227,314.3584750011177
4751903,1260994,294.04181882175493
4751904,1419194,9.79740757844272
4751905,1529496,56.27180315540414
4751906,234238,420.45382662306895
4751907,1157496,220.78707827891662
4751908,529174,555.0464307453664
4751909,1780304,68.30579886254806
4751910,287773,248.70900090179038
4751911,796911,975.6124461303654
4751912,1626786,273.6884508028505
4751913,1148989,635.4454360606502
4751914,224697,312.0695687653842
4751915,244617,772.0041416643476
4751916,120140,380.3750033974432
4751917,1504575,936.1880811090355
4751918,556743,383.9141875907891
4751919,1605478,126.39858821484896
4751920,1310269,922.3897803804796
4751921,1893766,436.8523688086717
4751922,1567886,160.18337759494693
4751923,797787,94.03603894970414
4751924,287718,492.3608444059847
4751925,1964233,175.30575476207798
4751926,1675476,588.1232405207077
4751927,1144471,454.68344940051054
4751928,11432,893.3139879082207
4751929,348583,211.66806419672568
4751930,489245,414.67358955047354
4751931,42985,849.24807007321
4751932,125213,206.44619990717527
4751933,173429,812.8504647829819
4751934,1062633,451.98133732101786
4751935,1627155,285.9766891924909
4751936,157402,983.262412622196
4751937,596501,588.7788420716792
4751938,1683986,535.6194492917634
4751939,524331,831.2717513049533
4751940,1285679,217.83616765815418
4751941,1686168,802.2952842431579
4751942,534594,127.75200078107684
4751943,208531,673.6152854823548
4751944,441894,197.89995743346688
4751945,1226984,924.9972710769975
4751946,98907,949.0805609968309
4751947,386795,490.301030823038
4751948,185821,672.1323245210991
4751949,1381170,844.284034709475
4751950,612924,710.1369891832825
4751951,1453577,617.5064424192964
4751952,1538441,364.23839464546126
4751953,1249448,923.8712245465391
4751954,72953,324.05656595661816
4751955,133611,142.52602378996983
4751956,1288540,527.059027622287
4751957,747473,556.1794162121537
4751958,1355164,899.7999143941552
4751959,1166968,372.66242883413946
4751960,1950156,618.432976354486
4751961,1098060,951.9867471868596
4751962,756076,379.7453910255911
4751963,1792383,209.04023390194436
4751964,1772780,413.5985255764303
4751965,875580,690.0576426864953
4751966,94875,45.23815615648341
4751967,1090818,687.9267571559752
4751968,665987,968.6029515258293
4751969,264470,765.5716081924279
4751970,409242,317.3514119173705
4751971,1025694,112.71511323694983
4751972,1751634,216.3078740685831
4751973,1541088,340.0521088473137
4751974,469668,976.956778996902
4751975,1902908,523.0603000305204
4751976,865733,752.7811502587477
4751977,537645,155.84937256419573
4751978,1199104,528.8143407067723
4751979,819063,387.8225863983481
4751980,191860,226.68215956569827
4751981,1535414,11.848272255705282
4751982,176053,140.4991270821807
4751983,1795902,350.6097730261366
4751984,71408,73.21466220650585
4751985,1501689,115.69749558579112
4751986,201989,333.70002212216633
4751987,306412,953.8607530711314
4751988,1851043,605.8025149666146
4751989,1036236,24.091592063944066
4751990,1961647,110.56431605752815
4751991,309655,528.4826464082989
4751992,1972325,895.4759244982723
4751993,217183,643.5103122409099
4751994,1641371,458.7066274903978
4751995,730746,489.9454287818427
4751996,911523,702.3458907382391
4751997,1849323,361.02440673096714
4751998,301531,823.8360504322787
4751999,592684,550.1775748479968
4752000,1016599,494.31286744380566
4752001,1612765,347.00095013381826
4752002,1371084,222.20089346162231
4752003,555452,144.9464588110754
4752004,1234472,60.74699299643527
4752005,1232058,577.7053792778933
4752006,575383,169.65362227962444
4752007,206633,446.24412211128816
4752008,143328,500.5884018031227
4752009,1648863,452.8750087671211
4752010,1981044,100.53597646063572
4752011,1252143,179.4277066113047
4752012,1544335,499.0538776984093
4752013,1040134,506.0121280971106
4752014,1261891,839.4381403517881
4752015,1771829,85.38041661967199
4752016,448467,516.9620225334372
4752017,603046,834.4724085042345
4752018,1483215,946.0202347461566
4752019,741880,989.3893593315477
4752020,434730,610.7407857220038
4752021,1597543,486.74933863104354
4752022,1891510,111.02973587071374
4752023,1565578,559.6260921676444
4752024,1517672,458.870680848784
4752025,1609976,867.7084626440692
4752026,1540991,718.6102196424232
4752027,44650,140.24789671654048
4752028,1727685,37.77344743368549
4752029,1402431,569.1271133936253
4752030,357636,877.5528327974057
4752031,600855,35.46189314259618
4752032,841459,493.270639386727
4752033,1271251,284.5142655421888
4752034,472623,674.6772930721577
4752035,1324850,474.7883207653265
4752036,137832,586.5765160962895
4752037,12470,23.965355151944646
4752038,803922,706.1454658850324
4752039,1334613,938.6946547797427
4752040,944130,49.615034613609055
4752041,432545,699.4871021037534
4752042,279327,630.9771147127346
4752043,1423882,48.07059179448159
4752044,4289,147.842348151898
4752045,1806038,32.89374364445086
4752046,353274,632.9514668474473
4752047,1998123,727.7008938499467
4752048,602472,970.0043347368002
4752049,592469,89.9600332698809
4752050,1208082,980.147052237845
4752051,687838,579.471387318261
4752052,745081,479.98493634963825
4752053,724058,494.1851269715627
4752054,849991,742.4972256073676
4752055,1657290,730.9649261910615
4752056,1739128,235.47846876074595
4752057,288581,853.7252373410029
4752058,760320,963.8801581215149
4752059,1000554,835.8014938804778
4752060,292521,586.496369124255
4752061,900050,871.2608276834078
4752062,1839565,826.2837999582496
4752063,483973,78.9589141114373
4752064,215142,568.3757802126936
4752065,85384,577.8792931979891
4752066,361504,290.19297807994695
4752067,337476,298.8448061935356
4752068,449705,945.7285466287407
4752069,352711,353.46617454380447
4752070,291155,696.7045161111195
4752071,1264525,874.599338278701
4752072,1901239,586.8062217528476
4752073,774602,953.6516398511977
4752074,1100086,443.9345801390341
4752075,866329,491.44087049456095
4752076,882121,314.51396651837103
4752077,1022817,431.00257375938844
4752078,611852,896.9062354147787
4752079,95501,983.709864586065
4752080,979029,449.6928894670618
4752081,1440248,251.6328389184479
4752082,1690618,475.1561704269001
4752083,1893640,909.2547705831156
4752084,326831,882.0231200864315
4752085,554389,504.41877541989896
4752086,1358224,201.0210690876143
4752087,1928804,503.54585498919215
4752088,995391,17.952481514745156
4752089,334055,638.067141688533
4752090,208421,614.0869003851757
4752091,123582,550.3117157027393
4752092,1882848,528.7479415731685
4752093,1710173,53.11738387987353
4752094,483706,831.9413739580318
4752095,1683821,781.6372337161356
4752096,911709,504.10552373862305
4752097,655376,586.0630626499658
4752098,1254552,852.684682712903
4752099,8506,968.0333661562464
4752100,420956,340.71548184951985
4752101,310468,110.19250894571641
4752102,1272606,410.1825462754456
4752103,1896423,820.5878917094024
4752104,1789680,548.0506594799525
4752105,477943,998.5113394073682
4752106,1639338,975.4777063650943
4752107,1487816,126.12155290158877
4752108,919741,863.7807765733714
4752109,197916,752.875288775751
4752110,1679056,798.6379582803326
4752111,1927170,844.9666134812422
4752112,873871,275.32244306419386
4752113,1644302,567.3691281820522
4752114,1325723,73.72528916852816
4752115,1158997,907.436104268632
4752116,1071192,128.57048078855226
4752117,1832520,123.11776865521796
4752118,1004944,806.9624970384913
4752119,853198,218.5557777475057
4752120,259688,494.77502407581454
4752121,599646,563.2813962888132
4752122,23185,140.93548626957585
4752123,1112502,533.791695190312
4752124,73175,873.1247150461973
4752125,787303,110.69855287576968
4752126,1133857,356.8363531177042
4752127,1772449,236.51655084241762
4752128,1071950,538.7028860702246
4752129,1922632,739.6343541974625
4752130,1180467,551.4287233328209
4752131,1511504,442.1154155799021
4752132,567488,768.2672215200989
4752133,787396,110.00145262933981
4752134,1446989,401.35749355547
4752135,938062,740.1735150275131
4752136,191207,856.0023779345071
4752137,688247,328.5526102276407
4752138,1198365,308.2605142144761
4752139,1180532,737.3818710763481
4752140,1081834,282.53175652442474
4752141,527222,287.4104739343427
4752142,896475,951.2357658616365
4752143,236775,492.17850912972807
4752144,1631869,880.1444670727572
4752145,422152,79.14812571575658
4752146,1958206,365.5873494186573
4752147,926550,311.33136414700436
4752148,437396,561.8030033584668
4752149,1428083,603.0906429502228
4752150,1596358,594.0762216279808
4752151,1877030,385.3501570019
4752152,1025490,438.2284221447871
4752153,329219,936.5585590774439
4752154,716577,728.3433967332145
4752155,30000,127.78700083798
4752156,200702,915.6387275939253
4752157,1868264,962.4240424680888
4752158,288410,826.89069246759
4752159,712385,617.3933471858727
4752160,1064572,58.93575852535648
4752161,53339,924.0476218464935
4752162,929411,689.4629425126734
4752163,1436372,355.9332423110577
4752164,1281433,477.45670400372563
4752165,789884,700.80094319484
4752166,1238352,647.6909434444248
4752167,856007,260.6507273021766
4752168,1027108,305.397995519227
4752169,199899,930.9357510935082
4752170,1504382,173.6691563636904
4752171,413739,253.86878862240204
4752172,1430520,119.38542616275438
4752173,1447677,836.7228763594412
4752174,1977544,652.5653692859705
4752175,1023443,746.5216672627557
4752176,750303,231.70319703991782
4752177,1978543,276.7986662623282
4752178,1332371,931.1979355842321
4752179,1658726,228.28512146146772
4752180,1705205,933.6821934997553
4752181,418158,375.09220529088316
4752182,1413797,42.505424115650506
4752183,1077753,429.1415291086472
4752184,1746809,794.4571755116418
4752185,1414215,131.53027093107107
4752186,1603304,118.43906939810634
4752187,423244,729.3814076644385
4752188,757541,633.2716967159641
4752189,953045,33.57587091490555
4752190,662546,536.2260441844476
4752191,704037,405.43158165977746
4752192,357007,906.1796224608778
4752193,1909788,980.3189176053706
4752194,822391,924.8085910584339
4752195,156387,409.23766508084924
4752196,944701,192.59479513850386
4752197,1524161,467.45060573696696
4752198,1321087,425.3522884147645
4752199,1023799,566.4436517004045
4752200,394281,691.5484938854827
4752201,1848069,390.97012542558264
4752202,692315,650.0319826688141
4752203,1098027,601.3570049600444
4752204,1362552,821.1702447787079
4752205,225109,904.1007969059951
4752206,397070,642.7238659969445
4752207,1203238,239.0798027414168
4752208,329399,816.9059385898313
4752209,1487131,714.9059324602536
4752210,1412579,321.40378615193185
4752211,1473988,356.99365278603256
4752212,1662660,302.07994748673536
4752213,953419,808.159632485297
4752214,1371378,746.9783282292702
4752215,1006278,538.2176169385053
4752216,1396784,15.993447117988225
4752217,525616,35.37288838274455
4752218,540339,514.2722548241335
4752219,1031847,246.92547324074155
4752220,1245240,587.439449305498
4752221,1176986,939.7004349190059
4752222,667708,977.9191171491018
4752223,957920,568.3122263928714
4752224,268177,964.0048859374131
4752225,1418231,573.2453466048304
4752226,110645,758.3226512078423
4752227,1234990,891.3179504843613
4752228,441141,545.4677487650009
4752229,1135119,193.79952737936722
4752230,418592,580.096809854741
4752231,1400194,942.5922764692128
4752232,158116,977.3261524838616
4752233,878696,405.26822512950133
4752234,1687904,182.77557783736086
4752235,1902190,847.0837147756246
4752236,1935918,706.2753871425382
4752237,1305858,238.6459477642272
4752238,374885,121.79828357501931
4752239,1228026,561.0151930718167
4752240,1430638,1.1143829058594124
4752241,1266453,630.6326073090177
4752242,1941732,455.4597622420736
4752243,1241086,137.7467651100257
4752244,554494,491.1505507938737
4752245,1264506,754.6844340469918
4752246,1140583,904.3970202872509
4752247,133490,965.8331807418361
4752248,1567025,878.3938874877978
4752249,1564415,473.77705253119194
4752250,93675,113.38765764145786
4752251,1342960,605.0178144836505
4752252,1311729,319.59403671748333
4752253,962902,339.1638038288551
4752254,1525860,522.246616794997
4752255,218385,765.7474110916418
4752256,1517929,692.1068739915205
4752257,600964,283.4112055959949
4752258,642083,354.7886823240502
4752259,994334,457.0652717609962
4752260,1076913,24.883743130423518
4752261,538465,810.0590117478619
4752262,1118843,764.6985406009306
4752263,840737,561.2411163043058
4752264,1043770,443.87176038449616
4752265,45123,948.8541880059613
4752266,606666,417.101480622297
4752267,1524604,467.6509455004433
4752268,1279098,879.7190751998056
4752269,417568,490.9677888365128
4752270,306317,312.86963136510406
4752271,1526077,229.23691818486424
4752272,1970249,973.8495891690401
4752273,239457,627.0685547358979
4752274,826483,220.37123954473847
4752275,449705,751.6378716276207
4752276,1596805,498.5648432714206
4752277,790966,23.55648500802321
4752278,1355341,408.2613645709835
4752279,1821452,963.3189601040058
4752280,324098,938.7689824050725
4752281,1397019,344.46847522908587
4752282,1320215,773.4373128251717
4752283,1587989,485.36066980886415
4752284,1458994,35.519960891634675
4752285,1497640,180.2734736152678
4752286,1348456,283.3809181316801
4752287,1653393,272.5146277698618
4752288,196711,506.72967761343955
4752289,1772157,106.17539174744672
4752290,1065754,506.52318200749727
4752291,735018,954.7208096418598
4752292,311858,341.2973318196646
4752293,1446805,741.4198931802943
4752294,583316,314.1795227593411
4752295,1468170,335.84812735166713
4752296,690962,560.1059465169343
4752297,515898,617.6870302299756
4752298,1117334,580.750282679681
4752299,1856137,111.53553486380386
4752300,455715,225.03788341667374
4752301,753317,829.1235000472966
4752302,92075,573.149816762196
4752303,1310851,737.7568170214596
4752304,1910504,246.33343775309257
4752305,23424,87.66043184660965
4752306,20532,662.3805668957842
4752307,1547138,506.760555924468
4752308,596340,662.2560028970986
4752309,1196940,770.9307925209757
4752310,767303,419.48391669016314
4752311,502856,618.9781701969915
4752312,1700351,55.32262308696156
4752313,815323,876.5204350866424
4752314,1100298,773.7947280402273
4752315,34487,137.0157626594447
4752316,1470548,920.8385763321063
4752317,75615,561.1122858868401
4752318,326490,913.6949737008889
4752319,99726,101.94202786939344
4752320,477579,826.9312616573251
4752321,507692,704.3427051398984
4752322,1298794,326.1527805672838
4752323,1743528,92.14870995449087
4752324,206064,538.4905310324356
4752325,769364,180.26006569981647
4752326,1236805,820.6642486393378
4752327,1476510,494.2941443386378
4752328,1247791,236.95994187301017
4752329,1301011,878.885682376709
4752330,586357,874.1260959507973
4752331,1215269,447.6908532597984
4752332,1018997,210.66705972204934
4752333,397621,399.0924411669623
4752334,690161,613.6102147994993
4752335,1853964,111.46062642244748
4752336,1180276,674.8743705325124
4752337,1195172,648.8025793146384
4752338,516580,150.97201466191413
4752339,868959,498.93452096637503
4752340,696023,829.925492398051
4752341,322761,267.81163151207
4752342,1385757,299.9803810683982
4752343,1461084,446.04126509925345
4752344,38567,790.8875328773111
4752345,480587,68.14846917389994
4752346,407731,662.3298296698689
4752347,802942,161.4885504353808
4752348,1428334,604.5571658654536
4752349,26777,520.2211836695446
4752350,594542,386.43524867494926
4752351,1248042,791.4061116048306
4752352,1890107,991.8185384531746
4752353,1704111,566.8349307590646
4752354,1889151,486.28607650946196
4752355,907323,682.180042033828
4752356,1134603,536.231294976642
4752357,334235,732.3839909115181
4752358,1820917,395.5303543083074
4752359,120050,171.5382390107626
4752360,890201,349.6079196310013
4752361,753968,237.06617236752714
4752362,1764345,408.68545288791546
4752363,616452,174.69044577225145
4752364,205218,198.5319699824627
4752365,708636,458.9276211372436
4752366,855397,525.3751027678775
4752367,1395027,45.04066445799848
4752368,1269428,528.1897346696608
4752369,497888,244.18582300536983
4752370,1595754,260.88938728034026
4752371,142387,272.98013820064915
4752372,1272006,92.79997069172963
4752373,1489474,177.20766878686987
4752374,722183,357.62591568298166
4752375,575674,987.0172416537141
4752376,312812,940.6422582640026
4752377,1115665,55.84888872613569
4752378,37284,533.1584031784483
4752379,270635,767.7921254044319
4752380,828982,154.5267803677608
4752381,487974,525.0690908955168
4752382,1115585,197.42323682280417
4752383,715745,969.3536710845498
4752384,512572,743.4325448053338
4752385,1865295,65.92989548254513
4752386,1690579,888.0119883312335
4752387,1687338,763.8358574139928
4752388,936038,651.8414894252913
4752389,893273,572.0984376962691
4752390,208452,624.064064073002
4752391,505751,379.2319510122679
4752392,1937580,887.8870795690527
4752393,1308079,933.9864689940675
4752394,1586648,462.3014578506476
4752395,559069,238.46396709296536
4752396,1124735,840.0228870863759
4752397,604067,43.632414612730926
4752398,1756462,29.190516295507397
4752399,1955464,914.0367156193983
4752400,1641384,754.8132888327298
4752401,1592785,569.8078236102186
4752402,1543959,132.94129863385064
4752403,590010,709.1658747809313
4752404,1845157,760.6720704484724
4752405,1084993,424.7181913069583
4752406,1332699,592.7419633656596
4752407,539382,754.8492718838395
4752408,1348519,495.1199165648207
4752409,1685002,162.82677049342064
4752410,791412,420.659190683889
4752411,564603,903.1648988404904
4752412,326646,556.8645752668209
4752413,834893,524.6514714449784
4752414,648448,722.512406642509
4752415,1064495,354.33084289808556
4752416,693898,866.2528199197071
4752417,1213164,953.3631445210228
4752418,1790608,640.8639996555919
4752419,934243,319.1440648990407
4752420,185985,630.3957846923896
4752421,59460,765.2231611245055
4752422,1929269,65.4446134666773
4752423,1587636,198.31148096472583
4752424,975315,125.31756359897184
4752425,1671383,23.118683816906405
4752426,144693,186.71592537958094
4752427,1386979,797.1219924788189
4752428,602093,454.6717808083117
4752429,1669515,10.525988657056008
4752430,1434084,564.0054546162572
4752431,686427,540.262852774374
4752432,1370991,132.70585463570694
4752433,683287,781.8188664271086
4752434,429210,555.919588270574
4752435,356850,151.8370505489356
4752436,1143250,870.4098715555624
4752437,483569,905.9322108878154
4752438,172193,587.8817058086937
4752439,1001450,303.9413681397738
4752440,726133,347.048545522748
4752441,1886281,725.5174599241334
4752442,120346,441.3854888345031
4752443,714369,336.55475237010245
4752444,1027953,282.98367966872826
4752445,1627800,7.713209740337179
4752446,1473310,870.7459792522968
4752447,214303,494.5322858475731
4752448,1064818,223.28113187179832
4752449,1636557,604.6162254620841
4752450,1040848,676.0671735409518
4752451,1760413,274.0721882503443
4752452,150208,854.6938100373329
4752453,1703771,672.1308637900682
4752454,1219606,485.2416188302725
4752455,1698397,445.3273155971622
4752456,829482,890.9685115210818
4752457,468711,808.933047516163
4752458,801426,891.7772970128004
4752459,1288990,726.2133476632929
4752460,251442,309.700630148675
4752461,380398,422.8130994029432
4752462,675849,36.92286380797927
4752463,786,998.0244477755542
4752464,1710806,712.1759656929752
4752465,14170,971.0609460560219
4752466,76452,700.7842613889644
4752467,492146,674.2219601694171
4752468,1640674,26.312871976605145
4752469,866188,4.475457505895841
4752470,90401,718.7881015751319
4752471,1629848,492.5022888713531
4752472,97489,2.707461953026402
4752473,223972,125.39991859670508
4752474,134298,244.22155314394888
4752475,89114,509.6606943330377
4752476,1158571,594.2704579487386
4752477,1395107,241.65877155680548
4752478,737637,256.4540842246449
4752479,481918,124.65777935633693
4752480,145020,209.37477276095717
4752481,1067108,394.4643002988374
4752482,354693,465.09145599941195
4752483,1472924,155.14655288642797
4752484,950908,959.8168764295013
4752485,1261234,455.5354092096748
4752486,1527337,91.22913597961279
4752487,234665,732.2811852511176
4752488,1487857,780.0361460737732
4752489,91294,209.6004320052931
4752490,1155284,15.692262580574212
4752491,1660034,827.7533706296614
4752492,50384,279.3245313825944
4752493,1348126,818.1101591095021
4752494,972151,148.60439925977775
4752495,1574053,138.49296256221655
4752496,529467,488.9807624450533
4752497,475030,673.2795311834144
4752498,114474,774.5498759438296
4752499,729711,257.8915060183455
4752500,561299,478.79651056089466
4752501,205008,931.5933433954381
4752502,1747383,92.59560172559989
4752503,1362307,717.9152476224905
4752504,1166358,918.5567556538837
4752505,564949,7.31849653496075
4752506,511010,438.59532314112636
4752507,1760349,172.8075087191069
4752508,469758,436.2599188648443
4752509,272279,390.99162257572016
4752510,1834148,585.4939427189842
4752511,1397125,899.1499492108856
4752512,812855,737.4441785694316
4752513,1986355,461.22384282279836
4752514,31781,479.60079015727996
4752515,65160,559.6753192447387
4752516,810007,874.063963204725
4752517,1606941,173.92104214320503
4752518,1223915,855.7268079644884
4752519,163054,370.97215174648767
4752520,1603669,435.3431008929414
4752521,1848234,925.8637038234308
4752522,920589,968.3596916106005
4752523,758012,590.6195454484047
4752524,472132,206.11794073821721
4752525,870543,702.9477341919537
4752526,1373241,641.9923637348937
4752527,215528,991.2359601050738
4752528,461614,259.22540809274295
4752529,1401505,779.536166328955
4752530,220132,24.97487123712372
4752531,861963,31.90299864080226
4752532,1745666,93.15350666677924
4752533,947357,650.1974572566153
4752534,465251,390.5408883059671
4752535,1549077,346.5241142761626
4752536,133313,795.2899248753463
4752537,197701,904.8664184804038
4752538,29278,780.4004937148818
4752539,113561,759.9788762937992
4752540,1501138,775.8587735202601
4752541,545931,245.79439056763553
4752542,1614681,325.66646667640566
4752543,1929415,627.2639624016823
4752544,1568734,307.2244761873989
4752545,1099020,42.17173897482485
4752546,758769,932.4854550968435
4752547,939247,173.65363851532157
4752548,1705384,978.8404219270492
4752549,602978,366.37869932609857
4752550,950043,61.24663917615869
4752551,872885,53.643463308456376
4752552,1056864,365.3003690242066
4752553,1300341,461.7221990356006
4752554,1869188,367.1185751013183
4752555,250674,333.1125518980197
4752556,774580,389.31764042175575
4752557,1372170,123.63952502875586
4752558,1693584,730.6827095121957
4752559,860168,880.8093891122863
4752560,775520,681.8765131615725
4752561,289696,114.9526088782108
4752562,1797995,183.63979724288936
4752563,143876,103.13049244421168
4752564,1895481,828.441805376664
4752565,1361483,538.4157060280407
4752566,106929,471.8843637371891
4752567,44495,889.8846144953217
4752568,1319337,116.00148335489658
4752569,1783073,896.4065505255218
4752570,1049449,999.6745140024873
4752571,73045,24.63219834378061
4752572,1911774,113.98537791634334
4752573,1379705,434.498644980128
4752574,309171,642.7755796686378
4752575,366752,679.9534301271807
4752576,556402,333.19218487072055
4752577,310193,374.2681272421025
4752578,242900,191.1306060551865
4752579,1586442,489.25529137615774
4752580,403461,99.80246934139959
4752581,1918996,290.80901159537865
4752582,1646302,542.6071912485886
4752583,1943364,61.972435762186365
4752584,1093690,910.1763819930221
4752585,1902713,695.4021413084479
4752586,1492148,512.2703101288629
4752587,1931691,231.9187612474496
4752588,1073920,685.4807687397572
4752589,413580,370.91253975088
4752590,1727826,157.759672862531
4752591,271323,116.05154335674372
4752592,918930,218.29000790754426
4752593,356536,552.0163694891709
4752594,1776706,311.4039589023972
4752595,310085,701.426171190489
4752596,1449090,257.14820619523795
4752597,159078,61.6998402261163
4752598,697038,333.59241771498915
4752599,871171,384.84736225044134
4752600,789869,503.1909145893374
4752601,153602,444.0502793457505
4752602,386633,304.14726825508177
4752603,752058,310.15376202240054
4752604,1854276,829.4692181002802
4752605,1145548,443.25671832890333
4752606,228172,981.6310821727345
4752607,1546506,888.3051774157937
4752608,65245,745.0915133274829
4752609,707226,803.4138668679379
4752610,1453571,952.062789533896
4752611,272039,272.54548085239907
4752612,708025,85.45739627003468
4752613,574546,668.3403137484771
4752614,591277,407.9542393996895
4752615,1267052,46.93586107880998
4752616,238548,261.2575460896773
4752617,245291,779.0458934988401
4752618,1849127,868.7185287046481
4752619,1472783,853.6504249324692
4752620,1972878,230.27014124406543
4752621,1617118,937.7249859273344
4752622,498771,136.01968763273032
4752623,1010626,862.7420710714217
4752624,536748,637.3716754984943
4752625,502566,767.6463092199115
4752626,1489908,138.33270620128135
4752627,414507,151.16192003288808
4752628,1825109,934.0783857447011
4752629,978935,496.1934681287421
4752630,1876260,85.2975835950538
4752631,1770631,520.3226590257364
4752632,904704,589.1472656814109
4752633,741744,945.2642385854916
4752634,957967,569.8962856702419
4752635,1518752,568.3982411815165
4752636,1597012,846.4623246093627
4752637,1328233,780.0569950956685
4752638,748042,769.2612329519105
4752639,1155475,458.4369177390201
4752640,1604733,95.72329863134699
4752641,1149620,423.67354436820335
4752642,1812999,443.22530070631836
4752643,1157609,505.8949237027667
4752644,1536579,602.8207260007039
4752645,32003,520.7308681784571
4752646,1235175,512.1042638580249
4752647,128350,89.57841017166012
4752648,1134741,364.2250508784882
4752649,1710686,313.45064658688835
4752650,92688,225.88053252162322
4752651,25876,282.3278225783582
4752652,867193,489.7346216560583
4752653,1299280,257.6846918410652
4752654,711700,687.3903033707634
4752655,475572,15.662858568178173
4752656,1646514,67.75609504274604
4752657,924730,529.9564391393343
4752658,627654,669.0510488904281
4752659,784987,64.29218851736218
4752660,276038,624.3025134488081
4752661,1857606,928.7114155773637
4752662,1345561,387.63958022607767
4752663,1107586,113.12252409248413
4752664,1003722,422.35481711924547
4752665,326267,735.7723949356235
4752666,1006971,353.0792548626579
4752667,1374380,75.90911516480902
4752668,1960087,580.6631795235415
4752669,790265,788.2048035363449
4752670,713400,590.6823082901159
4752671,1277151,193.13991317474532
4752672,30633,927.9710587310259
4752673,383730,32.97648266010833
4752674,705889,407.6382220945851
4752675,248772,550.863243375168
4752676,1135487,551.5586358572161
4752677,1514247,275.9854348339498
4752678,377729,482.8331318280931
4752679,671232,606.6202487945044
4752680,1911720,438.4248812834638
4752681,16453,647.2719981472942
4752682,1932510,891.5121504281899
4752683,1237020,556.6339088250937
4752684,1282865,547.3881769923364
4752685,113375,806.3581835547416
4752686,473723,89.67956519796184
4752687,1897977,238.70024473128393
4752688,994945,885.5578558838861
4752689,1043543,594.7846729995475
4752690,783357,5.086766433072154
4752691,1319812,459.0821642350491
4752692,13051,82.53953337773245
4752693,146502,67.83094674382495
4752694,1871809,401.5756300153901
4752695,1316787,103.10789983086543
4752696,420269,622.4224609092392
4752697,1194633,155.54696303988746
4752698,1355463,201.58448136472796
4752699,1196895,73.49069299692923
4752700,1812072,220.04106251835555
4752701,344277,408.1190518902259
4752702,1929145,661.8440932793127
4752703,1555093,668.8355495638543
4752704,1527036,964.8885257542094
4752705,957474,696.1713956335226
4752706,89888,214.39411792613117
4752707,154684,846.3657963293286
4752708,379748,825.6551122858915
4752709,382493,339.4138363806978
4752710,1951304,329.10560173066847
4752711,1513277,878.0047247887968
4752712,1982694,367.1151498298539
4752713,749062,634.8448344282585
4752714,849199,926.7861191702865
4752715,267279,614.3939288614033
4752716,1366562,386.1777124203798
4752717,314139,739.4803248303601
4752718,1515164,550.5741835942496
4752719,764858,282.709250671538
4752720,1021929,523.0416871359611
4752721,1920702,38.30411976900172
4752722,1602255,364.4969413267933
4752723,969975,252.15970337538062
4752724,1875768,782.547776089131
4752725,858058,114.54646239610733
4752726,1363193,880.9840638340056
4752727,1328096,572.383421700001
4752728,888412,484.8247601990655
4752729,673350,487.45027105471394
4752730,443004,575.5725843500662
4752731,1116627,17.586346863668332
4752732,108497,309.8977594408535
4752733,881860,247.95587017290077
4752734,219453,595.092454898125
4752735,1620154,498.8309436217743
4752736,341203,680.8980851731085
4752737,1925492,832.1096471344049
4752738,1275574,704.3401163367643
4752739,1612840,204.42946996057952
4752740,840820,307.1654980887181
4752741,1019215,962.6861173201764
4752742,1560795,229.8244097971821
4752743,1407936,16.9903659297459
4752744,726442,664.3758655624442
4752745,766081,292.44795341189666
4752746,1954437,999.8351153255849
4752747,1251461,438.83507991167016
4752748,220471,748.8217597600888
4752749,1596841,604.8210352172845
4752750,189740,173.38980619264456
4752751,1970319,406.9286364790633
4752752,1912383,225.82640588984626
4752753,1299544,870.3711353048021
4752754,660673,557.4984653594537
4752755,1711721,626.5109650305931
4752756,713023,875.8246885971987
4752757,1489078,48.62456512714286
4752758,1037683,36.206764200857776
4752759,300520,446.6011467133294
4752760,1713442,302.9668232709718
4752761,1883238,289.0399177636732
4752762,672544,359.8383934363232
4752763,431366,846.5334183835869
4752764,1449249,560.1905107766078
4752765,1774414,849.5020110357731
4752766,1514546,354.93248424249833
4752767,1921250,616.3126630100163
4752768,133327,96.58004366503181
4752769,1217203,13.053674568721085
4752770,422362,664.6893265260996
4752771,156203,61.79148641583731
4752772,1136029,991.9761664306856
4752773,522127,432.9341740309384
4752774,1715454,546.11119079604
4752775,686956,983.6504180524682
4752776,522368,734.1073678146988
4752777,1357988,485.8129784451635
4752778,471517,920.8526658207021
4752779,1660881,889.1563778433053
4752780,456845,921.0924883766072
4752781,393455,667.4030396558301
4752782,744692,604.6013732914264
4752783,991744,165.4445669396283
4752784,661926,202.16265549529322
4752785,1173958,438.6870134593043
4752786,461386,43.693662986756806
4752787,1476791,795.3509660681113
4752788,1226648,794.2146167532379
4752789,1599452,484.4948323773548
4752790,886144,354.9763527127111
4752791,807465,379.84405531892884
4752792,636927,356.0787212287871
4752793,1071210,508.12931952569875
4752794,1090792,754.5213412876064
4752795,1144638,884.9908534188946
4752796,1920381,901.1152645875427
4752797,780859,84.52189241099084
4752798,608123,583.9624663591109
4752799,948357,540.7720821216935
4752800,852821,297.12257883535233
4752801,756886,408.6420087553447
4752802,116614,533.3526531335156
4752803,1581699,352.29445100601055
4752804,537538,728.1138097980241
4752805,952263,886.0184311579304
4752806,809825,552.4041049663294
4752807,451809,410.6107646126378
4752808,79462,441.52845295711484
4752809,1816547,823.2967793794259
4752810,498704,256.89120224088515
4752811,1367368,775.2481617154909
4752812,606640,565.1037325004426
4752813,839744,612.5413913394067
4752814,1860184,185.0495179495213
4752815,1574130,142.6078568468796
4752816,1169777,181.06314532274413
4752817,473952,78.83188473063485
4752818,1505808,574.6596015622473
4752819,811414,210.6412419807444
4752820,1102981,804.3449545918492
4752821,1278063,863.0042642535216
4752822,1967457,378.4755653487527
4752823,1086610,37.89180577907347
4752824,1194781,563.7763043673743
4752825,1165435,262.360172717546
4752826,1600068,518.6375921133514
4752827,1602031,97.23047983625044
4752828,911182,45.03227424458611
4752829,1754910,884.6616305400822
4752830,1265048,872.4460782528603
4752831,291257,130.13649466065402
4752832,625126,980.392119024053
4752833,31977,592.9192255402116
4752834,880564,557.8424477369778
4752835,1581237,695.3422601029868
4752836,14624,443.14123399316964
4752837,542888,742.3975404712875
4752838,1096568,164.89210862752645
4752839,104134,645.0339188705253
4752840,279573,160.81054901683868
4752841,463336,300.0864956597531
4752842,735679,241.9354306357746
4752843,1694161,938.1537503136285
4752844,92642,56.90466125309024
4752845,1630818,623.4403382220241
4752846,1882575,855.8274519527719
4752847,174278,693.5106091910803
4752848,1850377,306.8951800910449
4752849,1504424,645.2229853952296
4752850,1856942,100.0919700820021
4752851,876787,983.4106730339378
4752852,1993116,551.1433101866878
4752853,211644,143.04201468867996
4752854,573503,229.06566193567213
4752855,1680063,303.5120049634252
4752856,200686,494.9986737776455
4752857,813809,562.9286030710077
4752858,1736191,248.6524582039512
4752859,760176,1.9313617854581633
4752860,499832,260.55514291417927
4752861,1116696,138.15005570988382
4752862,1373873,549.7171173266062
4752863,338561,625.6968675442439
4752864,1397234,457.79749951895366
4752865,56576,26.737744601604053
4752866,1230236,280.39887985293353
4752867,1610850,823.526479260695
4752868,1611069,328.1998871801852
4752869,989809,804.9005902176095
4752870,167710,56.76947210449246
4752871,584275,221.15191492954332
4752872,1217879,668.8983670437922
4752873,454906,24.07030242807162
4752874,1521339,841.74826631287
4752875,1969700,814.2124666165528
4752876,1877103,204.69719898078986
4752877,253918,333.3799530203978
4752878,1002999,521.5860193289236
4752879,407322,520.4728978120004
4752880,266917,473.8938211343342
4752881,1679382,728.8684635088657
4752882,700340,38.098471490628285
4752883,1164532,508.30207865303566
4752884,1049610,714.7337183793088
4752885,436589,186.62745656814562
4752886,990435,166.4270674826601
4752887,1601732,312.47005108725455
4752888,880960,566.2418969579288
4752889,1624096,346.1059577382596
4752890,849415,709.0679913913141
4752891,1181342,251.51539991558514
4752892,1091460,19.083610780301406
4752893,936477,981.482822107194
4752894,197539,366.16211298653565
4752895,441646,89.17401915662626
4752896,961523,190.72886047274596
4752897,1254117,876.6403927225094
4752898,1195897,95.202046381071
4752899,1879469,139.48405802808938
4752900,558647,380.73678799531086
4752901,1830390,944.6618827633586
4752902,1599007,759.2165529514134
4752903,1301959,47.57078128135461
4752904,696961,166.1604857369131
4752905,1375217,820.4307934240645
4752906,1684240,410.7058514349552
4752907,748154,217.0092673243853
4752908,897331,113.32068615745072
4752909,719840,805.5454690345294
4752910,519758,592.8532989709577
4752911,1568725,66.57340842202764
4752912,1972997,537.6139922078761
4752913,1216425,183.17950938435345
4752914,1607184,268.9969034917823
4752915,74768,11.251181951819511
4752916,516405,38.25909633854829
4752917,1915681,603.9716400654877
4752918,613937,204.23536343455928
4752919,1146755,327.54118262760755
4752920,1809003,792.7371422281851
4752921,239332,256.78967722123315
4752922,1128779,838.5024740273288
4752923,1755794,351.7377065255872
4752924,1810942,780.403988888082
4752925,1671094,933.4739498502432
4752926,945302,157.1241151398042
4752927,1681453,148.90625624051745
4752928,1659940,279.8039397585892
4752929,664768,283.8854790155173
4752930,1515107,4.656653408034006
4752931,949610,633.5882858103878
4752932,148502,743.1585071032456
4752933,337105,468.8421125827808
4752934,163505,758.0564548369136
4752935,788517,71.02787285592183
4752936,325074,91.91725827532426
4752937,306346,719.2348908185551
4752938,1789503,752.6270674333343
4752939,1190948,845.6115384007649
4752940,1133030,619.625404052998
4752941,1220367,445.50552215094075
4752942,49526,653.0273747352645
4752943,96601,705.52043916078
4752944,324088,993.0925463049066
4752945,644625,704.1905106649058
4752946,1473544,275.8248646111904
4752947,760329,170.68070840328264
4752948,1038053,796.1019871686701
4752949,224776,793.0404162549958
4752950,1753881,852.6826735683221
4752951,1200093,560.8010856382168
4752952,270791,648.2495519135217
4752953,1821740,689.4567093722885
4752954,482584,835.9888773797987
4752955,1350530,888.4344038372994
4752956,1546517,560.6068299569646
4752957,1241678,653.5911470944552
4752958,1439915,264.1907065758016
4752959,1219967,149.2785523621195
4752960,291939,526.5365711027949
4752961,1973559,23.876748421064022
4752962,1839688,894.4538564397137
4752963,670610,355.4429844161214
4752964,1442764,124.41183153728508
4752965,752748,777.6516933918348
4752966,1317348,48.980260863220046
4752967,1473762,252.82698343392707
4752968,284093,524.4527303246565
4752969,1348502,918.8937122832692
4752970,1939314,279.22074097763226
4752971,1165164,539.4267562882445
4752972,1687435,689.3596995519322
4752973,112499,972.4508243878403
4752974,1454084,656.8835698351782
4752975,1322225,729.7030530894123
4752976,9124,749.4667353498758
4752977,1928655,702.0427514114449
4752978,1194533,708.8380824277792
4752979,464941,359.6569525232479
4752980,519821,700.9104823641006
4752981,1612548,851.6670516247787
4752982,150014,92.70728997667044
4752983,1305485,124.47758296108613
4752984,730452,10.580930365942653
4752985,1904808,236.75815040835434
4752986,1092824,443.0564312701105
4752987,518728,350.4652500884911
4752988,1171581,637.6019563206215
4752989,1314033,120.62999559940258
4752990,1598262,192.85765929111386
4752991,868016,829.4127142732731
4752992,270747,97.10778587502556
4752993,1779627,706.2315444788933
4752994,1685616,227.68827287133965
4752995,1199674,130.42572550763597
4752996,1367744,817.108096352976
4752997,731065,714.9171221517029
4752998,404260,317.8011392358564
4752999,1593808,976.9364696935137
4753000,1210634,648.8702075050116
4753001,321162,495.15580048415643
4753002,295835,351.67864717866036
4753003,1837462,867.09247691704
4753004,712659,982.8640454582104
4753005,368658,457.17837599504276
4753006,1703423,233.2070157017705
4753007,82186,14.632621078855435
4753008,684098,929.6043008384266
4753009,362347,269.1860391726465
4753010,1923698,351.0916204182017
4753011,1383337,690.7516667632805
4753012,1745769,755.7706488980004
4753013,1469550,48.278199062581905
4753014,1689873,563.1810201548584
4753015,936262,620.1788627575826
4753016,818859,211.3576359745578
4753017,1327119,942.954609363952
4753018,1946756,68.31510825846698
4753019,96075,226.9735579318637
4753020,251352,306.10498097169557
4753021,55445,423.8148950660202
4753022,996160,164.76490228307927
4753023,1308036,170.1943689917298
4753024,906622,157.26353912118108
4753025,583901,910.0842902753918
4753026,31604,860.136182101148
4753027,554598,896.1657225927943
4753028,1701887,216.27778804811604
4753029,1476830,830.2496678347225
4753030,906130,256.45489709646876
4753031,918167,256.25579043677715
4753032,122147,346.54949521503954
4753033,282155,692.3327423784536
4753034,941810,823.6476357926477
4753035,810281,649.3672828914276
4753036,1498470,711.447079529594
4753037,1128867,834.5070339418126
4753038,685589,976.389255033957
4753039,1020487,620.5567816793564
4753040,1961081,790.3441620874158
4753041,271027,424.9936217381154
4753042,556876,792.2737266650487
4753043,857512,648.2603715850908
4753044,854992,845.9327605346505
4753045,1644944,809.4041898921772
4753046,997957,132.3334478285204
4753047,1850885,911.5424282951584
4753048,542101,336.2420368021244
4753049,47485,952.8349890386984
4753050,551317,312.04592411827934
4753051,988917,847.4558078076352
4753052,1846759,41.729615659128584
4753053,789352,130.0952359112394
4753054,835519,602.237474303784
4753055,1449091,546.9036318890106
4753056,898052,821.9660453169171
4753057,1042482,806.8778771576062
4753058,1886299,621.2060842749189
4753059,535696,752.8090469012116
4753060,1757795,870.9241628461442
4753061,415029,518.0546072679225
4753062,88308,107.4915150015584
4753063,257540,181.78155216033497
4753064,782322,488.41226776739757
4753065,1925991,107.48985223595142
4753066,1234705,24.66353828946111
4753067,467501,106.11986829754771
4753068,1212566,629.0010127100409
4753069,1617828,991.7132945170207
4753070,209467,757.7113797554181
4753071,1312723,517.1323619520105
4753072,593251,562.0929732862577
4753073,1309357,797.584386054629
4753074,439666,17.06641092290784
4753075,1336044,603.4286869280722
4753076,297887,762.3302766257718
4753077,1727415,425.26395957594667
4753078,807727,362.41240574689436
4753079,878381,911.6279724038211
4753080,959865,412.4043803820493
4753081,370991,295.7840531359148
4753082,1131139,157.7307817159118
4753083,918009,572.5046710420418
4753084,679629,331.28367269337576
4753085,1249385,864.4853865453656
4753086,1449261,299.9943021913762
4753087,1504274,752.4948434496172
4753088,650529,230.14042742064723
4753089,805723,676.1709821050708
4753090,363101,55.3562183818338
4753091,98829,293.3126785755703
4753092,1192179,76.97683977843062
4753093,1624057,232.8050381043244
4753094,1589795,117.52336963257281
4753095,279252,833.3671694654447
4753096,392561,191.33290773564437
4753097,1250988,578.0207783303227
4753098,308286,135.81791718806002
4753099,685416,614.2414070647345
4753100,1800537,430.31273743413755
4753101,379231,678.4742752258986
4753102,412543,279.40160803367354
4753103,1977412,73.13436518393912
4753104,1459695,113.25477773895531
4753105,1782707,327.7646369642988
4753106,529114,198.9713217290713
4753107,1587548,546.6431571377072
4753108,414486,599.2217993925844
4753109,803026,55.771159139964
4753110,1693322,585.0386748988926
4753111,1869251,489.2244121738757
4753112,312205,119.78255810419458
4753113,156768,496.58302789157216
4753114,1082848,678.1285549676007
4753115,1566060,936.4743872912672
4753116,1526128,24.700648311333673
4753117,1125125,14.89358522658135
4753118,882183,836.3928375227467
4753119,1087770,641.0713036551945
4753120,1522742,139.24580423892652
4753121,1428973,544.0939182402691
4753122,976778,890.8910185462311
4753123,590867,106.96804562551154
4753124,1083479,275.19465254021713
4753125,1355190,461.48752032634286
4753126,907583,634.7791714680894
4753127,811725,977.7755931270267
4753128,1405769,405.6204777685691
4753129,576588,349.9433257271254
4753130,861319,378.2211777432799
4753131,551432,396.13868719733136
4753132,1565250,815.747396380726
4753133,1156766,94.4294289731712
4753134,761794,965.3723558024468
4753135,932955,257.7684323100097
4753136,1026000,919.0496521874411
4753137,7459,687.6981381038746
4753138,1314622,96.82463744764702
4753139,324671,547.3626466762488
4753140,1816061,640.4894962772526
4753141,880719,820.5868423641001
4753142,1335532,158.17192399222236
4753143,1705352,786.7951167850368
4753144,1781866,663.0447692686694
4753145,1745242,420.77043605412746
4753146,231332,861.2519507170705
4753147,483651,161.1661205327304
4753148,1567120,82.0940324626257
4753149,1840585,4.678258237887478
4753150,772394,98.94436637149873
4753151,1432999,274.590518145549
4753152,888086,59.0361130391529
4753153,1272745,835.9096842777336
4753154,485752,569.3080228891266
4753155,194929,268.9682919123951
4753156,1810383,400.3696630778537
4753157,1672439,152.74740836698174
4753158,1597,669.1651289791238
4753159,1633168,411.9263024811658
4753160,230773,246.98278890703008
4753161,1793500,464.1924515200844
4753162,945128,859.7125896690378
4753163,1166448,641.9546125351085
4753164,636065,527.4620972934326
4753165,1449254,40.04290920114239
4753166,832073,877.3755822102818
4753167,1929509,614.1029933724867
4753168,1423495,960.7011256730126
4753169,1216853,569.2793820476084
4753170,1668742,297.20333191760886
4753171,1501929,219.33648654045567
4753172,778181,829.8012525895851
4753173,1813021,990.4508594021204
4753174,1465575,1.4188633273167772
4753175,229102,471.7192542063887
4753176,307189,69.32540815828902
4753177,1688773,340.6179052003768
4753178,1275617,245.6713298431985
4753179,1547142,597.986103935956
4753180,541879,756.584749860986
4753181,1725018,628.4955087648219
4753182,715165,948.9322060242171
4753183,1834463,331.0763152641968
4753184,878132,72.34647262197235
4753185,982163,47.46293590813633
4753186,1795044,24.1848469917878
4753187,138093,885.0932004751119
4753188,1161052,70.08532165413061
4753189,1955871,84.12198723117237
4753190,869773,501.14173911991355
4753191,888887,574.4989239296316
4753192,256722,995.067156966425
4753193,747713,420.47310105372236
4753194,467927,546.441902008203
4753195,1125013,899.255805691894
4753196,1444345,856.9026449471937
4753197,1670371,571.2417547506107
4753198,1570270,632.1258305943729
4753199,1682216,222.769382928666
4753200,1899029,566.991129805463
4753201,1296570,947.7448488183203
4753202,516085,304.6805669547432
4753203,1936732,188.7959113274358
4753204,1251886,636.2717207397484
4753205,115333,622.0832904801458
4753206,1761237,80.7091488446079
4753207,966028,175.8735463351887
4753208,203857,773.104382871846
4753209,767369,582.6513624566287
4753210,1420624,968.1495232057962
4753211,1367658,355.10424694390343
4753212,749594,17.21729859243193
4753213,1823651,812.8907974378251
4753214,1498890,911.3512984725315
4753215,1332077,763.6999049563166
4753216,1462710,104.34693732316846
4753217,657904,690.7674185452977
4753218,103460,215.72216035047987
4753219,1155509,658.9714503686488
4753220,1355446,880.8869232785889
4753221,564114,59.189276729911924
4753222,414148,183.25079661705234
4753223,1058503,307.18565256924137
4753224,1226151,15.520531453521723
4753225,1016627,593.9744682288222
4753226,1385530,10.987204394335649
4753227,1112266,300.56944720910764
4753228,1093869,473.29855103711117
4753229,1082271,980.9936788016608
4753230,992075,196.23620213472026
4753231,1569511,525.1373529489636
4753232,1336831,960.5875221848859
4753233,536261,147.93137366068888
4753234,1874717,193.18638831391476
4753235,768609,99.44876119836776
4753236,324744,240.9218184025027
4753237,963371,24.96848013397035
4753238,1230780,739.1835188318676
4753239,292557,98.93908289636177
4753240,1205301,377.43403192678693
4753241,1972025,737.7781490888555
4753242,1025547,900.2340766631495
4753243,1209845,212.03989130541757
4753244,465318,601.0723205930394
4753245,1627652,957.0924496409673
4753246,210306,301.5138759664508
4753247,1660076,744.4949297331635
4753248,1002495,494.0276021050244
4753249,1890232,463.36821842739516
4753250,410742,751.1040359834741
4753251,548338,284.50935275458744
4753252,1975890,215.36324828010765
4753253,1158486,996.0216258359126
4753254,1207162,677.7973848911433
4753255,1705563,887.8974959210436
4753256,1644497,390.8170258218214
4753257,16744,871.2364622706505
4753258,1019145,951.5163077023336
4753259,1732398,97.79563403885506
4753260,35919,99.72707885994714
4753261,1091387,368.600147840077
4753262,1302247,271.9855574066132
4753263,676908,367.48385036388834
4753264,463503,333.89232880847175
4753265,96808,734.8150084788346
4753266,1970929,135.23572649344084
4753267,960884,541.4697071410443
4753268,1522382,587.9912125287046
4753269,169071,482.43306895917846
4753270,1984423,927.9108466130344
4753271,1548491,339.82696916502954
4753272,1300236,685.5575565451437
4753273,1383184,696.5164751285348
4753274,659761,213.36441307575427
4753275,214654,710.5374590430022
4753276,629183,251.2039232995781
4753277,793511,321.15986281150987
4753278,2503,728.7631681296629
4753279,1761448,797.4737105651118
4753280,885199,538.981209360871
4753281,1269544,927.6583986575557
4753282,1278754,207.94683666558478
4753283,732678,52.33179871178129
4753284,1378641,946.8496765944018
4753285,1448956,93.48943521031316
4753286,1469074,603.7724427119301
4753287,1197795,390.3098538612414
4753288,325983,863.3103958987086
4753289,571640,345.82230414075667
4753290,537088,276.88943832383825
4753291,614882,709.4858582963609
4753292,1700987,695.3297776261445
4753293,239015,836.8224067109071
4753294,855566,152.1964382550075
4753295,1325891,523.2448923764196
4753296,1968006,267.3515518122871
4753297,1990650,161.50613068058072
4753298,460623,661.7900286431196
4753299,1369434,318.94999225433065
4753300,1479833,752.4952980584027
4753301,1319853,840.4016567434927
4753302,1890827,493.97136052230104
4753303,1534336,550.2787468239133
4753304,294659,875.4226510407545
4753305,1296335,380.2678483760289
4753306,1678513,372.4843805948141
4753307,583253,732.8105278213515
4753308,618622,129.95802086225405
4753309,722847,271.6413046803846
4753310,1251705,343.251042047269
4753311,497192,132.5176211451975
4753312,1956443,701.1584815591254
4753313,581994,428.80888874242163
4753314,824605,416.9690745855188
4753315,40923,331.8757061308377
4753316,536932,822.0244752459158
4753317,1667971,291.6727815128685
4753318,1814543,43.6517215377209
4753319,889967,706.7820704798206
4753320,1629279,563.3588064059641
4753321,1317214,193.62453718488527
4753322,648137,149.98813535166977
4753323,1716275,363.4915135910824
4753324,1048750,386.38208652098683
4753325,1044811,514.4047254756525
4753326,1434431,482.2504316584165
4753327,1838084,530.0653597965687
4753328,1974803,872.3264891978956
4753329,174667,333.5836663132699
4753330,1218801,60.87859014989871
4753331,1223105,59.94958274703743
4753332,366487,981.1369898776262
4753333,569432,263.94718515007486
4753334,1679884,550.4153747429186
4753335,373939,865.3804809172308
4753336,1853303,389.5337203323358
4753337,438420,671.1965117753538
4753338,1735389,95.24465362001632
4753339,796296,657.4457730622931
4753340,1790049,440.75272160952306
4753341,1433146,617.8089606530528
4753342,189640,269.71165762300285
4753343,28648,528.0599813384611
4753344,1169325,144.86578252408378
4753345,201564,338.68408014556553
4753346,562922,182.27130359397836
4753347,149859,597.7130639619219
4753348,805132,353.59930407434234
4753349,478037,368.0486276656895
4753350,311670,301.07967349199026
4753351,1986210,618.4237627936474
4753352,1222504,370.1836161645805
4753353,1839471,820.4712385400735
4753354,453967,853.1774026400643
4753355,1294952,284.70108548683413
4753356,1535272,226.8778077352479
4753357,310336,716.113931357542
4753358,1436188,185.86880159313603
4753359,1443426,679.0683499682832
4753360,496364,657.9565716403885
4753361,349488,20.60975092444661
4753362,359278,573.4789760983967
4753363,30691,683.5612070445452
4753364,641127,712.3757344932283
4753365,1687567,342.15890379973234
4753366,1177322,551.4883031668926
4753367,55994,506.03614649072415
4753368,1012683,7.609047417693415
4753369,1731957,988.0371809271653
4753370,674060,616.4292295482471
4753371,736055,819.1932910666538
4753372,141778,92.67429306233943
4753373,593187,436.4012379929874
4753374,600913,798.0403038519371
4753375,1025681,486.3951653452335
4753376,1956256,505.4829517800966
4753377,1579927,899.6783636114562
4753378,1645492,199.04815493786487
4753379,1535073,910.590275647963
4753380,288337,663.2715395444995
4753381,505610,956.3795823209551
4753382,900887,189.5634082420773
4753383,790451,467.99594751942385
4753384,1026838,403.8234527266935
4753385,1259090,505.188230145013
4753386,725280,859.6492062213532
4753387,1363437,179.8194143760381
4753388,866486,446.719909373686
4753389,48104,455.8413723327477
4753390,610665,863.4570120963562
4753391,205089,292.0614617754438
4753392,1948292,895.7965312462281
4753393,1689462,647.7527421024021
4753394,494854,412.5509600347784
4753395,503857,960.3192406013358
4753396,930816,645.2102225324821
4753397,936139,998.2984557215557
4753398,1438421,900.5271369964308
4753399,1413384,220.7659338518789
4753400,248044,430.5795814147504
4753401,1635748,682.8162776298574
4753402,804783,643.0571936438595
4753403,1184190,793.3896750638547
4753404,604259,542.8151033106515
4753405,1898236,292.7243409373698
4753406,1330316,251.16325652864035
4753407,1950455,784.6304410755994
4753408,447584,116.309981310587
4753409,1342319,841.1456053901826
4753410,175103,676.7290195317088
4753411,875234,842.208991931153
4753412,1628171,955.7158736894578
4753413,1165856,359.7739637428455
4753414,1635222,619.0570851968336
4753415,1598087,551.6559923909921
4753416,335166,237.5598126563676
4753417,1980988,822.1758254810801
4753418,1132113,730.6885424757078
4753419,1316823,290.102471667827
4753420,458308,610.9349891074515
4753421,1920364,148.6172867674186
4753422,1065634,269.1760312561463
4753423,312174,630.3309288185303
4753424,12564,431.7321134549497
4753425,1549563,530.7902954419548
4753426,1359817,57.92338551134968
4753427,774569,349.83264745547405
4753428,374586,766.5776605990824
4753429,1602353,525.1070975260411
4753430,1053878,424.79451817810775
4753431,549580,736.1347694602088
4753432,590760,423.01554755763914
4753433,1600776,246.3706723138891
4753434,1490132,116.56897524018561
4753435,699015,737.1547564394224
4753436,1212491,594.3126747564855
4753437,1391443,439.0193798606087
4753438,157165,178.49531906176418
4753439,94418,733.5540273663123
4753440,1214049,222.8919938531576
4753441,1357321,483.80371035273953
4753442,643900,432.8426822874949
4753443,927895,460.3804606220397
4753444,1129375,609.0984754320361
4753445,1154015,649.5609479994371
4753446,1278218,2.238958895662946
4753447,888467,914.0987354589854
4753448,982862,756.4437592124536
4753449,743513,327.3622852222368
4753450,378653,533.7686937279586
4753451,803196,288.8188057067873
4753452,678030,362.1415852612444
4753453,1169164,742.3385379129381
4753454,636118,740.3198706858476
4753455,1876894,424.41137119237914
4753456,1997397,302.7708724380382
4753457,353978,682.4746620037772
4753458,1431666,425.0773581994086
4753459,1564384,614.5533145038304
4753460,392709,405.84580414107353
4753461,572399,52.96109968866569
4753462,131010,247.84046272118243
4753463,956649,27.506065568830284
4753464,537333,417.81670712021435
4753465,561724,647.2785306213451
4753466,1826296,424.69019048596704
4753467,1551942,237.01537418919827
4753468,159382,779.2161957653188
4753469,1523920,785.3800436317235
4753470,1031796,766.5506743034845
4753471,495986,97.08773207158605
4753472,1724258,750.1731090205731
4753473,1589485,442.07408735443676
4753474,1270586,817.8645645741009
4753475,1607031,441.74021605702575
4753476,149618,552.4205811375145
4753477,952751,382.8714721928086
4753478,420388,543.951806377157
4753479,1722599,380.13580857641705
4753480,1867661,660.990622073108
4753481,218078,214.68386857399136
4753482,390470,643.0216639029215
4753483,596483,967.0960262340908
4753484,1517485,850.2293944028849
4753485,1150543,560.2429276184755
4753486,1454394,150.09631407579104
4753487,223945,698.4459722736768
4753488,1128936,589.2385189646546
4753489,187137,284.79313664436626
4753490,1590143,359.8238683602818
4753491,1075505,405.6586157180597
4753492,43567,245.12979869933582
4753493,1749192,443.1498451886966
4753494,39815,666.2789426440652
4753495,1443026,674.1491942876988
4753496,1933032,734.0196942716636
4753497,1123704,544.7286737788357
4753498,1478036,612.519215072798
4753499,453754,541.8587982779238
4753500,516913,181.8727053658904
4753501,902911,963.9366106045644
4753502,1522902,226.134856881546
4753503,118368,694.222092958076
4753504,51846,784.1360390375651
4753505,1319410,180.4732610775709
4753506,250810,738.0821959984448
4753507,1310630,919.0404424947383
4753508,542721,214.22221212209536
4753509,709875,554.4958099161037
4753510,1382628,327.65698321110494
4753511,1463053,656.8751649874162
4753512,1720393,302.75907955927494
4753513,1408679,776.4291300854537
4753514,601301,292.9466253288454
4753515,1882280,206.65201375131258
4753516,926360,607.9502455115775
4753517,1732426,284.2771964527765
4753518,1389396,308.3646351703926
4753519,892994,138.74727236320106
4753520,504530,379.7499327724018
4753521,1736003,135.2217502630909
4753522,89672,797.6066104331204
4753523,1960467,832.4920893485422
4753524,462557,825.9481770655087
4753525,491265,737.8851284946556
4753526,1901224,267.7511943219519
4753527,1115034,992.3567403423639
4753528,1107948,974.201824091012
4753529,1135683,194.39114427690984
4753530,1123179,989.3145730560221
4753531,9331,780.5728997301161
4753532,809788,38.801928511326246
4753533,1613557,669.5987767613757
4753534,1836533,51.69744992800307
4753535,424565,866.0824674217134
4753536,89289,513.4642619702428
4753537,1946047,240.16107416618547
4753538,405998,20.550794409285423
4753539,251151,877.904467831393
4753540,568234,526.3063531852819
4753541,1602267,507.7887692623623
4753542,351413,681.6846793033611
4753543,74265,497.49202180100514
4753544,1273751,442.56163365701053
4753545,93571,16.611715088802768
4753546,74780,657.299385643376
4753547,1314846,51.366958448379684
4753548,170570,2.7339370758889814
4753549,107597,492.97374954360873
4753550,499140,763.0667186820419
4753551,1779232,131.1566620346969
4753552,989934,674.9512287322232
4753553,1964510,333.52219330243173
4753554,1488971,611.0544106769802
4753555,974234,544.7599116484804
4753556,780479,890.484543414651
4753557,1467603,5.506873844838722
4753558,382441,196.61864085708757
4753559,1894830,790.1103730134743
4753560,1813136,568.1522276002461
4753561,1036535,809.1813852961494
4753562,1224906,822.8533986991118
4753563,1583025,305.66423332119984
4753564,1723913,986.8932941028626
4753565,1275145,981.7340308447883
4753566,295341,300.8372866173201
4753567,1025299,222.50951025893085
4753568,1010241,681.0578930251527
4753569,1183324,41.79698458403103
4753570,261182,708.5585256743755
4753571,205434,849.2348790751408
4753572,642538,4.332928394536695
4753573,196640,887.7897197420771
4753574,203365,518.6624210361904
4753575,1163619,45.888552322590925
4753576,199279,561.8826240814105
4753577,1765783,48.49228780755199
4753578,976834,418.47924694691375
4753579,505270,597.8139178295299
4753580,1770246,953.9802882685459
4753581,1869476,827.005125127695
4753582,85788,696.4480616607236
4753583,621700,379.8467055446493
4753584,389933,773.4854840158475
4753585,1648548,618.2869476437043
4753586,1205510,803.2408156235131
4753587,429775,515.2164929863771
4753588,1617766,730.9126660070737
4753589,793973,100.26042327916862
4753590,1404221,11.619567215644055
4753591,95199,817.2749247512083
4753592,1494435,389.9573784237372
4753593,1977789,623.5333220577811
4753594,342917,670.5354726967512
4753595,1081942,631.5470311280665
4753596,1772422,236.34651393277872
4753597,83845,91.42378692668073
4753598,797847,432.360888089242
4753599,1430119,981.4770676299867
4753600,175986,607.7230209414624
4753601,1238605,292.1291484207594
4753602,918478,405.01555798926194
4753603,713279,301.2105908863465
4753604,720545,197.2792019856141
4753605,1203112,773.0078001224625
4753606,580286,257.54008148615407
4753607,1112436,35.16211244971756
4753608,594689,589.8886513627565
4753609,352104,26.06889605821694
4753610,1840661,157.33681638568174
4753611,963249,472.00182311831617
4753612,1302660,530.3505896015688
4753613,1990490,573.4629180455253
4753614,1225943,462.58553388149323
4753615,66376,46.66099197442297
4753616,206259,61.15767337449785
4753617,211885,355.38748037150816
4753618,103299,881.1418580829369
4753619,1186794,76.22976639474477
4753620,1990103,184.00839895613285
4753621,528840,966.3077009823684
4753622,1753159,704.1410190750472
4753623,1359384,226.27825824025015
4753624,1179401,645.7183583207116
4753625,1098940,913.6839974879558
4753626,256686,624.1189053292577
4753627,1674856,626.9015202439871
4753628,1128428,957.8681919081935
4753629,1378566,392.9105079390391
4753630,1161200,324.5084580545494
4753631,84642,782.214196091345
4753632,207444,458.08657766513494
4753633,1271585,485.2302696366335
4753634,1493919,39.58292743498748
4753635,1430302,729.9568350850744
4753636,1691197,171.6039488282839
4753637,76176,120.06234285050854
4753638,532046,319.0561315268361
4753639,1562085,224.689567624354
4753640,1532727,425.87052476774255
4753641,367616,341.9332233247615
4753642,201774,611.0057822434183
4753643,418976,642.1617878316983
4753644,518507,448.9347321657442
4753645,1805426,290.49716100473364
4753646,192716,451.9723510029024
4753647,262420,915.6845927498003
4753648,26166,835.6130341098809
4753649,1775397,444.6107432167957
4753650,211217,963.0182748707266
4753651,1982231,537.85100764658
4753652,45814,56.997850672463436
4753653,1022207,276.8556169585943
4753654,826336,253.22909258975457
4753655,1918856,985.346288394245
4753656,1088738,305.24399345686584
4753657,938123,431.78962296465176
4753658,787551,711.6549476342643
4753659,315633,30.092869853450054
4753660,481338,248.3093744702418
4753661,175642,672.092526684204
4753662,764595,97.8386516968951
4753663,713332,368.98944481627063
4753664,482405,836.061170631256
4753665,84947,33.97217403207486
4753666,1817435,990.0392672116632
4753667,818118,436.0976315198816
4753668,955759,11.596616387635429
4753669,1370548,779.6156952376114
4753670,1229423,22.41664341467564
4753671,545603,867.2317578866081
4753672,452514,996.3821639446872
4753673,759686,634.2927743356129
4753674,1470469,133.30447105885236
4753675,1048794,541.4183673248402
4753676,1209683,391.49639219082167
4753677,648543,714.4569023695325
4753678,1429575,769.8038236785516
4753679,48013,69.42449202434808
4753680,1966050,492.4142949007323
4753681,1565203,465.8140111122566
4753682,1524043,301.06586041911044
4753683,232143,246.59491804232957
4753684,593862,728.5532197832221
4753685,583755,918.9547435061384
4753686,1882497,297.7337736341117
4753687,1264976,236.42617936125154
4753688,1269706,149.98140853843455
4753689,1948277,118.08315180218042
4753690,559135,817.7290614313691
4753691,167649,649.9830214644293
4753692,1021377,296.36308522967846
4753693,1815502,999.5183439284573
4753694,1034372,621.0322286624375
4753695,1299197,472.379374271295
4753696,412969,407.5980358337401
4753697,1090001,876.0125391486769
4753698,1386840,386.19524749051425
4753699,1746031,949.9200159830057
4753700,14659,109.67818417223907
4753701,173475,658.7627122688959
4753702,1398473,553.1137235090498
4753703,401511,677.6991101942257
4753704,901880,194.18402225937913
4753705,1245115,576.9604239847164
4753706,607232,782.1821742821023
4753707,1530019,709.9130411389585
4753708,1368328,681.9620231272417
4753709,858490,531.0839904052195
4753710,789978,309.7535570898002
4753711,799172,87.39504945126042
4753712,541509,153.61838975206433
4753713,1484552,153.32187677935073
4753714,742789,887.4845367427072
4753715,1718473,251.78399784200468
4753716,1921216,390.0927334839831
4753717,1470263,216.3994722980872
4753718,453064,346.64060340629777
4753719,807916,510.67859073060606
4753720,414878,186.65665004665743
4753721,1785077,221.7766233821421
4753722,201011,582.3200392191853
4753723,1085320,934.4785506655084
4753724,1595768,968.5936528233769
4753725,704078,855.4780899969745
4753726,654436,59.632071512017774
4753727,1990615,512.6094086817156
4753728,68159,272.40030625507114
4753729,1960981,263.632686730354
4753730,1402568,192.90814656873923
4753731,1729380,14.969007470738926
4753732,325763,202.89844204656882
4753733,1126163,457.2909014870138
4753734,1905734,914.8717551901134
4753735,859227,240.25896775187528
4753736,1014381,686.2108335208582
4753737,902626,154.37367049129313
4753738,500594,256.6533569148635
4753739,1151751,276.01476502159585
4753740,1633569,326.9671457987682
4753741,1803060,801.9820022541503
4753742,1787259,320.56360785274353
4753743,415160,277.669790288949
4753744,1375624,953.9804875551797
4753745,397509,565.3357233972393
4753746,1121439,918.5102352889521
4753747,1475827,966.5269355908029
4753748,1397653,111.32752332812368
4753749,667369,476.9942340628705
4753750,235819,159.19950255714122
4753751,441174,278.9785388096873
4753752,138183,327.4306289555761
4753753,1062852,217.51913885983743
4753754,506050,101.7677162655044
4753755,534199,266.89889992112217
4753756,1567697,152.7210023373541
4753757,1546678,290.6518893556157
4753758,1137563,874.0311221275792
4753759,1854214,97.17863157914353
4753760,22389,685.3039443698349
4753761,1705295,787.1101796654469
4753762,514766,753.7412023580263
4753763,1117446,351.99377474565085
4753764,887735,383.53169331288416
4753765,1168564,936.7194798007856
4753766,1027085,986.7820092190839
4753767,1913834,880.0178183448832
4753768,1617523,834.7818621386589
4753769,1135997,280.8947123355642
4753770,1975824,828.2932093881445
4753771,122291,213.16859370751163
4753772,1253807,709.9025232367263
4753773,1005385,309.6032312081953
4753774,1677567,359.20873051672953
4753775,1281940,72.90701136140653
4753776,1150435,104.22326882753951
4753777,968885,338.8399931168258
4753778,1261394,311.3851646450293
4753779,291247,551.3068334161204
4753780,515507,719.8501439797529
4753781,869225,901.5300877990782
4753782,610870,575.7575272098354
4753783,58348,458.0482969064379
4753784,1452878,38.8298915017885
4753785,1337722,603.1767302257629
4753786,1346927,556.4376061360974
4753787,638542,13.977465586669457
4753788,1282931,625.1319555961726
4753789,1518576,162.97534219828736
4753790,1592200,647.8559160392039
4753791,1578990,32.626229321254804
4753792,972356,267.95922313356743
4753793,1079040,637.2942106021112
4753794,542241,343.11584978992795
4753795,709579,207.87616554624188
4753796,599800,914.9890191495331
4753797,1826084,425.6403281333941
4753798,216171,589.6823412866826
4753799,1419997,950.975785356593
4753800,1237331,381.0112562798607
4753801,1089340,564.3883878051199
4753802,287280,832.4887723474101
4753803,1501935,345.1624210272508
4753804,1422129,831.2850149106126
4753805,1191606,76.9412754082207
4753806,613153,615.1253581663882
4753807,886160,341.5835813878999
4753808,646219,353.9848284052731
4753809,1816445,497.6289338085774
4753810,1077740,463.4884111224189
4753811,1015850,491.1489715755398
4753812,1589636,195.22481371096046
4753813,1800382,716.8839989230922
4753814,1728831,952.6026182417265
4753815,3345,269.37118234161784
4753816,862070,997.9390208269581
4753817,1283782,115.14932265912181
4753818,532844,423.16579345381086
4753819,1205962,0.88696876607397
4753820,1060044,970.9252295389108
4753821,1452901,608.2915892393163
4753822,410342,954.8565113628598
4753823,179606,150.47877471870365
4753824,483170,498.6616894373154
4753825,966343,842.1359859596715
4753826,669604,505.62150213805813
4753827,1472020,580.6208379816704
4753828,484229,615.8021897425107
4753829,64777,900.1805428856219
4753830,850791,937.0944293539999
4753831,1842425,989.1279989979099
4753832,1610335,930.923777589493
4753833,1887776,896.7732602755592
4753834,958246,305.22841982182814
4753835,542965,392.8206721206322
4753836,1769759,160.63999515696537
4753837,443038,775.5106102027619
4753838,1791693,296.5177538623729
4753839,1908461,519.400035738727
4753840,429083,252.89688773777584
4753841,127011,708.4356554931363
4753842,119641,473.4673905058716
4753843,251069,890.5748079717188
4753844,1307695,190.88176201176265
4753845,83281,660.6419576175153
4753846,1041017,531.2998814250218
4753847,723925,327.2961641940384
4753848,471500,339.03853075328317
4753849,1417415,336.6590224621108
4753850,1866997,292.8901511423496
4753851,532071,136.40989582880547
4753852,221327,441.5281723799991
4753853,1656891,675.631652104752
4753854,1257020,260.3657616631868
4753855,1368989,776.8118292313205
4753856,53433,147.54141220625317
4753857,970802,820.9089474100625
4753858,1498908,769.7940640312388
4753859,979806,443.2606211082806
4753860,833627,180.4005885744301
4753861,339098,533.6855938640643
4753862,944351,929.9549578715986
4753863,61424,852.5167861362835
4753864,632163,753.4708853217123
4753865,788091,758.6252321835359
4753866,1152044,856.4765674145357
4753867,546905,133.02316515423095
4753868,1180950,900.2402917021543
4753869,1887849,284.164957815171
4753870,1358928,889.9289860880068
4753871,1626289,269.9561408304434
4753872,115156,294.8661136507715
4753873,540195,628.3555620100774
4753874,214681,265.9520503251246
4753875,1663274,640.3853488324336
4753876,116117,283.94915397758626
4753877,317919,723.6190003423237
4753878,1841941,750.2787487548445
4753879,1530268,658.041516412947
4753880,270627,436.34591372723753
4753881,765715,29.15510588645498
4753882,1298241,377.7508031885064
4753883,232197,54.662986035017624
4753884,700675,797.6895074144987
4753885,610778,532.1992894085549
4753886,376790,945.8031438315613
4753887,211758,530.1071728650769
4753888,1249397,699.9205776895637
4753889,1929383,841.0388231693829
4753890,469717,74.4241491429728
4753891,1454379,573.2026826653602
4753892,418593,454.7735453604234
4753893,1904846,349.6273997512811
4753894,1662298,205.59096901788965
4753895,577269,416.562017270628
4753896,50764,457.7697882950367
4753897,1625005,892.7782172153029
4753898,393833,381.2345783927061
4753899,638447,860.2965511662092
4753900,1795518,396.18157788093976
4753901,1543636,254.6912985563583
4753902,1281939,488.13391429297013
4753903,587720,523.7773954822447
4753904,346685,92.76318413689633
4753905,1889184,159.79966840229577
4753906,411633,167.78252838042874
4753907,384248,592.0958437682639
4753908,852763,934.898987664065
4753909,300352,403.36710909815764
4753910,760688,624.7338691344602
4753911,1054915,593.7113416737077
4753912,61800,739.1833705556191
4753913,685630,207.35184926502293
4753914,1870572,801.054579649368
4753915,672273,343.5581953910143
4753916,1604921,957.9211116612518
4753917,1090573,25.901829768653293
4753918,1116980,402.63672797621683
4753919,1601504,27.06915635524021
4753920,199491,12.441723075717558
4753921,429417,918.3877127053473
4753922,510724,405.7007004484392
4753923,785370,603.6183905747536
4753924,516753,57.12437479052479
4753925,914763,397.559793689659
4753926,1833562,595.6937742273313
4753927,473395,181.58572638186686
4753928,260786,109.21729835298022
4753929,596500,468.59423740157644
4753930,1268551,431.9347422545885
4753931,1459482,348.00126505914454
4753932,354987,245.97049369897172
4753933,328919,412.61563940062086
4753934,396322,58.22676542640737
4753935,566094,578.967545312008
4753936,1875958,642.1423373189111
4753937,398012,887.7100460407224
4753938,667550,740.6363842193663
4753939,430955,92.0283069281489
4753940,526564,465.4957172209618
4753941,1933577,1.917519106877763
4753942,47550,163.74223573604218
4753943,415384,456.51266251573475
4753944,248982,317.60961176585334
4753945,1282516,314.00163342115906
4753946,1961254,956.1218546423818
4753947,1671528,845.6741013487897
4753948,1928733,862.2414163445194
4753949,422893,329.92777742440273
4753950,1003901,499.8120339316745
4753951,1188312,144.7208848620235
4753952,1052750,920.4061952989459
4753953,1913995,440.5488398357753
4753954,739262,761.0483880091642
4753955,1674462,423.66939849895493
4753956,1833786,471.96718519153904
4753957,432968,254.9963353086889
4753958,506245,527.0005896952786
4753959,1030942,344.3419467929135
4753960,936872,988.7403229997484
4753961,1504202,167.88340166409833
4753962,1756833,929.9497913087066
4753963,1396890,118.37556646915071
4753964,1861991,103.42989471164866
4753965,372749,861.6254323825893
4753966,1763972,589.5441356959043
4753967,211378,955.5994967839454
4753968,1122297,915.5954890909217
4753969,39029,743.9611851028243
4753970,245517,812.574648770921
4753971,1857490,949.2370389346943
4753972,1500984,113.81611522541813
4753973,883629,528.6730760738789
4753974,636423,191.04109772542998
4753975,1823006,441.9233591291769
4753976,701342,435.9063756598115
4753977,1726012,955.7237165377235
4753978,1886829,342.2137736024381
4753979,65670,734.6047130608296
4753980,1855356,519.4198963228924
4753981,891128,837.2404099048315
4753982,481662,386.5039276654982
4753983,720874,131.39604419547234
4753984,1857800,471.6902941553013
4753985,1676566,187.6364854922712
4753986,1916262,413.8970295887524
4753987,138923,718.6606820962468
4753988,322240,397.48168660101715
4753989,850240,7.7325669062735525
4753990,556853,729.0504357618594
4753991,1357677,787.4161476053654
4753992,817489,660.9121603152104
4753993,1738398,919.8324316840868
4753994,454962,867.4553016756186
4753995,1168150,824.8152291597984
4753996,1417712,496.7093160823753
4753997,111596,845.6928681969306
4753998,605900,935.0141778054323
4753999,36295,646.4196133997073
4754000,1211316,287.30270317804394
4754001,1994214,332.97218265206595
4754002,174114,795.5094537144482
4754003,167376,309.23529619415615
4754004,107316,652.5328593904832
4754005,1356815,252.70047109091144
4754006,1853619,709.7159990137462
4754007,51281,695.5124859911989
4754008,995871,625.7785927496618
4754009,364476,852.4069851342346
4754010,1954132,439.62853442932226
4754011,1115780,489.38130657152277
4754012,995025,573.0372724449282
4754013,1340244,832.6648766297614
4754014,1377387,661.7508663054695
4754015,317983,475.9973559671281
4754016,533351,453.1302560243017
4754017,1578216,43.03691920166997
4754018,1066628,269.7391955223208
4754019,820715,19.314217242375253
4754020,1505227,68.13904721062814
4754021,362590,219.29442564511535
4754022,670188,902.0193338088172
4754023,1331295,361.37588865973834
4754024,795298,524.1645569164886
4754025,250486,993.0532483322605
4754026,1654918,124.19161482284613
4754027,656656,66.91383198191613
4754028,619246,355.96329113589263
4754029,800977,188.0267241698288
4754030,921002,924.981689914389
4754031,533056,744.4707723530418
4754032,1136336,727.8301657995002
4754033,443185,185.4860952125249
4754034,1924941,334.5864132386339
4754035,1338348,440.86463951531687
4754036,936473,832.5053327321773
4754037,778958,44.866381792672996
4754038,799875,580.276742510848
4754039,1783641,81.36690469789043
4754040,825423,872.9247039939319
4754041,964288,88.71096476956663
4754042,233671,303.1745483465731
4754043,461849,90.80918281824246
4754044,407088,726.6904959266484
4754045,1398184,314.4565530137046
4754046,713747,957.3379527741369
4754047,602203,710.1221872484045
4754048,937437,839.7832516690125
4754049,1881171,707.7785581076218
4754050,46795,232.60483750585058
4754051,1200757,792.1135112685721
4754052,1182563,138.30642897005373
4754053,338444,173.8475692990823
4754054,1306745,19.144461070780604
4754055,210173,919.7364722427375
4754056,510900,589.2402428845477
4754057,451994,362.4744378789351
4754058,992585,82.70550104875196
4754059,176743,79.81435282704075
4754060,556813,431.9415123231928
4754061,1037868,344.36513255244074
4754062,1962217,298.0099762380884
4754063,1525009,41.171275219854195
4754064,1580919,821.0187928256353
4754065,1884917,842.190269336713
4754066,554824,530.6605584591334
4754067,804858,622.9623890623195
4754068,1891992,42.07628597583724
4754069,402599,631.194832305483
4754070,477674,136.12534286407353
4754071,1563284,31.257586677286398
4754072,1181894,829.8860484869624
4754073,1011128,936.0988932698899
4754074,1171736,580.781461126355
4754075,751064,247.34360670918232
4754076,336938,690.9992267444165
4754077,616215,652.8147304505669
4754078,1942087,756.0984066769882
4754079,1238429,854.2019627961066
4754080,1654959,255.4721353385474
4754081,1680621,626.4444609102962
4754082,242773,791.368001164921
4754083,231841,352.7918447330205
4754084,989478,455.03805845762093
4754085,1038838,30.991499480282016
4754086,225755,59.01667380022968
4754087,1543135,58.54621003619265
4754088,1408412,506.0077712123897
4754089,1427361,175.64317158465005
4754090,854401,604.2029115013579
4754091,300177,319.0417514581746
4754092,477088,587.031373633936
4754093,779644,517.1389097645936
4754094,918088,329.3367022744046
4754095,382128,501.3874474925679
4754096,602323,722.2085145678066
4754097,1635998,627.984785051802
4754098,1419792,586.7126123411152
4754099,1457173,188.5768761161555
4754100,602707,191.92870458603585
4754101,503079,548.6615091933178
4754102,169653,568.0637694147574
4754103,891509,449.74256041146754
4754104,1539127,363.7454981936592
4754105,1353825,902.419238168154
4754106,1163935,34.04003055853089
4754107,999163,220.32664178462446
4754108,1629936,601.3915306900504
4754109,660494,98.93158979921857
4754110,366800,402.96696856578916
4754111,1335757,393.02320801592595
4754112,848383,598.2871511718992
4754113,1008293,919.1361120426444
4754114,1617976,116.64008984195617
4754115,949032,384.7512673601492
4754116,133678,642.9827180118232
4754117,265499,129.0405616908946
4754118,1665069,418.7966058192656
4754119,1849125,251.12893130677128
4754120,40404,747.4642456201209
4754121,1448733,449.19731439245794
4754122,1353843,88.85444123733232
4754123,513783,341.96460482461833
4754124,1297293,591.8588690381473
4754125,1600210,584.7713812950725
4754126,505076,105.39844798419217
4754127,109225,914.1156254859669
4754128,107013,808.5804456282772
4754129,773917,592.416656106679
4754130,534536,961.7751088108104
4754131,71146,140.52705235848285
4754132,1207597,176.80797605351873
4754133,1774293,444.06602328065867
4754134,411308,482.5193868817198
4754135,785701,306.8040783030872
4754136,645746,894.4205273074979
4754137,137437,283.4692827630496
4754138,1742732,470.22170134226326
4754139,882384,325.73358337822333
4754140,1779661,898.6535788235234
4754141,1165611,381.0269817843209
4754142,20867,129.21561214314926
4754143,273081,260.01438206769143
4754144,704731,868.8477775322543
4754145,124985,246.6958045841867
4754146,724642,649.3013624023986
4754147,1557606,801.8575250263445
4754148,215867,385.44018537209047
4754149,13628,627.6728282228876
4754150,1482019,382.6634397053561
4754151,404907,605.8252540268259
4754152,747979,271.4575502168526
4754153,1369299,98.8541179298833
4754154,83320,225.09582910401627
4754155,493757,130.35637415609435
4754156,1945646,433.13264648959404
4754157,1241847,865.1519022942651
4754158,1343440,354.8811450709226
4754159,1641401,424.63090984176023
4754160,266303,871.7373735131879
4754161,1080918,120.91677065331396
4754162,162158,168.67839152892816
4754163,501958,736.6904979541698
4754164,686185,638.2719807183169
4754165,1408076,312.75275178388165
4754166,1926798,819.0945828650096
4754167,1325790,907.214218479478
4754168,1320,195.6604414120946
4754169,1915379,651.0679748745094
4754170,626298,127.16087801583097
4754171,96050,596.3924470482871
4754172,1634599,626.9805864168126
4754173,834398,82.69305771409164
4754174,718391,842.4926554667992
4754175,1380915,46.54316070061015
4754176,370430,582.9128035541013
4754177,325355,483.30392144881307
4754178,1209936,80.39164628598883
4754179,1213238,328.5866526423248
4754180,301455,592.7954108279129
4754181,1535678,617.8957181329217
4754182,1171908,560.7769431092262
4754183,1830840,939.2453924015697
4754184,1937156,395.84469913931696
4754185,894417,869.1106573288072
4754186,1061912,837.707892978326
4754187,1768008,275.2486298130974
4754188,1639535,478.5202233380077
4754189,981041,375.1493663296902
4754190,601220,666.365680986725
4754191,1347338,212.652091323003
4754192,1276935,648.8559147408437
4754193,336873,91.71616254888215
4754194,1108064,114.13747305123012
4754195,1583510,844.1371546975248
4754196,1894786,862.5162958556241
4754197,1010188,741.1545307928878
4754198,649191,999.1397778486893
4754199,239900,134.75693308599733
4754200,689514,706.7469749346425
4754201,208069,388.33382741355894
4754202,91975,774.8095722803603
4754203,1961410,449.01658252323784
4754204,1817325,849.7494848760257
4754205,296659,875.6854271754036
4754206,1029844,383.9839113498842
4754207,548536,622.6971146131654
4754208,1447343,376.25289950306615
4754209,23465,231.92061277081123
4754210,1504518,493.63875086733543
4754211,1608515,615.8509488630775
4754212,417099,688.6884275918436
4754213,336529,787.0680871572629
4754214,1893041,256.0069368534947
4754215,132652,65.6440658516002
4754216,900772,755.0904162125993
4754217,928278,928.8818013600509
4754218,703976,60.430862276854455
4754219,1583215,350.89052751143225
4754220,1423667,674.1496214469568
4754221,1140535,770.8788505232825
4754222,78962,798.0848886519443
4754223,1745622,795.5771373095648
4754224,53358,246.154370830297
4754225,1956409,988.1474877822925
4754226,938701,30.456782618936472
4754227,1183101,720.3935983494517
4754228,1941096,408.4224822920647
4754229,737927,252.5384482826779
4754230,1633948,533.8566376523448
4754231,1728961,347.94714520311845
4754232,1358199,136.45376874577363
4754233,854967,399.66097189587146
4754234,79284,150.47555863772942
4754235,1042607,137.693230089594
4754236,52468,834.8846227601254
4754237,224440,55.12193203883709
4754238,1899166,15.218361915293578
4754239,1876839,740.0490928532422
4754240,726820,377.8850288918492
4754241,1520154,992.8801169556031
4754242,786362,464.9677694605695
4754243,1138497,883.4626502353732
4754244,1779352,604.317830096253
4754245,1043035,577.0941148888279
4754246,1815896,315.913355064642
4754247,1772392,369.64313353858927
4754248,1318358,969.148612835166
4754249,1008150,465.61071000642596
4754250,927314,62.81734333819211
4754251,358738,907.4138266700318
4754252,133753,323.6755842455534
4754253,1381134,808.5998604886468
4754254,688369,437.05403607028836
4754255,1902425,844.5013719080916
4754256,1403376,491.4654261920134
4754257,1718034,182.06886783918796
4754258,356751,76.5571244725578
4754259,422113,452.7539147193131
4754260,866037,322.47579821954986
4754261,1045062,789.8624288855
4754262,1673399,739.9382773502984
4754263,1629906,202.92262179384446
4754264,262530,321.1004394526702
4754265,1218062,70.36025956447777
4754266,725341,875.1639327028288
4754267,1395453,167.9118183265438
4754268,1782579,883.739487747014
4754269,560885,504.26418637919903
4754270,648671,627.5779681795102
4754271,1774300,411.5982473492821
4754272,335990,457.6944916122669
4754273,1654632,301.04462553369183
4754274,79377,808.6484635771264
4754275,1592365,896.9186068290104
4754276,197151,314.53662215504164
4754277,549820,392.07297229856965
4754278,202575,614.8669516199935
4754279,1925131,26.63436432966804
4754280,1231560,857.2611847512505
4754281,1977035,576.9728744549927
4754282,1133966,222.50393087851162
4754283,518803,153.85292721565293
4754284,944828,385.4781345179892
4754285,89433,261.9969216278729
4754286,1241407,765.7826680740451
4754287,592964,879.531205384312
4754288,849723,740.6972334251539
4754289,1474583,345.3424241120624
4754290,733185,454.88153510809207
4754291,1187652,867.0542633025399
4754292,535101,445.57089735961773
4754293,1045055,623.4416459328643
4754294,996147,556.5668395747873
4754295,228942,743.0743514600637
4754296,105177,323.5513383597474
4754297,1789809,150.52713205504998
4754298,682275,634.8669154865397
4754299,1360690,283.8667480317695
4754300,1236564,511.16593554832366
4754301,1627979,359.5480362388729
4754302,1777593,8.330679415942122
4754303,966417,912.7512491716906
4754304,1606100,418.83751109324953
4754305,1357684,889.6859569395369
4754306,99766,715.0320252211126
4754307,162209,376.0488358946171
4754308,1270889,973.659450292002
4754309,100391,894.7307881151162
4754310,1279545,711.2143440297056
4754311,27436,906.5566526025175
4754312,1309129,692.8636949140131
4754313,1494236,412.8836171402245
4754314,834649,401.0327622751554
4754315,486023,301.5107252040831
4754316,1605036,469.2362647545856
4754317,171197,853.7674557359682
4754318,1210613,149.58212984542175
4754319,804199,22.581966635227822
4754320,1258400,698.2653545491728
4754321,1757070,375.0660640036585
4754322,1331286,141.9254573088854
4754323,1655158,955.2180372064627
4754324,1004475,214.99596386213426
4754325,919581,78.57676479948339
4754326,74046,831.769266864157
4754327,49257,93.8578595635724
4754328,1327719,717.2589413294525
4754329,643175,772.1050374640303
4754330,1423424,146.2837758971084
4754331,1143350,930.6919675511892
4754332,976937,401.00508548105506
4754333,557575,48.16758287159073
4754334,631878,64.54044426810856
4754335,1686613,312.14831493898487
4754336,1815026,541.389914190636
4754337,276104,834.5477632467769
4754338,761342,297.6731502450706
4754339,1491200,490.97000360215037
4754340,1808795,673.1254905344716
4754341,1810308,838.4803165031643
4754342,770234,862.5085708523858
4754343,33906,140.07241501342892
4754344,1893833,341.85443742806143
4754345,360686,892.9459683470029
4754346,564367,32.45560173753847
4754347,244696,352.43800248420587
4754348,950643,675.8702611770066
4754349,1282104,841.9282211970333
4754350,648410,999.7501826101885
4754351,933388,607.9046439637867
4754352,1391641,662.530985503542
4754353,1843114,973.666162729288
4754354,490614,758.2761813844907
4754355,757559,769.8960447530396
4754356,9207,642.719495098754
4754357,647663,360.3819884633437
4754358,1166762,728.0415909966569
4754359,1722425,111.5592570735241
4754360,18927,716.3522819399417
4754361,1170866,140.97843213227813
4754362,1282287,140.02924461724885
4754363,109696,259.93047189239047
4754364,1708088,141.29561017922754
4754365,629914,827.7743624009324
4754366,643561,484.69435992988355
4754367,204162,479.7848776891049
4754368,706878,994.810500210388
4754369,1059317,339.34240965591613
4754370,1359097,694.775021461178
4754371,1749897,884.8411454715375
4754372,1721834,954.1479857287926
4754373,73577,986.8309718723013
4754374,360338,85.47001804281595
4754375,1778327,582.3017525732787
4754376,1095613,475.09298533923027
4754377,327080,759.985351674023
4754378,1078960,182.68326699654492
4754379,488091,956.6920004734313
4754380,189993,52.0448238725052
4754381,1830134,976.7375099497168
4754382,488902,969.3890359879149
4754383,1308114,100.28648208503444
4754384,1819902,176.42872879581196
4754385,1962347,802.2612459154875
4754386,1847401,79.96672250908199
4754387,455445,997.0430330844214
4754388,969693,901.9836340804028
4754389,1243548,89.81312012695386
4754390,791554,874.381056645775
4754391,1687749,889.5148710707575
4754392,766479,661.6526547434371
4754393,755102,580.2466781444144
4754394,235981,125.85987562051437
4754395,1437466,281.08566846364045
4754396,1037334,146.75558061972626
4754397,918034,356.7899375631931
4754398,1645700,899.6186297872929
4754399,795292,297.45314494069805
4754400,429898,919.6899995997958
4754401,1344326,578.6816098773849
4754402,648499,160.52180861412913
4754403,1924694,443.6565621774512
4754404,598843,792.5458094723058
4754405,567591,62.29517229064763
4754406,1508444,504.22258707009104
4754407,1896833,934.9496327000655
4754408,1038938,524.6276532142327
4754409,641612,520.7069175357935
4754410,241878,721.2215170875255
4754411,726192,682.3391792689882
4754412,38231,615.7110861185597
4754413,1173042,568.3782038971792
4754414,59801,182.04678619450965
4754415,865593,60.420282271971935
4754416,1991031,596.744882211491
4754417,322464,337.19303250253654
4754418,910054,534.2046932997127
4754419,597525,413.7206451452373
4754420,590958,742.2055396853996
4754421,794786,728.0381918284936
4754422,829583,271.0375735808379
4754423,1596745,96.0599506279014
4754424,51802,364.6385657536816
4754425,302344,229.81211911837596
4754426,1696724,924.0254145801779
4754427,1435993,674.8952719546261
4754428,485885,649.9367864990645
4754429,1062041,662.1067557713902
4754430,1159367,412.5212997562644
4754431,1309631,742.7022182405972
4754432,1528741,151.9463171646953
4754433,887273,131.42044775585492
4754434,700749,9.861148460354574
4754435,119832,575.8242255418871
4754436,243124,408.72302507430015
4754437,968031,202.7935256270068
4754438,1951623,954.0505076262224
4754439,1474551,394.8827171686836
4754440,1219269,823.2324662631851
4754441,464646,892.4015358523862
4754442,867401,940.3312928883763
4754443,1725481,454.89971520255415
4754444,1731544,372.7264727670132
4754445,69938,970.4503691384632
4754446,372908,700.8789711070192
4754447,309565,977.0948053899848
4754448,457339,263.71306916640657
4754449,1802611,547.0271809016632
4754450,1338374,955.8162736740488
4754451,1135364,415.76405634117475
4754452,1547133,815.0510122160787
4754453,1279290,293.79542595528295
4754454,1190845,597.3952781284895
4754455,1535095,326.3519259270926
4754456,1410144,202.5679531771517
4754457,1613879,848.7711062003851
4754458,701725,479.71608393043687
4754459,323368,410.44755484544726
4754460,542413,341.7257717479949
4754461,1542775,315.61916606554007
4754462,88799,263.336709606783
4754463,1684928,877.6288795375029
4754464,186695,742.7643293138678
4754465,1806490,205.5676094795844
4754466,1485203,493.5469454689204
4754467,514629,359.6330035992273
4754468,1105459,678.4289018305581
4754469,305314,673.4014792722971
4754470,1081235,701.2536752695944
4754471,212844,44.762905203217684
4754472,536211,826.37171585465
4754473,977000,212.86205227914724
4754474,15845,632.8108098142504
4754475,1102054,69.03835840550809
4754476,1342212,65.59392450338109
4754477,692979,737.669933196933
4754478,1765617,414.34698084061586
4754479,135694,142.82407965673517
4754480,214778,24.729021643967066
4754481,1217909,792.6172156503451
4754482,557808,257.84767429707864
4754483,1348759,461.9105153968794
4754484,1232570,712.1717506453659
4754485,827305,292.87952797457416
4754486,1564606,87.69471967146625
4754487,1791897,703.5091639385492
4754488,1665384,816.1958726373464
4754489,1019569,203.41446539049755
4754490,701843,589.3029952741773
4754491,1576094,203.5544624208665
4754492,35964,998.2173547654027
4754493,1849768,891.8182776650235
4754494,817290,0.7561039037859985
4754495,1773844,267.14309275469304
4754496,353866,527.2701797127635
4754497,189280,778.1277186597133
4754498,150573,165.15997591387043
4754499,1011145,693.5005677713864
4754500,1204447,150.579489432782
4754501,1097303,727.4786038532894
4754502,1144309,768.4423334668368
4754503,50310,436.37914336474046
4754504,748026,359.538614702365
4754505,352726,746.2392167785424
4754506,353962,997.0986971101909
4754507,503294,361.44244347273224
4754508,1275270,218.65228405148662
4754509,1060072,745.7735053686021
4754510,1023805,322.95722717448484
4754511,1052710,575.7739392397413
4754512,26076,639.7208271487535
4754513,1822511,739.0798883775017
4754514,1405006,679.5223665099204
4754515,711930,172.18680350935978
4754516,1415261,412.3430347934741
4754517,657872,871.4039699303845
4754518,820586,348.74016119935237
4754519,1280306,512.7761754380534
4754520,647833,11.214941899779118
4754521,1308880,592.7607689110563
4754522,452434,501.8821488195474
4754523,1298421,649.9831582631664
4754524,986383,172.69985263445275
4754525,1355188,553.4753711465419
4754526,739828,778.823700268335
4754527,1162136,855.3293803915882
4754528,1190694,368.97953600369624
4754529,1075651,449.1699546345903
4754530,1810134,151.35262458941966
4754531,1288666,416.16656484537606
4754532,570453,638.967314929859
4754533,1100294,565.5742547989764
4754534,606486,777.7373638697424
4754535,1020828,3.3650278380987775
4754536,58233,435.537965257906
4754537,604797,845.2498861983009
4754538,1882870,666.3140405339251
4754539,450392,619.8537090551813
4754540,1938654,385.08391530457396
4754541,1049396,80.76802611792277
4754542,212301,775.3755591707992
4754543,1687494,356.1932424763482
4754544,1049139,228.88452898138036
4754545,440390,69.08750452404455
4754546,353439,712.622651311519
4754547,1696964,173.24520329578652
4754548,617247,361.2133910823325
4754549,1531331,792.5046309936857
4754550,1311611,726.6789053141565
4754551,571466,298.065893162229
4754552,1245062,983.7723282081035
4754553,1576072,766.8789022245625
4754554,569238,673.4034548256114
4754555,1819253,6.7061829666041906
4754556,1905690,164.74707611845852
4754557,393103,732.0867880260938
4754558,1422930,836.2837167814982
4754559,1769221,403.9184724757754
4754560,589218,404.99642205948425
4754561,258060,724.3694895408719
4754562,12058,817.4144742265163
4754563,732842,406.7490290752749
4754564,1913524,21.514246766974665
4754565,1572049,763.0431595175341
4754566,350655,440.36538633893275
4754567,1116411,215.9141490700004
4754568,886651,499.01332264873236
4754569,1208505,238.88295649691972
4754570,57725,369.4506662055814
4754571,176044,172.31515635694117
4754572,12217,766.4146622568907
4754573,772476,944.9873798929827
4754574,508119,307.98617286624875
4754575,137021,332.26977772006495
4754576,883814,150.77847479038832
4754577,1661102,432.9452581727723
4754578,916738,533.7329923829159
4754579,1063095,126.75294962926642
4754580,412013,758.3885977541129
4754581,1736286,939.1030042806581
4754582,522997,130.15995290918113
4754583,639540,597.0431494786905
4754584,1885743,588.9245486090869
4754585,1565637,92.84470218867557
4754586,1290944,616.4403600058572
4754587,1484569,774.4576340717282
4754588,1217397,375.7950462260488
4754589,1966484,152.27014919677384
4754590,1486614,851.2005618818306
4754591,273015,381.53505040408
4754592,435371,603.3490431498162
4754593,221547,787.0731899959299
4754594,1759161,374.28220726898843
4754595,609839,411.6190298088217
4754596,1674262,775.7159657906429
4754597,1823116,507.1419930551609
4754598,388996,100.4906311078524
4754599,465420,790.5797098968986
4754600,1161586,402.101735064282
4754601,1567330,383.39086275011914
4754602,169939,310.85232199850134
4754603,628041,45.04103886806288
4754604,1201211,415.4305962990098
4754605,683592,310.94140705778705
4754606,214934,563.8870677076229
4754607,1498242,186.69700756532092
4754608,975500,843.1731046910135
4754609,1558163,437.715062692845
4754610,1671012,563.6173188236027
4754611,800033,841.4958153958213
4754612,1229087,0.44527357745716145
4754613,1533864,877.8980292591073
4754614,298819,572.9593825119384
4754615,1729246,875.6868542599296
4754616,1854219,676.6429532087253
4754617,7911,571.1416266316829
4754618,851648,110.85908285740886
4754619,9774,753.4678807631992
4754620,120786,782.7878398498035
4754621,1995003,187.40074851067857
4754622,1907700,946.8587116027369
4754623,83153,913.8045033665574
4754624,1874796,849.3676260897971
4754625,847959,395.2489534758986
4754626,478237,821.8181021325122
4754627,828475,333.0523171922818
4754628,575189,703.3987089219703
4754629,756514,614.9917970878892
4754630,1425602,244.8215914994628
4754631,1348040,414.1292642478929
4754632,911367,412.1742286825575
4754633,596102,732.0728584420425
4754634,168123,943.0251419960478
4754635,1791644,954.7684292839665
4754636,92256,210.50117007144243
4754637,303516,798.3444474185651
4754638,1289481,17.415726664134045
4754639,930518,184.33744158161392
4754640,1370418,64.99502073246977
4754641,1907712,824.6509531309227
4754642,294894,982.4402916506133
4754643,1832767,152.33800853714996
4754644,284274,383.7951593067731
4754645,1348568,680.9246340003074
4754646,1424527,979.5783380105698
4754647,1139143,944.8436092417027
4754648,417016,541.7502962542975
4754649,1998589,665.888436465666
4754650,851739,162.95833162008176
4754651,213807,40.21679868133599
4754652,1752402,40.35110965710953
4754653,952789,846.9556399332106
4754654,618112,243.4493193884567
4754655,565677,127.67322842347761
4754656,381411,158.84419198995593
4754657,1032726,640.6987991836316
4754658,887423,643.152407737072
4754659,1530507,689.7614009245482
4754660,1708010,673.1628741773466
4754661,614586,956.7040796379563
4754662,1047611,821.6817907994757
4754663,1424219,260.4829724657074
4754664,1065439,147.2288643501959
4754665,100941,863.166080214306
4754666,1739947,368.3626892005928
4754667,1257796,935.3177097187942
4754668,778563,565.045183939681
4754669,1939451,741.8324933855486
4754670,1389270,285.31264948396915
4754671,665769,942.9494104873246
4754672,684010,451.96226370610594
4754673,1468192,904.6058913205065
4754674,813163,282.3165256228679
4754675,1940041,152.6786269522783
4754676,747263,602.6959507216034
4754677,735208,10.301654573799834
4754678,1546217,847.0878410072258
4754679,1621779,858.3901620523945
4754680,359397,548.1550617321983
4754681,1045016,190.50086733699624
4754682,551202,772.9993696665018
4754683,1472935,598.73909747733
4754684,30635,141.8095097165786
4754685,792732,845.7988103861605
4754686,703037,535.6479026563757
4754687,1834180,782.5986879996002
4754688,131128,28.17991354375482
4754689,1413435,564.4934234091514
4754690,1857528,108.67773893382105
4754691,519972,186.10058850118705
4754692,1095667,999.9150099604846
4754693,678072,663.4400389297584
4754694,1000255,828.1409605752781
4754695,189803,673.2164442007767
4754696,151524,77.41840861839944
4754697,842672,996.0790853323758
4754698,948030,866.1365701980334
4754699,1945375,535.1543570602817
4754700,1621177,719.1444035485281
4754701,171955,693.1196840188095
4754702,1125219,100.37084771136439
4754703,680326,566.1287670543444
4754704,891673,480.1540307710276
4754705,1265057,60.30612885430309
4754706,1010515,67.42626529102091
4754707,1849574,771.1065042970685
4754708,962981,30.367784554625963
4754709,1059306,35.52361583426033
4754710,1667694,89.96543991886963
4754711,480159,208.04737356946467
4754712,395127,948.8085738800801
4754713,1169829,293.05853648790213
4754714,1234264,436.84063503906054
4754715,458678,895.5056274037352
4754716,1607819,162.48697720447979
4754717,215913,706.6688433265854
4754718,303717,162.33745837942658
4754719,913966,386.5555963542434
4754720,1429963,461.3886013955258
4754721,1279409,200.3584982690444
4754722,32480,423.92277872690875
4754723,358477,379.9862581308683
4754724,991660,240.78579553176226
4754725,208090,605.6483930306855
4754726,145938,323.5650119879675
4754727,621354,614.0873992919859
4754728,414879,109.4702194032634
4754729,1516103,143.84739578570728
4754730,1339865,855.5460840592206
4754731,1869126,656.4622072920436
4754732,180392,934.3419799895332
4754733,1990679,552.4672597223691
4754734,1499414,999.5003047150408
4754735,662244,775.7792913818913
4754736,1853752,621.1766138964684
4754737,1440191,409.807396732342
4754738,202211,161.32338216099373
4754739,1376741,348.82224544375873
4754740,274075,36.64031103268839
4754741,1479328,373.62249936751346
4754742,1217806,344.4574368855803
4754743,1014285,511.8184766858149
4754744,1004763,520.4421616571584
4754745,1856675,805.3602632632426
4754746,991900,739.7548575379068
4754747,304989,829.8099685370573
4754748,1953859,864.6098881367299
4754749,255290,86.05002151881924
4754750,1107932,269.5285881379136
4754751,1992511,113.3172177990287
4754752,93245,875.1793329070193
4754753,295885,400.4542481485157
4754754,180238,590.6876720517218
4754755,1690605,300.42938002417895
4754756,1641003,880.7476420170517
4754757,1254792,771.0606204157497
4754758,1249811,102.59373078070699
4754759,459465,762.909422997975
4754760,1854683,679.3460753133362
4754761,1713188,468.422400843706
4754762,429709,555.1041542878141
4754763,655620,745.5029405693929
4754764,1322968,42.0026112655103
4754765,1496581,346.5582825705138
4754766,864615,89.23505576329738
4754767,1849259,716.0466192072208
4754768,773174,500.43288508373206
4754769,638293,404.56850587421724
4754770,558464,273.0627521751482
4754771,1515364,405.7058794948416
4754772,1718497,235.5866071557311
4754773,1826716,479.12999088272613
4754774,1004507,174.83687027718986
4754775,756767,14.329509949672193
4754776,1177572,837.5700895136191
4754777,195616,564.928368173949
4754778,301362,927.7098805797281
4754779,209344,16.950565084085877
4754780,1805360,672.0365299257211
4754781,1796354,644.1626178674104
4754782,446904,694.304980208616
4754783,831308,723.7149436043178
4754784,123892,293.1133128916922
4754785,1247729,283.27242786983265
4754786,520051,264.4614011227259
4754787,101552,307.24831568822464
4754788,157754,902.2797992877047
4754789,679121,239.9555508964647
4754790,1348232,319.3221154792384
4754791,135796,322.4643389752834
4754792,980685,634.0135741824563
4754793,1959964,130.0747982764987
4754794,461541,480.90109868655605
4754795,1441017,268.86047899757136
4754796,118028,376.84793416342035
4754797,426387,799.5189257601083
4754798,1680461,634.4411062067998
4754799,1616511,483.1295147546112
4754800,1983660,734.2900273717786
4754801,408621,759.9853683933611
4754802,1990648,451.2664080412551
4754803,1881218,128.52615696658444
4754804,263197,489.5720196128913
4754805,1715833,453.68403371587027
4754806,270109,439.6360657052768
4754807,1924263,305.1230184381568
4754808,1159593,425.83519843844385
4754809,142415,290.86280253738727
4754810,1413734,28.908928285058643
4754811,1622255,172.63846219901612
4754812,384662,926.4145792349971
4754813,1483375,691.1456429033933
4754814,1558741,307.7963963429752
4754815,1377404,289.88380402694804
4754816,1873571,31.53422165446951
4754817,915433,49.65566339670868
4754818,421928,156.2848512855408
4754819,974112,356.83434184468246
4754820,935975,200.07311187164555
4754821,912912,644.6047455106016
4754822,679886,830.0599272372037
4754823,1260417,390.859892070736
4754824,502089,122.0847609448985
4754825,1460246,525.6169817910499
4754826,565735,297.3421871050456
4754827,1807464,955.8615756126823
4754828,1663505,949.3649380968317
4754829,543782,540.8665599039632
4754830,1570431,160.1467461002114
4754831,709884,768.9174208924869
4754832,1358407,17.134131192774294
4754833,96530,679.4744365129495
4754834,277819,411.84985691686506
4754835,298821,408.15475854286865
4754836,680882,696.8823165346865
4754837,1017085,440.36059102487303
4754838,1331026,982.3375068696595
4754839,819261,685.0110362650757
4754840,869607,296.07110664451466
4754841,1919982,56.838284397088266
4754842,1042341,124.05045633022982
4754843,1542436,458.0299600309863
4754844,1308988,875.4061130532335
4754845,386114,431.3360403549076
4754846,1661848,723.0430799134506
4754847,714714,360.3707616366728
4754848,1415563,502.7606405715695
4754849,1945531,637.8047952156929
4754850,1092472,342.78123981131193
4754851,56490,315.4801985687318
4754852,141040,931.8964936319169
4754853,1421605,665.9682837190765
4754854,1867778,988.1246010991556
4754855,768291,804.6221369661415
4754856,243837,816.0093559455981
4754857,892331,578.795372592383
4754858,47106,680.1700977240569
4754859,617297,22.058224438830432
4754860,643186,149.77898718720817
4754861,471830,84.1056431349776
4754862,1543517,220.3838794147449
4754863,986210,241.39269372091542
4754864,142510,389.0165745735854
4754865,791279,979.5751244228233
4754866,1726650,518.2786871895399
4754867,596971,226.23107545800315
4754868,673048,321.3352668981182
4754869,43703,902.612201825846
4754870,1863720,146.8740989636158
4754871,1522955,121.13519321982002
4754872,328775,455.5687560874062
4754873,814335,877.0712882292368
4754874,1979627,428.88530323416364
4754875,1713564,849.152869701686
4754876,924411,301.4769844864611
4754877,1468511,379.4585782567943
4754878,1412226,649.4955593092162
4754879,720562,651.3255618888663
4754880,875520,547.4869752777768
4754881,1864998,740.1916815312534
4754882,1545334,657.4389478624032
4754883,1235508,630.4582212241392
4754884,662244,338.55001077934077
4754885,1900127,933.5948535034745
4754886,157593,846.7404415840471
4754887,1978886,233.03933471821247
4754888,1847455,674.7571661597276
4754889,127661,823.8782512745054
4754890,843628,771.9882938414569
4754891,1607846,306.787938146322
4754892,801723,287.64649854838717
4754893,892376,757.453464540352
4754894,199330,397.94614226904855
4754895,1553494,805.6157617690541
4754896,1296835,610.7517214402111
4754897,182126,399.05124938856227
4754898,485188,174.5291368143266
4754899,1658174,407.3032678886034
4754900,1855274,345.64512478159713
4754901,415504,936.9374457946184
4754902,860446,462.5816984897382
4754903,484502,251.99493382349092
4754904,1209300,628.1548807317172
4754905,1259213,480.9303763376545
4754906,132236,304.4916554416901
4754907,1439702,323.78377629449227
4754908,1595717,912.6459340132535
4754909,887216,468.0284197151384
4754910,201034,330.9870389671197
4754911,876604,570.2555058512212
4754912,632716,397.8460985124749
4754913,1669010,340.12590018690526
4754914,404502,678.763503932605
4754915,413273,442.2435453675957
4754916,460476,85.71935032425782
4754917,553742,535.8244541759576
4754918,595621,622.2408512965237
4754919,89201,409.05598108960106
4754920,1557215,696.0380081746015
4754921,1473564,301.57006244074836
4754922,268161,378.6269026787561
4754923,1112202,838.6978819900783
4754924,1097512,240.3275326522718
4754925,791988,258.49148484612374
4754926,105481,947.079406956829
4754927,1529934,667.7099937476879
4754928,1074452,686.485079164002
4754929,212014,816.1242806272312
4754930,273827,536.5633099598764
4754931,763179,399.4892817784706
4754932,1673373,864.9128402567679
4754933,816612,745.9209462877388
4754934,1651156,274.18048181753505
4754935,1993333,750.9421794227147
4754936,1243990,243.1931993290668
4754937,171403,594.6943432249436
4754938,1689054,937.6936171174649
4754939,760306,294.14349691207974
4754940,1804735,692.4797928442397
4754941,833488,568.5582415786811
4754942,224493,711.9919584945123
4754943,491623,396.2895206468426
4754944,1480446,818.3308547608651
4754945,139577,322.1812938248512
4754946,115159,829.1164375615722
4754947,427813,265.6491381989586
4754948,1278933,741.4978486335522
4754949,671458,366.0574994392457
4754950,1304116,470.1668964379128
4754951,1879442,118.75732581222876
4754952,856961,316.44861308519825
4754953,1211179,64.69561136566892
4754954,64723,770.635245043782
4754955,1524471,534.7630398836463
4754956,1303947,735.0277492566179
4754957,1203582,265.2143951760979
4754958,1955775,650.8963038524508
4754959,1910086,736.1225621652069
4754960,1634026,434.52707768904395
4754961,1922994,699.4256995882114
4754962,1799017,91.8716220410979
4754963,1022807,843.7729732176557
4754964,858365,95.71477941052319
4754965,1648069,462.0012697020964
4754966,1941069,576.8639354266292
4754967,473032,990.4078389606284
4754968,363095,744.073709298952
4754969,919350,889.0734234901819
4754970,1234155,958.8474386836461
4754971,1155602,301.79072183631183
4754972,1604904,569.4216410284288
4754973,1761961,251.17974118899377
4754974,164126,307.87581126329945
4754975,1548020,824.364974227572
4754976,16623,359.48228954463656
4754977,1041650,955.7508787235328
4754978,1313236,79.8626358895692
4754979,607247,594.5057356901078
4754980,87133,258.6608235341952
4754981,1265358,538.8313892936808
4754982,271384,487.573990172364
4754983,90047,137.07913924235615
4754984,1374519,378.5789065954506
4754985,1426101,466.9127030484831
4754986,1470872,651.0177385158247
4754987,345294,833.6300053742725
4754988,1609293,493.85859499833464
4754989,366780,77.47352631005955
4754990,13797,462.4361330959971
4754991,227895,927.7021932056988
4754992,294937,248.05898309986486
4754993,78747,841.9730168169461
4754994,1163985,41.678121409146726
4754995,1817547,179.1010755573308
4754996,1102014,151.31812788251776
4754997,542317,631.9083774283508
4754998,1626811,962.6893209945005
4754999,692755,727.8175069787859
4755000,1128677,37.30738447234605
4755001,930832,452.8547456831895
4755002,887937,148.80625892202093
4755003,879073,558.7059534121898
4755004,329865,913.3446739155393
4755005,971903,401.47014534073224
4755006,844949,661.8936989001828
4755007,1714958,351.4446532779564
4755008,651184,496.93175334384586
4755009,870680,950.5566894069951
4755010,1436292,464.8269547141084
4755011,1831657,794.9408444036807
4755012,554760,967.4744684421853
4755013,562500,89.744095712189
4755014,249291,172.95679224250404
4755015,1490824,667.0866209734646
4755016,632610,873.9635395553844
4755017,1000199,729.9707080715157
4755018,1562986,145.72233276364022
4755019,218182,714.8561929862169
4755020,1465964,391.05476638637595
4755021,1426564,0.3911833394814046
4755022,1808079,776.868779766168
4755023,1941179,677.1188662863007
4755024,1432721,845.5797322423609
4755025,592377,841.0154683186596
4755026,1649072,60.438817051464035
4755027,1831346,348.1516500463296
4755028,648789,8.469630782020122
4755029,1833673,668.4445601125262
4755030,195616,371.7796070034636
4755031,1951560,391.1371245991232
4755032,293306,264.26912455605645
4755033,1512773,225.3680121074252
4755034,926732,118.38123287010337
4755035,1588920,692.5305215814003
4755036,1898462,837.9725974302439
4755037,1656583,602.1623235239755
4755038,185653,247.3397206832776
4755039,678667,733.1059948721716
4755040,615617,665.1778736524146
4755041,1888337,78.91654061011921
4755042,1402094,810.7323663073678
4755043,518244,425.1777921100781
4755044,489516,865.2428985929445
4755045,797157,24.024292092518216
4755046,1553136,310.23247857357984
4755047,764479,325.52938948559284
4755048,1678616,93.71099269560645
4755049,278283,472.0864457366998
4755050,1560240,986.2126699085927
4755051,1750633,375.64947849340246
4755052,602143,770.0467466548878
4755053,319683,131.09967441070347
4755054,905176,222.1411447667696
4755055,940613,604.154163999669
4755056,654331,516.982452138367
4755057,1452371,873.2650683219157
4755058,743159,313.66588208343927
4755059,121289,469.22507360372333
4755060,1486104,585.2496072493045
4755061,1756574,633.9899998043111
4755062,1136038,742.0293483944223
4755063,1913314,904.5610919128878
4755064,808401,856.2308771344984
4755065,263847,7.874057426308423
4755066,389627,370.1721952751339
4755067,1794574,52.420919445265504
4755068,1558918,866.3634838404658
4755069,1506617,972.2912019480066
4755070,1613932,948.1519026709872
4755071,1376547,515.5859338489674
4755072,60426,109.27060469587346
4755073,929858,877.0417787077731
4755074,282881,501.21159000676187
4755075,738234,515.6363251890667
4755076,948811,188.3469421580656
4755077,1241419,43.65171800093004
4755078,1233651,825.0643943415074
4755079,275097,99.41810982905885
4755080,1614252,90.99000192408101
4755081,1709413,964.4287566683533
4755082,531321,892.2695407591866
4755083,1335074,440.27847882412306
4755084,1907162,591.6901717316744
4755085,1074123,919.652562677926
4755086,1546318,671.3059291248501
4755087,1269546,146.72394392782851
4755088,1703674,193.03617540284722
4755089,382753,911.2535026303852
4755090,1534827,901.1304633545694
4755091,1281914,561.4745493528545
4755092,1081760,735.7063676339376
4755093,412770,689.1717061604121
4755094,1533674,621.8488938970048
4755095,795872,720.2523995270425
4755096,1264154,850.4784848126848
4755097,549443,734.2178501972745
4755098,573827,362.5503854229608
4755099,508172,851.8273591121564
4755100,547422,792.274268399619
4755101,1952784,744.6089713061605
4755102,391278,340.585034253003
4755103,1609728,558.3075242173842
4755104,327023,216.84317380171504
4755105,1798265,61.47108986809624
4755106,575156,301.2780518851651
4755107,812377,340.9310443097884
4755108,1387588,706.3100335977147
4755109,200086,833.7594440494404
4755110,1408928,625.4602644335208
4755111,1277245,496.05050114328355
4755112,479674,282.01671955085203
4755113,1721652,541.7243855827155
4755114,1942995,297.46793819451943
4755115,619781,494.9822053514692
4755116,1895408,386.3190904149096
4755117,1219089,2.3247611219808784
4755118,1339060,309.26385544553716
4755119,1741323,177.2011717561689
4755120,1637041,986.6848588893898
4755121,1572910,831.7838548082932
4755122,1534519,272.14371196930995
4755123,1198215,733.5222743772676
4755124,1539640,948.6606777299756
4755125,285569,790.5125187951007
4755126,389505,732.790446662461
4755127,1799109,619.9269197410363
4755128,123605,574.104431464252
4755129,1574704,606.7599675378914
4755130,151818,725.8999138211864
4755131,1104276,5.224717033951332
4755132,1580441,288.35574874873015
4755133,542655,85.84995729025636
4755134,517627,746.2993202762407
4755135,1337360,980.357333840115
4755136,1877039,125.688200715819
4755137,91112,762.5273982692597
4755138,28928,885.0081331189532
4755139,827284,940.5701560825406
4755140,160052,684.0231782734369
4755141,1061439,714.2224376101524
4755142,1016673,462.97902287683814
4755143,1515469,858.4168901645207
4755144,554683,673.2198630173308
4755145,1820147,474.0141705295425
4755146,1826739,407.5650524926976
4755147,1657966,400.193055278333
4755148,361574,496.5572633438192
4755149,1932988,255.80241410698778
4755150,1074731,798.3083678439224
4755151,320942,391.54025452902476
4755152,1269158,268.9107993863649
4755153,1653494,32.62709607040104
4755154,653609,469.45979924427826
4755155,908896,438.61899256116266
4755156,154592,130.79777393598368
4755157,156927,173.20530731182538
4755158,944709,770.9781375072988
4755159,1563483,1.6974935770669441
4755160,1898130,905.9499360383629
4755161,289361,497.48528694327354
4755162,1442377,132.26623052079833
4755163,1890559,586.7329923490698
4755164,1821983,326.12702245403267
4755165,785269,840.3415391467033
4755166,487990,242.57557250913354
4755167,1487733,961.54195404863
4755168,793169,313.0430678359797
4755169,725617,797.5578676423327
4755170,507998,227.4098638292583
4755171,487845,183.14951393293765
4755172,850167,313.0737708911372
4755173,1628509,372.54437895264226
4755174,498599,416.7009335359114
4755175,171837,835.2275977700299
4755176,1956882,848.560199309869
4755177,1741179,380.7537835369923
4755178,625974,679.3028979179232
4755179,242585,125.06962676182431
4755180,529373,509.1833122454583
4755181,1417151,338.09366990248014
4755182,1494711,292.5711563292181
4755183,695,350.96845408303057
4755184,381096,837.1414079715054
4755185,378166,980.3970371317444
4755186,1746873,936.8014977636442
4755187,40504,86.17082673216558
4755188,1048123,218.56683572037028
4755189,1282327,208.88294700921128
4755190,214040,769.5263288618943
4755191,796298,665.006145724578
4755192,1431872,674.8659348073462
4755193,606474,678.9202778051691
4755194,69897,156.71023782722605
4755195,1940093,921.7405838099804
4755196,268450,492.01847743774306
4755197,305805,309.53768721562426
4755198,522877,136.41122495965763
4755199,568219,682.5789975615421
4755200,1100391,883.5359439675411
4755201,1509053,193.56293871575724
4755202,1519900,648.8712457475127
4755203,1382929,166.09603320748934
4755204,1316904,802.1498002907501
4755205,640460,956.0601321386488
4755206,1221947,1.3047260775780334
4755207,1721448,900.826382337392
4755208,687136,414.47510704639546
4755209,935308,750.5774883470349
4755210,1379328,976.8007602211259
4755211,1728782,611.8966487736012
4755212,434590,522.1545556452795
4755213,294435,747.7575578345602
4755214,15636,348.48412673323793
4755215,118338,123.93371621991822
4755216,728506,798.9969477313624
4755217,1010425,87.49995704883251
4755218,214244,575.637531169259
4755219,1113728,357.4681989513602
4755220,1171785,484.60130483579235
4755221,909268,738.506341119445
4755222,1113686,829.3485930761292
4755223,134014,537.3574959756264
4755224,909262,674.883488125707
4755225,141571,758.1661787801382
4755226,1414891,805.6543968288132
4755227,978921,957.7964654159366
4755228,1652240,282.4880756130486
4755229,492153,394.7929920125708
4755230,166627,223.68559967923363
4755231,656456,754.0569618954878
4755232,564676,283.79571037748974
4755233,144461,470.582914011076
4755234,1032233,843.2586814226654
4755235,948931,580.5438583180351
4755236,1605680,784.8577802263037
4755237,399216,997.7699093420387
4755238,1745538,584.1171142373032
4755239,1136584,680.1214164767209
4755240,964300,540.8432076479118
4755241,964396,906.2602731092555
4755242,1417013,968.6208118883796
4755243,1404358,475.8412426823727
4755244,1065384,234.65701136957605
4755245,1993183,826.6518390797133
4755246,1204124,989.967043117448
4755247,1869338,147.60342545794282
4755248,244476,982.0546696195591
4755249,431122,504.5681157333
4755250,884680,694.503516635423
4755251,113677,120.69107153973779
4755252,849562,706.257088126562
4755253,1648809,625.0482898133281
4755254,90850,437.78636404396866
4755255,337443,492.3121748300896
4755256,1484579,385.6248154594739
4755257,869673,528.8076822887624
4755258,1968312,727.1108111596396
4755259,493972,339.55099458065075
4755260,227008,339.1374417569829
4755261,1553619,630.7614960848596
4755262,1117765,234.73013672530828
4755263,229097,993.4864421544698
4755264,225804,797.0178398019693
4755265,8055,828.8212875568624
4755266,1397354,272.1667123975312
4755267,538925,21.175500980351593
4755268,927578,165.36429615751024
4755269,1672465,626.9519007936436
4755270,1279312,94.15105011031777
4755271,1909252,926.8247238059699
4755272,2869,177.5819946939564
4755273,1558265,814.0200340057941
4755274,1583607,659.2539143978622
4755275,20429,36.91486455237059
4755276,1832475,960.1066032045198
4755277,1569152,298.21935673645015
4755278,958286,246.17288469147758
4755279,1585646,814.5912696849854
4755280,1442710,249.6149655136991
4755281,486375,615.5602424555583
4755282,912007,501.5423425227199
4755283,1870836,588.9869534570383
4755284,1426345,799.82768183849
4755285,1115987,978.7721053879648
4755286,141291,429.9481634563266
4755287,1278917,50.38866372900719
4755288,1909386,183.43608198396853
4755289,1548145,80.2149241415372
4755290,852610,554.1555302042693
4755291,715419,111.56169382852299
4755292,117322,279.61612891005507
4755293,359643,251.17306474031577
4755294,517036,665.8683690664329
4755295,1150144,977.715689669643
4755296,1016961,900.2186423397006
4755297,1774188,486.44386192272395
4755298,1698097,702.0972611704657
4755299,1876858,144.14226381031526
4755300,1089041,43.50587703618869
4755301,558768,701.1640723940974
4755302,1060783,147.9056447278837
4755303,82703,435.57066253469435
4755304,1205379,566.6712490734417
4755305,494050,163.38020391181308
4755306,192623,229.34775168152711
4755307,1913153,255.52121561498987
4755308,1138985,68.16383124729452
4755309,1701419,928.3592093310913
4755310,486901,570.3743144434516
4755311,1741062,228.00049909602038
4755312,718071,104.04947623211125
4755313,779547,233.65291959387835
4755314,1219166,400.4584631035291
4755315,81895,59.01026273332122
4755316,177854,654.1974162435554
4755317,485140,414.2515801791724
4755318,1134504,925.4106152363915
4755319,541195,927.8348221466506
4755320,937572,133.55001308533164
4755321,1779082,171.65460977485668
4755322,989632,86.51427526889799
4755323,1580578,121.38314870151834
4755324,739828,611.2672864480706
4755325,1721324,232.94199702515726
4755326,1338136,8.329263114271068
4755327,1847299,41.04881958970363
4755328,1009730,664.5564564121173
4755329,1523263,353.95021341527865
4755330,1006330,238.2425942635925
4755331,375464,135.8186825477128
4755332,1167870,998.271120540436
4755333,413024,270.8596680219806
4755334,836661,14.751455012877557
4755335,1600566,457.5381081150558
4755336,409225,39.80452311924265
4755337,1651539,596.5483602614866
4755338,1422456,143.75482908282333
4755339,726784,25.767155142740418
4755340,1052846,806.3424583337136
4755341,1118885,5.85474142105713
4755342,1569787,265.92933869602797
4755343,657737,995.4462250015389
4755344,1080761,978.2826967063035
4755345,423069,822.8466910433442
4755346,1517131,820.7598072367441
4755347,1874471,868.3525476829093
4755348,358202,192.4533762644196
4755349,697441,548.4635761235121
4755350,817278,750.4072129275919
4755351,1271351,905.2146543760239
4755352,1542363,809.6088364190816
4755353,691552,230.49516667051662
4755354,934769,832.0318919222864
4755355,1324028,883.0671509383147
4755356,1872277,386.19357214993676
4755357,1253012,972.9879392758055
4755358,1896859,861.0458335317145
4755359,789289,26.6022177790175
4755360,558807,233.97772439146402
4755361,1782697,460.5564113315676
4755362,917418,210.98758659867366
4755363,1316699,883.5064879665766
4755364,190695,100.85900417818972
4755365,1935984,115.01001986957537
4755366,135423,999.1672244996363
4755367,298682,931.9963539494378
4755368,91145,249.06020761167713
4755369,1690954,562.9142370234567
4755370,1371097,917.4712927848329
4755371,898168,68.10907634088947
4755372,233299,930.9191529700879
4755373,715818,903.6448561065883
4755374,731873,678.8907274651635
4755375,105913,415.45546374804997
4755376,1181904,500.0610980303578
4755377,527065,632.9540683668121
4755378,1212440,563.2508864834871
4755379,1696738,607.005313784552
4755380,206639,377.9314568172555
4755381,1166949,600.6341434695047
4755382,60927,338.1471458306349
4755383,865433,733.186948944083
4755384,1469209,441.4900208715538
4755385,503065,155.28826464504832
4755386,879802,873.4002509604541
4755387,1609166,603.5416890424559
4755388,1777955,757.9027276537544
4755389,1803344,5.872080133933033
4755390,1300645,672.7938677662539
4755391,114494,992.7173193370295
4755392,327262,634.5511918779988
4755393,1630955,112.41873775766197
4755394,1260367,758.4804634409631
4755395,127759,873.9710354292083
4755396,1054463,774.1754056421972
4755397,1024978,767.1926412984599
4755398,1004578,918.129536834216
4755399,1067339,695.3175154588021
4755400,1968270,839.9238711329358
4755401,1417973,587.0555932834087
4755402,1603750,787.9293403178943
4755403,1115648,737.1008805458296
4755404,4735,632.1885876976837
4755405,1044359,908.5621394744354
4755406,194425,445.0132382233266
4755407,1602004,568.868529103764
4755408,645020,23.084228981915643
4755409,1291348,871.7285198878953
4755410,1146660,295.40159199127504
4755411,157478,908.1927855037645
4755412,1425011,473.76610190027293
4755413,201436,222.6022024853115
4755414,1685747,815.1707374516368
4755415,1893999,939.9851458952584
4755416,1458784,634.7690085440014
4755417,1085894,489.26398882413116
4755418,1242026,568.1041881440502
4755419,1320670,994.9759049981494
4755420,752621,243.81033447015676
4755421,1530230,153.2261369638409
4755422,388226,232.34460831020652
4755423,1137005,280.78647611405705
4755424,1929686,382.5119055484703
4755425,173151,839.7153736891439
4755426,1401927,943.6867862022397
4755427,232094,471.3681316562106
4755428,1241666,402.3567328727743
4755429,1676777,718.1859619059808
4755430,566016,411.28484487909566
4755431,1344694,845.6646089531599
4755432,986669,800.5873001649703
4755433,1751679,56.63758998821211
4755434,1173716,943.7251425962328
4755435,469274,686.6504252727574
4755436,1985107,115.78945561210897
4755437,1425255,947.4401096218899
4755438,380771,354.4379413710446
4755439,608283,723.7576619459842
4755440,44777,884.3163364238648
4755441,343040,189.75153970323888
4755442,443425,409.3073060468476
4755443,9984,331.9057590948506
4755444,903904,835.3003059282062
4755445,179641,589.65688509459
4755446,920892,33.205510206232304
4755447,1237002,877.4683911478362
4755448,185552,922.0021352546714
4755449,1590260,778.895675970874
4755450,79003,639.460365295578
4755451,857878,719.122889253705
4755452,289561,867.9721341774399
4755453,1980976,681.969822485409
4755454,1038872,490.5355799245894
4755455,1868102,919.4706588412727
4755456,507310,874.1012250696989
4755457,1294185,151.8421960198526
4755458,1926688,515.6634059539588
4755459,1612485,312.2735550671514
4755460,567427,429.4782179967692
4755461,1703634,177.84585292650635
4755462,434394,243.63523144045794
4755463,169757,756.5818505112228
4755464,1905902,445.4017783380947
4755465,595770,426.8187398374141
4755466,1781186,804.3097895698054
4755467,1449808,586.7292418863295
4755468,1666039,708.8022733666052
4755469,1711689,219.85981195339767
4755470,1017541,304.0111255816544
4755471,1225118,614.8653232697684
4755472,924094,343.30097262585514
4755473,1022531,88.92020312536386
4755474,1880451,95.65868335112194
4755475,1557462,107.72309815459069
4755476,454499,655.1909521943161
4755477,1218859,121.79109050845427
4755478,1898139,52.75674271837405
4755479,1325962,735.4265916933297
4755480,108566,837.9086493701094
4755481,1512844,860.978450193754
4755482,916301,913.1075075912414
4755483,1567244,248.98133199052185
4755484,1785274,255.56630106070654
4755485,349409,529.9181819255103
4755486,290881,684.404025441401
4755487,848128,570.2212839905201
4755488,1324210,113.09449152285012
4755489,1773546,279.62063337508636
4755490,1383795,587.2853522100753
4755491,1776940,739.5528179035956
4755492,1432611,579.9816573821101
4755493,946090,502.33819018734107
4755494,1284258,735.6030922543771
4755495,477531,137.55855909318336
4755496,66517,233.9352088530343
4755497,752329,59.222063019715776
4755498,1381390,750.586233285022
4755499,1471091,18.60640255690871
4755500,1999665,184.0772989371129
4755501,83654,829.1585734607285
4755502,1568057,281.41331988659425
4755503,1164736,12.28544213173488
4755504,1933377,804.498501256221
4755505,1137577,772.1721596417643
4755506,1762855,942.6594050496149
4755507,1255671,406.74368598353396
4755508,973439,73.9829797971937
4755509,443731,660.4687628034234
4755510,1824575,362.655301884221
4755511,1324208,235.50004638798782
4755512,111610,114.02560866655264
4755513,209792,721.2196736799528
4755514,352743,385.62120130869283
4755515,1994005,797.5412516398969
4755516,150556,579.3670421624095
4755517,642853,642.818877254314
4755518,1935408,793.5612015228384
4755519,695052,980.3021027994997
4755520,834889,286.7345287170785
4755521,1965959,115.02908349030083
4755522,1096728,915.6948519397165
4755523,389046,522.2399460776122
4755524,632943,218.9837414046891
4755525,671005,758.7685614478413
4755526,149713,207.33035402218826
4755527,846867,613.2938885456516
4755528,1068459,928.1347565511313
4755529,1265198,385.8080404485372
4755530,237477,618.5925851538242
4755531,699464,703.6477597755537
4755532,802812,227.2614761954246
4755533,1452707,838.9834019791598
4755534,1266712,10.934953067255337
4755535,1197704,662.4239495389758
4755536,534397,124.50204538496334
4755537,1136260,100.55526612628984
4755538,1274275,627.9591688456851
4755539,643266,447.5194078725061
4755540,272965,447.40478705114174
4755541,1073170,363.719738185322
4755542,1015845,902.5670089599187
4755543,171951,529.308053561582
4755544,816520,136.78497456695504
4755545,513570,312.0131596939058
4755546,847531,761.8365380946665
4755547,1961290,120.89971956554713
4755548,1272497,153.62216375819338
4755549,1735519,620.6081321461687
4755550,261481,14.142404214519066
4755551,1461216,134.1928609862284
4755552,127792,767.1671190446242
4755553,1252506,385.3831738771192
4755554,969441,658.7060057152578
4755555,1355008,318.7526418485125
4755556,1544466,211.98023317182535
4755557,1473062,145.00251441549318
4755558,368195,233.19545301297396
4755559,38070,707.6004222687429
4755560,1911465,704.6304658300504
4755561,808368,742.4862719698481
4755562,597493,113.87482633946078
4755563,725957,481.68712994180174
4755564,605971,557.1994699031844
4755565,475351,925.1687636728103
4755566,1098770,438.75898707777384
4755567,1815575,125.15361750084597
4755568,640834,469.64230453351587
4755569,1006275,505.42208179210246
4755570,1647186,377.6686772590744
4755571,284675,927.3266683049541
4755572,1222229,602.5779067992476
4755573,353512,188.80142318594528
4755574,256008,16.122629075866147
4755575,376841,348.8285857826051
4755576,1463005,916.5584368906017
4755577,171458,575.79832995871
4755578,1606051,993.4792111484921
4755579,226578,664.0017011729327
4755580,1208138,852.4638822488032
4755581,1509656,410.0470183828493
4755582,1195212,595.5560130525093
4755583,153523,324.07499684128805
4755584,845359,15.536338632605172
4755585,1979196,724.9313197830865
4755586,962714,609.192163354526
4755587,853865,861.4770739557433
4755588,939779,339.3843544398231
4755589,75607,847.5333779540084
4755590,456695,403.34270494933645
4755591,1415456,119.6409767198715
4755592,935029,825.824819941965
4755593,123275,481.50369511892444
4755594,461437,417.71612873416274
4755595,27908,227.7898013930303
4755596,514645,75.53485121609893
4755597,616939,974.0089441698043
4755598,670295,529.1022455673359
4755599,508708,132.9488688552435
4755600,158575,928.8162325784579
4755601,1873861,52.313590866892355
4755602,2797,446.2520682864505
4755603,1142757,375.2584961729659
4755604,1656572,473.8675842605611
4755605,920069,950.6285122365867
4755606,1561016,763.4141926667254
4755607,1309478,688.220579788738
4755608,567268,357.38377671153467
4755609,1586082,947.9787854341234
4755610,982288,438.5121882145162
4755611,809090,649.1555502906339
4755612,73956,469.46908189692584
4755613,84736,849.9099615250701
4755614,390371,811.8374078144451
4755615,1594465,568.2808802953998
4755616,1580939,920.3433626731183
4755617,106975,244.13958989506423
4755618,1996183,46.37799616342997
4755619,1548937,325.8235869275127
4755620,423440,73.8598291183723
4755621,264190,221.86795434724115
4755622,1159646,691.3175967983661
4755623,390137,167.59897251215938
4755624,246871,970.6588732146646
4755625,1382542,283.3208914171077
4755626,605503,304.9324523841772
4755627,976772,962.5225814040434
4755628,977195,536.2823332974774
4755629,431478,525.6183035188193
4755630,1618088,172.63287855801823
4755631,1448640,319.6086508611711
4755632,108522,628.4046678113777
4755633,1693459,819.3059744676947
4755634,1003826,771.645448588023
4755635,1370628,579.147218006921
4755636,640285,967.2680817595697
4755637,1781233,785.9239020868933
4755638,1638596,575.9279133257929
4755639,747140,235.9054876677601
4755640,40310,981.8946360049855
4755641,122174,309.5311295343469
4755642,990875,258.4964101728422
4755643,1731285,941.2256206307874
4755644,726582,381.38215547932117
4755645,1943013,558.7625661605243
4755646,911103,286.25192883193904
4755647,352557,982.2497068185224
4755648,773282,655.4343614560186
4755649,975385,9.18687372299365
4755650,1047329,813.788188637074
4755651,667175,89.68673404307926
4755652,1071690,626.3097087222618
4755653,1851686,760.0149451251259
4755654,444509,326.3321017526265
4755655,1698813,832.1473580361604
4755656,1951429,694.9651265786272
4755657,341969,497.24667246039536
4755658,876921,561.9895707567657
4755659,481868,867.7679478474952
4755660,712568,730.1982704384844
4755661,1182783,50.50669409894981
4755662,1425382,835.4585783240618
4755663,6887,313.3213274085392
4755664,1146371,780.477602510119
4755665,714752,223.4402914808642
4755666,1178109,1.2055204563600208
4755667,502850,157.46818431711586
4755668,1010741,44.55636543769137
4755669,926925,722.350397475593
4755670,868603,321.34657371660415
4755671,1743523,784.4308532437161
4755672,1517430,47.527533770879145
4755673,947265,181.24047594438574
4755674,316754,28.542169927137873
4755675,939847,543.1169185178205
4755676,799518,534.1629885497894
4755677,567456,315.1053638024829
4755678,1025309,411.85126246717294
4755679,1682309,797.1959265690318
4755680,532805,647.6822212053605
4755681,1014448,958.5967157367654
4755682,996134,110.30676468627465
4755683,285406,619.029502915888
4755684,1771955,457.29599209326346
4755685,1333226,580.6985281003736
4755686,1605887,361.89660994133976
4755687,1146075,799.4102151592724
4755688,1505609,471.8963717295652
4755689,70392,187.23203393344656
4755690,1151098,564.7276701918474
4755691,930257,826.7681095573578
4755692,30623,635.8016776629653
4755693,1265757,727.8663339559624
4755694,777806,225.422920660977
4755695,1300689,429.13150029828483
4755696,617368,924.25785256428
4755697,827535,313.35826008294833
4755698,257036,21.66008279140208
4755699,43154,283.9137988191208
4755700,239896,361.1160216239651
4755701,1907797,362.42975647067544
4755702,1558832,493.1480264723486
4755703,1758582,146.20089826047956
4755704,517385,621.9457064428069
4755705,1234256,104.28592179907525
4755706,852903,218.07582453977037
4755707,1908557,16.547281803003465
4755708,1601120,824.9957064640766
4755709,1360065,656.9294737379475
4755710,1549443,416.1250014118545
4755711,446779,111.5487562244527
4755712,993039,786.3281956916005
4755713,750863,714.4309621695712
4755714,681874,540.9764310112386
4755715,1561267,433.7187007014678
4755716,370377,432.9001280265509
4755717,941817,278.46043397383147
4755718,1703696,982.5607698879561
4755719,1235314,371.64832066617515
4755720,982996,620.9791589369935
4755721,1943116,225.68192759381
4755722,304589,235.35920686797073
4755723,44050,505.0661403724467
4755724,353213,837.6279999267557
4755725,1893211,759.9786342983942
4755726,1069486,811.5785206844338
4755727,54068,334.1016348883942
4755728,267660,158.87950127854256
4755729,1804199,428.89394108304566
4755730,1261935,35.780645668006095
4755731,1752325,848.8317895705038
4755732,1501175,679.5891636939573
4755733,1076697,727.0605354118331
4755734,927138,930.626767654136
4755735,1016490,721.8653971022501
4755736,494279,965.1427217653146
4755737,1408284,424.9534822748532
4755738,136076,192.97598528614245
4755739,1503579,319.78585174800935
4755740,1688342,35.88815098522347
4755741,1070943,406.5257602237824
4755742,1650832,658.4751185043851
4755743,1679310,404.095825304214
4755744,1145558,929.173717318531
4755745,316086,195.61935096645155
4755746,417524,826.2350219698715
4755747,695066,741.2646612440645
4755748,284021,850.4164055240886
4755749,993597,516.0576798337883
4755750,1384859,568.8776550777746
4755751,1510275,831.9954880442244
4755752,986403,170.0148202381483
4755753,1175628,925.571907679853
4755754,1863186,424.4800439031603
4755755,1852779,687.1118400246319
4755756,1925653,400.0136377374243
4755757,1301860,361.3147183377129
4755758,1765576,538.1437107545815
4755759,1898110,332.4234555651656
4755760,1792699,733.1432361127056
4755761,1953584,505.75988912089764
4755762,1549318,11.386823315172823
4755763,1317431,383.1553196824181
4755764,1443653,439.7947092489326
4755765,800887,141.5988731765807
4755766,1348376,598.96833207994
4755767,985034,549.5285220894892
4755768,227700,833.8591012433646
4755769,64765,858.9244622967196
4755770,1111047,728.741648520975
4755771,1938370,829.6496841329347
4755772,1410998,823.7778904655763
4755773,1300330,266.744050698808
4755774,684861,465.56488562410436
4755775,471606,591.1172989778345
4755776,143323,661.4795235044627
4755777,1482619,107.42950490648684
4755778,536822,156.6395140430269
4755779,1411554,874.7726046726417
4755780,1762644,903.6115982245994
4755781,475898,636.6009136980107
4755782,1363817,716.3071229626009
4755783,1382137,3.172212421468368
4755784,925613,891.2071805770057
4755785,918257,660.0538111146623
4755786,683993,568.7077888388922
4755787,998212,905.4652554493216
4755788,1916591,204.53520434221383
4755789,44888,585.0119670452101
4755790,1821718,518.3292176904414
4755791,947871,608.237031159431
4755792,1047168,210.99063740017178
4755793,233257,935.0305208012406
4755794,1414072,848.1688662030425
4755795,713668,48.85561531844085
4755796,1634270,996.1843868208612
4755797,204032,53.604782060502345
4755798,1901058,104.06519533302038
4755799,1544592,547.8491084213096
4755800,325590,930.7596017701072
4755801,125778,838.1666742630358
4755802,96781,120.5283384616096
4755803,1046339,170.81646952541496
4755804,1505083,179.4078151709516
4755805,854949,195.47107281585141
4755806,1833750,722.9164230230119
4755807,17385,203.94412514539619
4755808,1689552,452.65732718654493
4755809,1961318,465.61263831930313
4755810,1941270,913.1767609568374
4755811,755735,322.0236660523226
4755812,1290287,977.0232192580114
4755813,1534355,851.6476460288742
4755814,89757,101.56717489531519
4755815,737182,199.73271189340159
4755816,785328,3.6791200885780695
4755817,907672,1.7771674592532705
4755818,659212,385.3907425841891
4755819,833397,187.91265180234896
4755820,796246,424.875998611125
4755821,1783477,643.5722467455917
4755822,607551,958.6631953770235
4755823,941877,258.56566928382273
4755824,1811166,639.4652135071327
4755825,1664001,991.9889201363461
4755826,785543,400.26901902817593
4755827,1929304,174.693753661906
4755828,445696,666.9946180530952
4755829,1235589,237.87042158141847
4755830,1067006,894.3773154414001
4755831,518123,887.2792131056467
4755832,1946416,981.4962841709779
4755833,316224,157.0879603222999
4755834,1016022,864.4679815405517
4755835,815279,741.1170509099043
4755836,726212,98.10277266236366
4755837,1506681,74.24410842858542
4755838,1109195,864.9293119934013
4755839,196179,71.54417420172143
4755840,349393,215.84906776458024
4755841,1873764,978.6238125173463
4755842,1291460,235.56489315843777
4755843,1166569,866.9696790431859
4755844,1661449,33.40152614795888
4755845,706408,324.5822037370616
4755846,1367267,504.9666465434002
4755847,1357875,84.08861540530776
4755848,1303579,250.33165405436299
4755849,869724,3.1329531541743894
4755850,819609,832.383970772655
4755851,1887131,188.73619565747902
4755852,224014,112.23823175050529
4755853,1014260,173.5109368940968
4755854,1718326,384.5285742238548
4755855,532151,670.5572432313428
4755856,676849,566.4204765802239
4755857,545533,826.5673962594396
4755858,1242697,735.1900527386833
4755859,1633803,89.6722198302562
4755860,964783,283.28915109977606
4755861,1576861,149.1822618437969
4755862,734332,713.9150642690646
4755863,879142,268.4629069953579
4755864,1541624,694.0964980870986
4755865,321748,188.30543051252403
4755866,1270509,945.479445130933
4755867,1891465,839.4587141044407
4755868,456126,214.56833300242607
4755869,1881952,968.3415472186796
4755870,1437843,465.0317849854118
4755871,910455,814.2416972815164
4755872,1786359,303.1627193986792
4755873,516829,126.62701453848713
4755874,938144,916.9393128553966
4755875,1448266,786.4253933254107
4755876,1495767,203.75079679800623
4755877,1051377,113.65200952480537
4755878,1396854,587.1164962442753
4755879,861353,980.6296421617135
4755880,1765970,553.8075575803451
4755881,278765,790.785046616412
4755882,1742804,815.2868551377226
4755883,33459,921.0151475012792
4755884,1879147,668.5096378794997
4755885,1090138,903.6670981552037
4755886,965868,830.6320603319612
4755887,456384,450.9725890327613
4755888,658209,935.5680689234918
4755889,1801630,136.56355412520116
4755890,791648,332.84658615203966
4755891,266022,250.72226387785634
4755892,427195,118.01283402772256
4755893,473579,395.4741355769801
4755894,1578950,3.3215645366019286
4755895,1608688,189.5858246429839
4755896,649591,24.263321407773432
4755897,188949,724.0307331925579
4755898,475530,487.290581568971
4755899,569127,827.2303423410249
4755900,1656719,461.91847736902923
4755901,1029386,33.56657629599036
4755902,1208422,432.97572766531357
4755903,1165708,449.4746446387149
4755904,1369663,15.221954099386537
4755905,26447,279.5150555578125
4755906,387779,791.3757216158053
4755907,982106,189.2862791235439
4755908,1541356,93.29335336134959
4755909,348228,318.8537022429324
4755910,1023401,764.6120384342565
4755911,963078,42.387165084087016
4755912,408067,76.9529341879246
4755913,1389413,216.64573481258287
4755914,348905,557.1396643650569
4755915,329729,939.424343450553
4755916,1837326,985.4917476689943
4755917,1028101,812.5617733043974
4755918,1517814,61.019120971534946
4755919,434164,482.9518803558692
4755920,1515416,922.5700904106095
4755921,1636628,226.42838635008133
4755922,125990,573.6775166905986
4755923,688513,497.5090328043132
4755924,1041521,975.3887359420726
4755925,1178713,443.7641810334394
4755926,586481,72.51331736939859
4755927,1375880,174.86811106414658
4755928,1513192,715.610769482993
4755929,94223,323.9196148164148
4755930,53431,177.92824654850682
4755931,1569552,218.6844150307895
4755932,1248094,324.0656644349088
4755933,1799952,885.7432578714138
4755934,98370,60.497250139541656
4755935,390251,854.919546259181
4755936,810337,836.4896911731792
4755937,1013884,508.00921853328
4755938,1048712,228.600545064491
4755939,328912,764.131763492081
4755940,494263,469.2257275697881
4755941,5491,463.6827781310514
4755942,1780998,622.4709110907863
4755943,1834051,236.810577881285
4755944,1002000,378.1730370909849
4755945,348248,956.8234507686079
4755946,1353728,70.07575597451809
4755947,979704,55.88934073577756
4755948,87684,835.3557777402226
4755949,149958,638.6396620989331
4755950,519197,828.103085163588
4755951,1747587,39.68671997018858
4755952,401076,705.3780549302204
4755953,811753,665.2631592940006
4755954,604237,415.35265803291435
4755955,1004574,270.59925104036233
4755956,1358060,469.762429602706
4755957,237556,473.8841912929428
4755958,1346586,655.4180237212496
4755959,629820,12.910245679381372
4755960,316044,839.7867806969931
4755961,1797843,450.0805901006579
4755962,1560683,62.81288779547622
4755963,1766285,323.55923926375243
4755964,1194166,68.55966058772123
4755965,321378,18.864095687487147
4755966,1257803,930.184638550406
4755967,752115,240.04079821863766
4755968,481166,58.831829519189526
4755969,1003384,461.1081439943273
4755970,1311785,994.2527665035253
4755971,1289034,673.2905788949708
4755972,1321594,269.732020140671
4755973,1624854,239.88210484183625
4755974,1577619,877.9511584508876
4755975,1070325,167.52622074950241
4755976,133219,473.91048787371693
4755977,1801686,520.4907875176189
4755978,249978,206.44939175238275
4755979,1067580,575.8778783148114
4755980,238706,726.1435037101515
4755981,457132,473.583538925424
4755982,168767,235.8932135561569
4755983,613224,533.3655270384872
4755984,1026226,197.85521920514338
4755985,736808,952.3490463472776
4755986,109295,684.1670551995688
4755987,1814221,383.2395025852842
4755988,1934297,316.5370975782206
4755989,677297,825.3810681724405
4755990,725279,853.3301908732102
4755991,833644,441.20276967039484
4755992,1653146,130.7756139619507
4755993,1401802,802.4651245092182
4755994,1979367,344.47643206593415
4755995,892949,534.6109860524748
4755996,1855640,499.9941153702607
4755997,1238352,739.949940885558
4755998,152971,775.6204856672996
4755999,1344646,705.4515503529582
4756000,319460,579.9584916840207
4756001,622776,155.53126984912825
4756002,1420829,788.4899539495362
4756003,1259115,910.4673403794616
4756004,153795,535.2343780328476
4756005,1700180,19.19049636570236
4756006,735684,905.59273732542
4756007,1073193,710.3685638285764
4756008,336620,421.59421511098094
4756009,1951118,817.6935259806285
4756010,908279,687.4675286044605
4756011,1678752,200.66915062489755
4756012,347079,437.56181743188796
4756013,511913,414.4704211294845
4756014,144063,325.3412000692987
4756015,1544681,841.9532301217135
4756016,1997232,546.0409683934452
4756017,27526,344.8596634936188
4756018,1799032,90.54896239525556
4756019,945176,423.79448593583146
4756020,1042886,591.0180124052416
4756021,1288283,898.6154611031832
4756022,765841,66.95644935218314
4756023,568459,979.165202980758
4756024,1451598,445.2948939895696
4756025,1532924,647.2400124249247
4756026,1425504,672.2289639467951
4756027,1833544,316.25550661515666
4756028,1191646,807.4345836961578
4756029,521365,973.1175148237147
4756030,1953648,68.3883458399599
4756031,266798,767.8344823821834
4756032,752132,343.2457009769081
4756033,999020,650.5898621140069
4756034,1224876,690.4876578144729
4756035,15357,757.275382599143
4756036,894997,315.6883881317416
4756037,1385434,962.5689310904866
4756038,1226417,67.60253082109946
4756039,213499,941.0848812778131
4756040,438446,552.3118451314804
4756041,256620,488.5455848952284
4756042,673033,627.1137530066252
4756043,310360,252.2400754187044
4756044,1424455,595.0958406513948
4756045,1677741,769.0835391059803
4756046,1999435,556.1240719035669
4756047,86898,25.931757738490102
4756048,1292362,990.0486844966742
4756049,1893452,272.3345253098883
4756050,1373156,797.2421758099158
4756051,1099994,119.98224491560283
4756052,1119317,853.4510327494139
4756053,1843599,796.0792499099487
4756054,1060050,163.06203059374124
4756055,1859814,814.5882801590792
4756056,246646,39.323688442154726
4756057,1142406,55.59501885741247
4756058,1898979,383.27170694193836
4756059,788942,148.26425953438772
4756060,890094,165.9013995716423
4756061,1372233,259.0230603958078
4756062,909691,90.7089207927706
4756063,133635,83.93988946166209
4756064,757262,836.7824508636708
4756065,925809,431.6356538796268
4756066,1494326,244.9903843938248
4756067,1132108,663.8133641159305
4756068,1067615,606.2397881876972
4756069,1153302,745.6946727829694
4756070,1175645,918.3636378231894
4756071,346697,690.6578859354771
4756072,1279989,613.2553914170761
4756073,1186196,115.28754445625079
4756074,1729660,745.2764705660878
4756075,1082373,425.57755695082164
4756076,987408,19.650965579815605
4756077,1292632,481.176517262332
4756078,10654,847.1987715012025
4756079,1462489,203.03881312545678
4756080,1020917,382.783611763913
4756081,432073,302.543975704755
4756082,60690,948.3203564296948
4756083,326083,836.6369498443283
4756084,419744,931.2717574568078
4756085,979832,627.1513868341231
4756086,892074,281.6144261888527
4756087,144579,322.7267621515826
4756088,14351,449.82576486405225
4756089,1020441,558.9425033527373
4756090,1007530,662.9686771088179
4756091,1630250,182.0596146842478
4756092,1415179,492.88173096474577
4756093,1645836,622.7408996392525
4756094,1342820,254.09892978165405
4756095,1804296,298.03015183966284
4756096,109958,576.5429426950385
4756097,1397961,746.005542260302
4756098,678379,593.8224190524782
4756099,1942424,635.6467484118763
4756100,1381025,112.56487656034354
4756101,1834029,744.923766520458
4756102,1339410,878.140559730681
4756103,547237,972.6890091667958
4756104,600168,206.4311526644066
4756105,1999010,136.26557119668436
4756106,821582,72.59421683047806
4756107,376388,777.6246631816429
4756108,1352884,603.1045039243215
4756109,1974693,937.6911886892949
4756110,1553441,176.09580100559953
4756111,1300084,350.38585025310476
4756112,875356,660.7468602222121
4756113,1294593,641.2183282868934
4756114,1934103,111.98939299362198
4756115,785843,591.8455768338139
4756116,1812,824.1833362171948
4756117,1501869,281.93221267076984
4756118,1323189,309.97549430641413
4756119,754984,720.1004387962915
4756120,1124941,729.8769436119559
4756121,1946736,307.0335874216502
4756122,146956,988.7977675998047
4756123,1047249,249.9130527273924
4756124,1580174,77.75220795942927
4756125,139169,604.060927466496
4756126,174729,328.15480531854746
4756127,1253313,441.4668619116795
4756128,995866,695.3803061999345
4756129,108477,563.9777229591735
4756130,262707,29.786990423965264
4756131,249819,939.136342581692
4756132,346794,106.30288904993557
4756133,1362383,434.900391854267
4756134,1306089,343.9266968683259
4756135,1772693,664.8169202140111
4756136,259510,76.9485817732407
4756137,1011423,114.22804327204827
4756138,1308454,660.0805152818809
4756139,1727158,853.9673332175686
4756140,1133355,866.5991289810108
4756141,1006245,321.9139048592602
4756142,276671,35.52613875556965
4756143,1592728,439.90059131862336
4756144,1596724,351.1513925891154
4756145,1701964,918.3904435346922
4756146,1940770,903.0703696192146
4756147,1180135,27.99197344000792
4756148,813045,731.459258094018
4756149,882864,538.5928345468077
4756150,1749016,661.5290812838733
4756151,931553,456.35593007476916
4756152,790857,170.83030405057164
4756153,1759776,748.1046531226817
4756154,1923459,908.0537868519318
4756155,1909964,828.2922683136796
4756156,1047818,433.7898229777111
4756157,737089,488.40175802337603
4756158,1881759,720.8437564796582
4756159,1233745,851.5216458993926
4756160,1047752,419.51430665962283
4756161,349917,438.29673842907545
4756162,1513795,643.9463900264659
4756163,651341,342.30643836424514
4756164,512239,376.4937379771958
4756165,84575,228.87346626642656
4756166,751519,862.7629675348174
4756167,1937384,757.9226512575552
4756168,1621668,768.8263472563215
4756169,1737250,838.8281487680817
4756170,24830,489.54068605464886
4756171,1038106,66.94979952310854
4756172,1102151,254.39479107794727
4756173,144629,973.0350789523726
4756174,575620,902.5461201400406
4756175,372243,911.3654266982752
4756176,1993201,656.8492133818879
4756177,1813212,651.3824554605784
4756178,1898480,700.778976230423
4756179,373523,255.04974318063068
4756180,1186477,247.93753451756305
4756181,49499,363.4183243273778
4756182,829284,168.2608596590125
4756183,1517768,282.7072558402456
4756184,778596,854.2951513783651
4756185,913268,985.5088983909702
4756186,705912,82.74652612936096
4756187,1716863,113.32787394317224
4756188,672919,218.9076979557143
4756189,842556,356.89463924292363
4756190,1462798,874.8602288223246
4756191,281624,351.59849156036506
4756192,1759878,666.1908032868182
4756193,874131,14.798031524800525
4756194,613669,148.72633352540043
4756195,1420391,962.2410962213482
4756196,411482,95.57802006136085
4756197,1662907,131.4058610339589
4756198,672239,939.9553198760066
4756199,1160897,161.02553070085145
4756200,198301,926.5011174326679
4756201,1060940,618.133024382492
4756202,313023,234.45779150640644
4756203,1043903,457.7696212284713
4756204,313244,876.8746399803359
4756205,8211,186.33291047173074
4756206,1331765,1.3616256475880162
4756207,47442,784.331218658524
4756208,808536,193.6094013488072
4756209,777959,416.66432335188273
4756210,536666,900.4513093998937
4756211,718397,448.2910302237821
4756212,1789560,517.9923087556307
4756213,221806,930.2952623414457
4756214,1652544,954.1182089533141
4756215,1218250,732.5200786208562
4756216,207308,528.1775831124008
4756217,1670261,525.571209669192
4756218,1833326,525.4093193531694
4756219,99550,520.9858627131821
4756220,1476355,217.22247773716174
4756221,1732151,239.0892654198421
4756222,569691,714.8904663047967
4756223,359479,395.17403506258677
4756224,938187,236.5362631783483
4756225,1854073,887.157388728113
4756226,1198936,98.82582122125515
4756227,725243,114.7370623839431
4756228,1413768,668.405649618428
4756229,200048,890.4994517322715
4756230,1217230,593.5424714966799
4756231,197142,41.88584565632802
4756232,1033475,195.44095196757814
4756233,1815045,399.6401840768946
4756234,1396637,678.7160832080657
4756235,1751690,286.36505374161567
4756236,196282,459.3241719859662
4756237,1759529,757.979277948268
4756238,167758,147.41816226328785
4756239,1398344,305.71129153510435
4756240,641057,382.69863000899886
4756241,1503070,436.9136794872279
4756242,480918,26.05404177301207
4756243,1553941,778.2734940305223
4756244,717187,474.4765626840869
4756245,1244872,672.6122708457115
4756246,1221677,299.39026695577365
4756247,941035,690.7380927267267
4756248,1194091,380.89743759777605
4756249,1904095,868.0467046736611
4756250,1443933,609.8984743844854
4756251,67469,468.2216005579234
4756252,98834,823.9937716539904
4756253,802500,365.551577284722
4756254,548537,143.3794289704591
4756255,1698052,795.2191440927222
4756256,334290,652.0847965123731
4756257,1050387,174.47250173703122
4756258,848477,992.8529875727226
4756259,897237,632.6508400818914
4756260,192123,606.3375957372364
4756261,754959,950.393801882673
4756262,1871280,22.319520055941624
4756263,31181,838.4591070165166
4756264,1577982,591.6879262789618
4756265,860906,204.0743223898963
4756266,789668,85.46427050712202
4756267,454838,46.755731569179005
4756268,531444,266.15704093045565
4756269,918202,222.50152472461292
4756270,1324787,377.2289270698079
4756271,1103903,207.5876424436519
4756272,1025718,757.5350135169963
4756273,1076150,107.62581057675969
4756274,1501794,462.77493584113984
4756275,651673,905.210858188084
4756276,757093,842.201637564467
4756277,324983,465.90237835082837
4756278,435072,138.71570028042356
4756279,525301,257.33247919439015
4756280,952546,424.7057802749233
4756281,1311338,488.97757298002364
4756282,657895,735.5956845807891
4756283,1878536,851.1004552789174
4756284,726004,626.6831683563067
4756285,1463959,820.0636651078704
4756286,1054968,768.4462547659443
4756287,232,793.6916988348468
4756288,814729,238.58766419321574
4756289,740050,336.70163513025466
4756290,350626,983.8500402292382
4756291,1966380,546.1691116235595
4756292,1247485,301.1035196379057
4756293,78988,421.38603267268593
4756294,1696410,837.296056805684
4756295,1218736,768.8485025278761
4756296,207702,248.0888005544536
4756297,91014,847.2470928947424
4756298,1846867,495.9849973270679
4756299,247631,934.736687385205
4756300,1661889,945.0947599294532
4756301,1215079,784.2603551335548
4756302,420385,355.7032147531708
4756303,1474088,964.6724144636376
4756304,1227049,712.1979646609329
4756305,1121397,42.60897408071018
4756306,793573,207.7708885701365
4756307,1028443,603.6217777098943
4756308,1888515,752.0257119837711
4756309,173401,136.53125548108713
4756310,630406,289.12548581501295
4756311,526409,692.1507460846107
4756312,1139447,822.0330565917201
4756313,958944,90.74193637066341
4756314,668626,927.297711479801
4756315,1718616,890.4170116254455
4756316,477639,671.1613669619779
4756317,199180,558.9185937564582
4756318,777045,365.59207625203004
4756319,204717,784.0939851323423
4756320,1756268,806.4062455919641
4756321,987305,977.5299110754006
4756322,1947584,886.2987178280016
4756323,573296,642.4604034706782
4756324,61607,680.0830823770111
4756325,1152364,950.2881517125168
4756326,945049,857.7054793051669
4756327,1940748,408.4586878615356
4756328,942284,419.19371500480406
4756329,1902401,103.42740911493509
4756330,971506,245.76921102440096
4756331,886128,432.85961111473335
4756332,349976,917.6514637062567
4756333,303630,862.4730139718048
4756334,981797,311.03936393606057
4756335,51010,479.6320227365032
4756336,660340,475.64905244177413
4756337,686587,912.6429997463888
4756338,719255,453.18849120479854
4756339,1029455,954.7264546718162
4756340,974070,296.98033920806745
4756341,153158,695.0214172957234
4756342,841116,830.4800342263724
4756343,1868134,706.1960617951116
4756344,57755,461.5456899304733
4756345,490609,974.7368946276214
4756346,1864234,680.8435970985665
4756347,604420,411.31732119654384
4756348,1174142,997.4128728761248
4756349,1094064,861.3369914483088
4756350,989194,497.94091113937077
4756351,1056731,889.2444052748624
4756352,871417,924.6160069086726
4756353,213354,763.1016765583196
4756354,466049,783.0463019916828
4756355,1849557,249.50266740217785
4756356,162958,551.1150500314353
4756357,1818661,241.9841651189094
4756358,1583688,823.9930603675531
4756359,110635,753.7736371924825
4756360,1154035,790.3676763204928
4756361,1818097,520.3295447703001
4756362,84457,809.85249233256
4756363,368569,255.40869214030516
4756364,1966322,741.8586535871492
4756365,826127,306.23573549353824
4756366,1750732,437.16495921564945
4756367,625372,701.5199547909025
4756368,1173671,140.71880414735705
4756369,1132200,348.70128969744496
4756370,1499388,605.2249261079546
4756371,1774418,324.6691232853515
4756372,1911259,292.4672453795224
4756373,225632,567.0249092848469
4756374,100023,896.8807822611827
4756375,753566,689.1347700312313
4756376,435276,458.4983201522619
4756377,934532,396.7537917602574
4756378,4912,492.12785951363924
4756379,356173,352.8299069628348
4756380,1726198,216.11460015622762
4756381,1287676,265.3953289036671
4756382,670529,169.79262342245548
4756383,900968,508.6210207764399
4756384,1647135,169.2397037391562
4756385,1020341,218.50264989331413
4756386,1546698,786.3459337695781
4756387,1978250,978.1643795096837
4756388,1861695,597.198161933573
4756389,1564402,285.2943486509102
4756390,1935957,37.47818291931671
4756391,1619958,916.3968084940254
4756392,524080,249.08153864147963
4756393,723233,288.96760770459673
4756394,1933191,967.1514481489182
4756395,1907613,540.3202577817874
4756396,503957,576.8848283447714
4756397,1279577,421.66652150002113
4756398,1650772,328.7406367204042
4756399,1406864,392.0167257850551
4756400,379627,991.8394284891951
4756401,1853567,717.3298547212962
4756402,1414182,370.6847497327781
4756403,203571,572.7902644749481
4756404,1827769,574.5042444069438
4756405,68047,571.9541622463397
4756406,463326,367.34104510084796
4756407,1989252,898.0187991701825
4756408,1654657,86.580936441638
4756409,381085,623.1672541240202
4756410,1899678,198.58942060353345
4756411,1783198,618.5312049122022
4756412,1385139,726.5940798199199
4756413,62942,631.9211562441956
4756414,710873,708.2087081402109
4756415,1422682,234.0203876269813
4756416,827873,478.00715725962004
4756417,1543029,70.91180613580627
4756418,1846923,74.71063500235043
4756419,1576787,390.8052698324043
4756420,601020,142.48021561865087
4756421,602329,18.628905077961665
4756422,1376824,287.2054306229972
4756423,583372,115.11462897416946
4756424,1831835,676.0365528529377
4756425,456333,538.1014041127264
4756426,1003524,90.93521520738857
4756427,1701375,425.76365064881116
4756428,797171,475.0218354589416
4756429,763837,175.2325718699711
4756430,618811,842.1424093272079
4756431,58792,357.1947784175802
4756432,1497051,35.89046810294305
4756433,1133622,114.59645611825464
4756434,138016,303.39272091926216
4756435,506839,911.236760259511
4756436,1965943,81.64334389582561
4756437,1249806,422.66293088505756
4756438,184753,86.52708043073997
4756439,1267907,456.57247218398277
4756440,1980903,832.9799759520943
4756441,492861,890.5610512176938
4756442,128596,709.2823310015633
4756443,73228,485.5773894647856
4756444,736755,495.2538140567504
4756445,1859710,619.3931440571549
4756446,251869,129.33191193886196
4756447,266830,210.2582749103623
4756448,1645112,821.4734910795199
4756449,1881962,81.14702663852269
4756450,1183727,497.50730600579806
4756451,1082428,833.7573021837845
4756452,101917,163.9614149132178
4756453,388997,350.393722883182
4756454,155020,914.6371681207277
4756455,1511980,844.8181121637906
4756456,255323,613.3405872285529
4756457,545385,377.15426225869487
4756458,1883913,117.92349134421676
4756459,1784769,306.10811543248707
4756460,343004,773.0726536208092
4756461,1093564,469.5278446759833
4756462,1041483,52.31205281603779
4756463,619503,92.14459034334787
4756464,1408168,520.3577776218426
4756465,476729,456.81940379735045
4756466,484666,16.233142607418372
4756467,125397,973.4290565735753
4756468,142306,833.6434059648853
4756469,1408933,152.09509451705028
4756470,1937818,704.4599774106131
4756471,1036096,592.0067953714843
4756472,1113281,334.5607367007228
4756473,1253164,773.1872809724422
4756474,1164932,932.0532684749513
4756475,1356627,834.660362851316
4756476,1592891,0.12104219568398467
4756477,560555,46.54963293962111
4756478,1591769,73.27810471751816
4756479,1393636,891.0770414349084
4756480,1841964,784.5835597265442
4756481,9829,276.85765734854937
4756482,590430,730.4715605097464
4756483,287460,412.37413989496054
4756484,721333,332.0514863686732
4756485,1400789,483.4779303803579
4756486,1226459,173.21900367316312
4756487,638005,754.6563350765083
4756488,1411265,834.2093435827596
4756489,758824,511.16297100343223
4756490,1867729,452.613316779322
4756491,188051,964.4110247876514
4756492,925011,942.5957393404492
4756493,500356,160.0783496393269
4756494,1057239,661.4194262338378
4756495,815881,439.83950078490585
4756496,1469955,171.41521448663786
4756497,1632443,914.5080633771676
4756498,1086094,957.4163603829604
4756499,1438588,300.0995460845161
4756500,798459,802.7175531992211
4756501,473553,717.4844729276409
4756502,1068491,437.6309410302888
4756503,1022826,767.0312074276109
4756504,375665,618.0400556111517
4756505,867328,595.099385575164
4756506,947184,319.2117842877911
4756507,378851,203.43152094137818
4756508,1247313,299.1074473619448
4756509,1749475,799.7359971293142
4756510,200504,136.28096454801886
4756511,1429677,732.1678710282796
4756512,481881,719.0452004702314
4756513,128629,279.16948714250765
4756514,1879928,887.1657044664148
4756515,179171,504.8809979603197
4756516,1974784,705.5996457943052
4756517,1217585,127.99976040426675
4756518,882563,627.5941095809268
4756519,1805876,189.78551189854176
4756520,1489731,350.9582116953964
4756521,1220747,832.1565786980376
4756522,999633,509.3313680436993
4756523,356392,652.0529248824059
4756524,652416,449.17863557629147
4756525,551363,597.5358744387745
4756526,937692,77.89506354561115
4756527,1440501,395.0546077551625
4756528,1764364,202.8608027762284
4756529,196273,493.59550259965124
4756530,1558257,476.5745722841315
4756531,457420,690.8424005447592
4756532,1513742,240.1751754990029
4756533,1975772,146.26892920822843
4756534,1207959,889.5501378041075
4756535,790509,296.6441978407891
4756536,958540,801.6293318979061
4756537,847901,716.6992065413757
4756538,1322135,369.6433905946863
4756539,1157545,324.9335137902962
4756540,1756515,725.1686956851852
4756541,615896,221.15511066958405
4756542,1484341,493.25503834388064
4756543,872685,615.4948365119773
4756544,1925888,504.05306086148425
4756545,1646243,507.1609667277203
4756546,1527966,605.180836625947
4756547,835120,428.23447043335784
4756548,709600,983.1625584846009
4756549,450776,592.68507102591
4756550,490299,947.9936120106319
4756551,149841,958.6371238154791
4756552,1521710,287.9643822897228
4756553,1300760,819.8836150363942
4756554,1850047,94.37950835684106
4756555,1995993,314.4464486471744
4756556,497153,287.4101892565454
4756557,486394,821.9229107153932
4756558,1674294,876.3956263184506
4756559,1923080,850.7727425130323
4756560,178654,987.6262763183917
4756561,1653996,488.7722855964694
4756562,1723517,12.565293817888513
4756563,720577,280.38660763076007
4756564,978156,98.51653849905173
4756565,1659386,249.72401891373096
4756566,91013,424.81297653782525
4756567,1741274,767.2891722060359
4756568,596304,967.0309240483524
4756569,1102757,966.2328930890669
4756570,1264661,932.0785968530555
4756571,1752663,687.296316723948
4756572,1741274,187.3642564195237
4756573,1675638,138.69586011006362
4756574,1735413,89.37482010069509
4756575,93556,356.2079507537432
4756576,1716532,539.5514038332534
4756577,166337,836.8511894401233
4756578,308836,61.94004256057062
4756579,1943443,228.25597664219998
4756580,10228,275.1524934008289
4756581,999870,663.8332148519855
4756582,966266,495.51699676726236
4756583,1814915,544.6650790370071
4756584,1920145,376.3896227937408
4756585,1249980,685.1032164000941
4756586,1197671,809.3212624940828
4756587,1223332,430.7904504976808
4756588,1157315,709.0270010132919
4756589,657210,36.73622235246554
4756590,910027,321.27696863524216
4756591,1803572,485.93682756781044
4756592,50980,988.6261811991442
4756593,1091848,957.1051572053469
4756594,608291,742.6885555167562
4756595,96525,714.2248673968494
4756596,1490462,344.91940679555233
4756597,1435894,825.3464482305759
4756598,1887495,985.1081702244393
4756599,327550,857.6166738996191
4756600,817949,638.9358330482622
4756601,1576230,410.71991456736777
4756602,1623220,441.2070394323614
4756603,776259,558.3676736689675
4756604,1064950,470.7403025530468
4756605,1574091,108.12310759692134
4756606,770054,464.7304100221412
4756607,1618547,876.4317486421915
4756608,1644883,237.97736221925692
4756609,408688,320.40906764169097
4756610,1960380,28.837572649476616
4756611,1944745,336.3756483945166
4756612,1174514,40.4359782199496
4756613,447165,738.4212963025371
4756614,282844,191.00399801839097
4756615,749447,1.4241909788895724
4756616,1842229,489.51325241960706
4756617,587698,687.4666563510071
4756618,1015035,46.553923614415346
4756619,1806073,344.5685345626894
4756620,211477,50.72604498113975
4756621,352238,757.851214590461
4756622,166784,735.0548172932063
4756623,1773288,995.8563283996912
4756624,786171,441.1455255284853
4756625,143576,632.4342118874523
4756626,247909,265.1754805324427
4756627,657937,989.8515113339986
4756628,1136304,688.0638527772019
4756629,1401538,243.35341302316039
4756630,1766262,915.3008815435259
4756631,54031,906.4867442076159
4756632,322481,1.3621002048734843
4756633,899538,278.70673536630875
4756634,1070225,222.0806682263996
4756635,1642229,471.95057017817055
4756636,1181422,207.8695907771978
4756637,806518,982.6561186138251
4756638,946020,542.7205218309696
4756639,1335294,868.8491040424458
4756640,186630,459.2799497064961
4756641,342311,859.075474467429
4756642,102067,869.2085030514311
4756643,1466833,263.661235456296
4756644,1856781,820.0384735040294
4756645,339112,403.45137715108524
4756646,194320,983.8014041544595
4756647,626620,613.1023873202041
4756648,624967,487.12385730592655
4756649,1350085,333.3423980852069
4756650,192674,174.97874932056413
4756651,364795,669.410803521561
4756652,297579,757.9042439242112
4756653,60078,775.7083814301453
4756654,96096,581.7051512121941
4756655,1471217,886.7955580841218
4756656,596450,445.25617595016274
4756657,34366,177.30021120758198
4756658,189011,801.2242960992761
4756659,302188,57.263608345826555
4756660,1055494,240.89232158134067
4756661,1807821,489.8586215719221
4756662,1219287,681.7408761493767
4756663,1667556,973.7684764177061
4756664,652430,328.34241556266585
4756665,1643867,226.229391853643
4756666,79045,613.4521890866744
4756667,15803,232.10046815330043
4756668,1934733,297.9017971639249
4756669,1681309,257.2416401679646
4756670,1379220,527.522347836048
4756671,285053,440.16462773835264
4756672,482810,701.3117156366422
4756673,1884799,992.3918008669629
4756674,1265049,994.3108080832242
4756675,1322480,934.9676761851763
4756676,85617,14.186790461884424
4756677,278917,624.2516150908014
4756678,1218977,113.71975044640669
4756679,1323700,431.90715316790806
4756680,984439,381.9374472686431
4756681,282431,499.76246801982774
4756682,602435,306.7742965130472
4756683,1245358,358.92923359919547
4756684,14780,390.64451245390796
4756685,924392,547.6336386863561
4756686,572785,477.92554369107955
4756687,1654260,591.6505405502458
4756688,416330,44.91857193445414
4756689,1755742,96.92720209319394
4756690,1220487,749.7772582023379
4756691,1523255,7.561257560066759
4756692,1260823,233.09399982388658
4756693,353179,54.283049093120425
4756694,629909,459.1531114514095
4756695,1047990,505.4533883888049
4756696,478195,833.0695077575778
4756697,1693927,259.645137251408
4756698,627472,978.3062961429808
4756699,1713350,402.3144619169739
4756700,1123495,771.4012390889835
4756701,370121,492.9556194970881
4756702,349823,176.2237882389579
4756703,1135684,357.9222290491435
4756704,1023458,367.9916748627916
4756705,609585,710.9609883794642
4756706,7747,373.1217600299043
4756707,1371588,191.54526019612229
4756708,1009011,565.3843901203284
4756709,1625318,461.84303174080657
4756710,463374,932.821387361341
4756711,1053553,789.6712766590988
4756712,1212577,788.4873159825994
4756713,196370,314.96513762240096
4756714,782113,217.77256762603835
4756715,1266465,653.5125447604227
4756716,29803,608.7610046743928
4756717,322962,399.15504461507146
4756718,4142,393.40390195139463
4756719,1284381,431.65722300805834
4756720,148894,354.9949235329526
4756721,218528,241.95325075380003
4756722,787725,589.8417181918747
4756723,617114,864.840737918236
4756724,466746,44.49288510504768
4756725,1063823,30.339223075997566
4756726,1064719,139.64096661911697
4756727,754037,430.0002259521036
4756728,1675830,169.17469440837485
4756729,1926569,744.938887039863
4756730,1632188,166.49458443330033
4756731,793697,145.57105317235798
4756732,788846,45.15404053850203
4756733,1223930,525.1435343201364
4756734,1629104,245.88534171558786
4756735,261148,527.7097233786626
4756736,719939,614.0476317577346
4756737,1665067,941.014308570603
4756738,1369553,598.2316861508663
4756739,1520630,934.4915835136641
4756740,1970681,44.26853587500368
4756741,1141395,32.444154319325676
4756742,1042896,783.6533689681498
4756743,1713548,43.085742733688924
4756744,607594,146.30953075637797
4756745,621724,912.9620611795391
4756746,265323,914.8180753613349
4756747,985281,755.1089303559986
4756748,540664,562.3782404353166
4756749,1054710,515.7741290086775
4756750,309617,173.5106299312258
4756751,1341274,112.70338961555682
4756752,1533287,263.3910206668317
4756753,1324665,347.03537649849636
4756754,810935,192.68259211406036
4756755,878196,604.12935595899
4756756,1337565,53.3409772846557
4756757,1318405,430.8130612010846
4756758,1309906,894.965452055127
4756759,1138943,821.6366303128534
4756760,1346131,698.4220165675936
4756761,569606,748.9512522754742
4756762,121320,218.18512601353123
4756763,252007,148.19163441402884
4756764,1544469,71.2114843186713
4756765,618006,386.32366809388776
4756766,200136,93.59619170443179
4756767,707566,840.2860249408457
4756768,1180433,251.7760403877286
4756769,933077,585.3379532608687
4756770,1266537,238.11171778384676
4756771,2004,112.95617511030942
4756772,215275,811.684201467311
4756773,259064,923.1532741453575
4756774,1678404,234.09260532272225
4756775,1394723,227.82403651081628
4756776,1189728,276.2024190239287
4756777,248970,361.6479986589052
4756778,1141541,581.285608621196
4756779,1962799,888.39390297733
4756780,1808284,47.54570928434387
4756781,1446677,746.9116585070919
4756782,674847,950.3873110586181
4756783,1978103,180.62176328907643
4756784,1661823,59.12815427786988
4756785,1993173,257.9192849872429
4756786,517210,954.935684051994
4756787,1382171,38.39651533090704
4756788,731620,175.7656511693718
4756789,772945,703.5985841111333
4756790,1734454,170.09803423076897
4756791,707930,647.190732048708
4756792,1583696,924.3240394836077
4756793,1016665,415.4860371158029
4756794,104478,251.39313497185222
4756795,1410372,41.35798218611342
4756796,276867,631.294459106369
4756797,485807,533.4120105579847
4756798,1900270,942.165807224893
4756799,62724,612.3935580334354
4756800,214854,3.8355696974160525
4756801,589709,407.3727145260113
4756802,1928551,779.6538141344487
4756803,326639,625.7124616498111
4756804,277483,939.7033988425296
4756805,915148,984.7291025245364
4756806,1723269,308.3739934775074
4756807,444495,934.377382353704
4756808,1697591,116.36734971915874
4756809,1265792,91.9470596248203
4756810,841056,481.7645739390293
4756811,1658869,707.1485688967128
4756812,1226575,762.4748249341748
4756813,1979384,120.54344088529712
4756814,1970500,331.21690407079427
4756815,109518,526.0204735293445
4756816,335906,473.16056686695606
4756817,1621590,484.43344974661784
4756818,148453,69.76832258088706
4756819,547284,758.9590033812606
4756820,765320,71.51715588156438
4756821,1248761,324.80753634269576
4756822,923123,42.05713717849535
4756823,1821900,480.0922798828523
4756824,897271,580.6819695467416
4756825,1468542,98.45043731472735
4756826,818670,502.73113006113937
4756827,1736837,107.1655477952409
4756828,701992,192.98747819031746
4756829,1253766,791.5824485779066
4756830,1900577,387.0549535330687
4756831,126402,801.5519506704057
4756832,1264060,68.25508031864503
4756833,1092323,86.14747222013553
4756834,118232,643.9027112792754
4756835,1704930,834.0982008654737
4756836,515114,808.0497290149307
4756837,463951,245.37597987531902
4756838,216878,601.584423848305
4756839,1968295,89.62488560847038
4756840,1241880,275.71635573523037
4756841,1817778,701.1135747551739
4756842,679807,634.4206331105391
4756843,1821875,391.3772625576829
4756844,1523011,320.18113399592306
4756845,991838,910.7389122258718
4756846,721488,64.22505003647983
4756847,1852856,441.54060444136934
4756848,126729,59.798231893108735
4756849,397905,696.2584251356897
4756850,980543,670.2629859574536
4756851,8344,664.9281744252717
4756852,1739036,870.7549197401856
4756853,1112296,653.1327922549792
4756854,281042,517.9696998419822
4756855,1279101,307.03699964488396
4756856,1232126,706.1821599696957
4756857,508932,455.6208517090011
4756858,1233023,539.9363284647459
4756859,1343239,851.4678229353256
4756860,47844,794.0389717524852
4756861,1962577,963.4466440319076
4756862,1413792,153.02568925541638
4756863,1886877,620.9657640534749
4756864,1810753,480.8703929453645
4756865,437604,6.85933138456607
4756866,1421548,408.5652198698073
4756867,1786534,273.743539521904
4756868,472107,173.40546532457935
4756869,1862982,995.3208765320096
4756870,1386768,476.7359217178169
4756871,1766833,905.7802870096384
4756872,647741,631.015331037288
4756873,1460289,296.77956808391747
4756874,1607943,985.2264005952375
4756875,296811,859.9275249292286
4756876,1293719,851.3506409098328
4756877,577157,92.46413124029328
4756878,1070869,763.6846653529122
4756879,130238,657.4429665450449
4756880,611610,551.1336539465723
4756881,184330,66.65798963998937
4756882,981575,214.3036264488366
4756883,393379,498.0204909856293
4756884,515840,627.5978726754405
4756885,114567,275.1434630473706
4756886,769107,27.285378990341336
4756887,351652,83.6650201511241
4756888,615877,249.3262756395115
4756889,1182726,671.0788625141366
4756890,1098758,731.7152585740075
4756891,506475,438.00496729429585
4756892,1728937,705.5237270815297
4756893,1456082,513.2505012591349
4756894,790675,266.387044416071
4756895,1719032,403.5445613476496
4756896,815876,666.9247849001645
4756897,30381,943.8397549749044
4756898,899835,508.8055539642623
4756899,1532382,116.09419126759401
4756900,1602992,466.0458802839964
4756901,940911,690.5863866255446
4756902,1639962,13.027014564896632
4756903,1355868,68.46506789141182
4756904,1254382,417.009530770418
4756905,1560763,855.993945227313
4756906,247640,186.33906659219645
4756907,1119841,522.1957740496215
4756908,802586,949.0646405646794
4756909,1327785,968.6504400778299
4756910,224560,581.6346442923352
4756911,934601,174.181810474872
4756912,843254,259.0750552877983
4756913,467553,682.424846444776
4756914,1375253,886.5108334989785
4756915,1415410,236.58801283669527
4756916,403432,381.92853956726935
4756917,459553,211.94896405103313
4756918,1798883,890.6963210532415
4756919,13989,182.8759546410975
4756920,689436,406.60215874254766
4756921,1752034,531.4716920243968
4756922,1616038,502.0819626536438
4756923,153736,557.6376568841741
4756924,765051,890.0403905279688
4756925,1436722,960.9487655104095
4756926,1725301,258.5463717039308
4756927,22804,437.0760060288893
4756928,1504887,665.2368387893191
4756929,533944,291.61629887133955
4756930,1282011,957.2780179077572
4756931,942891,387.0046109600187
4756932,343475,386.4240715858683
4756933,1936486,562.7201414121661
4756934,233744,684.1366214904174
4756935,634765,39.45955276591684
4756936,1214648,381.63044676922243
4756937,385308,950.857656500029
4756938,404418,601.7845026436122
4756939,1795742,163.77381825704896
4756940,1249249,529.0774428109448
4756941,1210053,627.4217391441586
4756942,1614988,116.24249831019151
4756943,1612693,735.4531898879925
4756944,703326,688.6612263206553
4756945,960204,847.3200153917476
4756946,17187,340.67260329315485
4756947,266464,625.6396253449952
4756948,723810,264.3734475598919
4756949,461881,437.8505502609081
4756950,1514309,779.2230232806181
4756951,1646237,835.7120183715364
4756952,1650599,368.637079992565
4756953,557638,740.4207120721595
4756954,961911,757.3129034053671
4756955,754231,311.94797208385273
4756956,183423,983.4792147335937
4756957,1276358,254.8931163715522
4756958,339658,673.3123190513106
4756959,1991657,17.97319811738374
4756960,1486466,724.6094198574333
4756961,370383,805.9773326305893
4756962,1891734,310.67290360595956
4756963,1473829,952.4031023109362
4756964,1670702,130.90125183562984
4756965,954044,252.73528963038206
4756966,1709213,883.227341025704
4756967,74010,623.3234509631181
4756968,913435,779.6661421251354
4756969,1502941,784.4896076265845
4756970,803006,656.0208922581196
4756971,1192539,857.8852605179582
4756972,769059,939.0400503040315
4756973,740256,183.4295552972961
4756974,186973,770.4240583244514
4756975,1214721,556.9556342199681
4756976,1034297,199.05600270143353
4756977,161872,217.89710828130526
4756978,987129,745.5468125868667
4756979,1587535,970.4759921576313
4756980,903356,273.51446686248084
4756981,743052,724.3965703645929
4756982,478230,448.62085612567057
4756983,1862370,158.1753102727015
4756984,836562,361.9088944370621
4756985,853989,934.336409335298
4756986,1565386,895.9100745334957
4756987,96746,420.32760623813357
4756988,481314,695.8800823082103
4756989,1754431,181.50394757820663
4756990,819635,329.41920695430014
4756991,1439723,36.96071575811055
4756992,637542,823.6709152783133
4756993,374838,863.3649878694347
4756994,1792263,143.58696383180958
4756995,889196,940.1755424336855
4756996,1093714,259.61135701264095
4756997,1225421,892.9000711855626
4756998,1766134,399.5829766796376
4756999,285121,12.837338294583112
4757000,705730,513.443756331441
4757001,1168460,537.1998908790691
4757002,1822080,516.2348764458145
4757003,773433,36.44869568074582
4757004,1098652,883.2459199424065
4757005,1650577,813.615428974223
4757006,1675126,809.0486509662809
4757007,1229529,457.27184435276655
4757008,1381132,826.0677720676863
4757009,966150,37.61830674754651
4757010,1403495,11.744136100092284
4757011,1791504,741.9743874971495
4757012,251573,14.538432544810465
4757013,708132,505.60628146887666
4757014,1627115,384.81356467579553
4757015,1843870,430.3740586545628
4757016,1263103,499.6868148327103
4757017,1125266,208.09779657394856
4757018,95886,869.8446915247532
4757019,1770388,309.59171884674186
4757020,1064917,207.96833337819598
4757021,182484,203.16445943885097
4757022,924960,508.1363166925188
4757023,116048,223.36840172659845
4757024,20540,830.8433007351024
4757025,1040445,682.5945823344236
4757026,1636968,897.8190606538561
4757027,1037891,843.8428984745055
4757028,414663,580.2343333295914
4757029,355756,722.646204303634
4757030,1618059,503.9863640148536
4757031,1875327,403.19485703403234
4757032,907333,63.01402522067634
4757033,269789,105.32130510412819
4757034,106322,862.6913416823177
4757035,1017949,907.8396924565313
4757036,703923,510.4667606699457
4757037,281096,907.6280475077689
4757038,220736,689.9923412287955
4757039,113969,26.07789121159343
4757040,823974,856.7713543386516
4757041,942799,393.35333352218095
4757042,732149,212.86286894632522
4757043,647231,468.3461979471949
4757044,1657591,987.7776665419573
4757045,1690265,288.2384201397511
4757046,171358,636.3183081793176
4757047,175068,638.7984136372264
4757048,1943976,39.63805018472733
4757049,1170014,892.2827220188913
4757050,198367,961.8001714392293
4757051,1398560,591.8892187634887
4757052,1685236,738.8594899263038
4757053,797045,211.04397367831407
4757054,1922696,757.3025965510712
4757055,1995056,585.5951032789288
4757056,643609,736.1997854472477
4757057,1933382,8.27435444371638
4757058,1364450,789.5804456403799
4757059,188754,720.0527427399111
4757060,964668,910.2532910297246
4757061,346814,81.88251988282968
4757062,1383140,481.95932915843684
4757063,1415487,94.93801049747685
4757064,1502835,94.4315611840385
4757065,912494,358.2607439104789
4757066,526939,503.0303051848966
4757067,64619,911.5884129496691
4757068,497000,289.24985367771404
4757069,1625605,127.46624205931434
4757070,1506103,902.713251059262
4757071,746312,552.7509765170174
4757072,440794,40.72175240726739
4757073,1622797,207.9266383618471
4757074,889272,459.32149294895174
4757075,1538246,908.1743369840974
4757076,387238,96.646047460196
4757077,867000,745.2292387426141
4757078,1004326,298.9521253421179
4757079,1921474,167.42613581898348
4757080,1011711,905.0612238345161
4757081,1235804,725.6055650698837
4757082,1216732,605.2298034479678
4757083,1953409,393.7083739309225
4757084,304433,345.047942029689
4757085,1234,83.69543155493785
4757086,1846428,623.6101855599517
4757087,529052,425.6957402181039
4757088,406652,572.4068125040691
4757089,1853,913.2011109493378
4757090,257261,76.79011793666646
4757091,760818,148.52396698690694
4757092,1372137,285.76880740125256
4757093,766571,853.1185337362219
4757094,457039,285.90477154128604
4757095,1349635,868.5126260311522
4757096,1878307,229.55716553794426
4757097,1693167,633.898265897488
4757098,1352184,677.3230017951742
4757099,585290,386.2179375696553
4757100,71298,78.15137468116274
4757101,630049,851.851845906525
4757102,309503,399.15537157906067
4757103,1000473,61.474530151274465
4757104,710482,975.3373365669124
4757105,1899286,165.98071449804985
4757106,839700,699.729908723477
4757107,1193741,805.1013450137739
4757108,1116899,108.92730185128818
4757109,1057315,747.1666301109757
4757110,1960620,489.1741467019366
4757111,407073,229.7826473828495
4757112,1866153,946.648498920285
4757113,184170,160.00876767025073
4757114,1817622,708.5054704292081
4757115,1977309,188.93277559667888
4757116,1628784,342.5118865224379
4757117,1315036,462.52707182572794
4757118,1959495,224.7801457893561
4757119,997575,899.0223886894286
4757120,1520957,866.3441422316796
4757121,866001,337.46975495862097
4757122,1350657,34.654461290008484
4757123,1121598,459.8915907444129
4757124,932096,183.70741777016963
4757125,1183016,687.8394498489206
4757126,1266096,814.4735427603449
4757127,705277,473.37238943682536
4757128,1848430,354.96045882008684
4757129,189195,972.0515206660916
4757130,730595,651.9302796758668
4757131,1524299,35.88711167942482
4757132,389965,921.1861926003427
4757133,648949,858.2643128449192
4757134,544722,485.5537839148779
4757135,871630,538.1869586785958
4757136,617784,594.9394463646335
4757137,202303,172.3116988055442
4757138,1884414,850.2098839720204
4757139,635886,49.03806718846526
4757140,544986,229.30988647691674
4757141,1073722,215.91295910264284
4757142,1008531,229.7070758451082
4757143,1640325,310.95050141840574
4757144,1359482,990.9067820189039
4757145,958325,765.6636257929672
4757146,89641,328.16226137187044
4757147,378992,471.70958005751083
4757148,1130604,366.5326375629361
4757149,1091873,757.9422916234028
4757150,782320,205.94148507309885
4757151,26920,384.5686195639083
4757152,236203,948.6977515859329
4757153,14486,3.6831635701725096
4757154,1591429,885.4992123472643
4757155,1095671,352.08552734116796
4757156,754938,76.05527421897517
4757157,43899,876.1394184676589
4757158,1240929,449.06894748912055
4757159,1856085,134.23536345152465
4757160,1341002,859.5744773451489
4757161,179140,2.6867074217754583
4757162,1771435,362.03752777539364
4757163,25188,544.9511176453365
4757164,709897,208.53521912679963
4757165,1872886,398.2696351054027
4757166,528299,874.3281034738833
4757167,133641,43.77676114234541
4757168,1283255,822.8593260158264
4757169,1614029,657.7886063339668
4757170,1576690,550.7649471015549
4757171,1815932,79.43170381801411
4757172,1275424,566.6879537464988
4757173,1180906,489.8880494376575
4757174,1569654,378.1005719265146
4757175,345620,479.4612223415037
4757176,34357,606.5100649412916
4757177,380474,673.9065003263869
4757178,1114153,364.3250728411367
4757179,299905,859.4939501991862
4757180,1657601,107.117784268008
4757181,1313103,808.7738181972188
4757182,97637,180.32852612658868
4757183,1963070,817.3720004746555
4757184,628679,38.123166938990536
4757185,565272,788.7142728270745
4757186,19038,268.9116269310368
4757187,1253029,533.0749000293904
4757188,889956,872.3028992686111
4757189,222129,672.4375078051887
4757190,1617206,734.0299033719023
4757191,1796195,962.1302943626445
4757192,67437,371.31992521702915
4757193,722096,878.5513038981271
4757194,924124,435.84015199123104
4757195,510821,104.81413321900324
4757196,1521207,9.189970459042907
4757197,729925,932.1663289048149
4757198,119442,223.32632624278403
4757199,1131429,361.391234002009
4757200,1411276,440.1278088581102
4757201,1172264,523.755425185809
4757202,326942,899.6062509683426
4757203,1184320,572.4141579765874
4757204,1056183,451.9645693180236
4757205,1884535,309.2827456425453
4757206,1063695,892.3937449001697
4757207,921368,841.9654590337295
4757208,1435983,983.5817593819379
4757209,1760585,436.65148544847585
4757210,669137,690.3185797024732
4757211,277300,337.72280246780775
4757212,1897892,753.7038888704723
4757213,1545515,391.13626083058625
4757214,1726325,508.3193726518659
4757215,146239,319.19690120171293
4757216,1132002,880.711368959284
4757217,495168,623.3034488972625
4757218,396287,880.4705601715661
4757219,1283429,353.15545987188557
4757220,1338637,534.1863600936413
4757221,556391,129.77704772815767
4757222,1481075,267.8662222210453
4757223,1880342,511.57314862266026
4757224,1859196,267.42714083006666
4757225,1213508,885.0583624873627
4757226,725806,399.3236767563585
4757227,884093,317.82538883059453
4757228,195312,124.90957293758198
4757229,1180874,388.83806419717735
4757230,295012,170.00395229384247
4757231,15459,617.0296372017714
4757232,1553939,34.36405717195679
4757233,832795,212.0603658664172
4757234,156746,347.9464810454246
4757235,1682961,159.7530857036169
4757236,1869715,32.752821115764604
4757237,1075109,412.11783667492443
4757238,703324,477.90675744152657
4757239,321585,491.23267980387243
4757240,1074276,886.6537002990359
4757241,1062088,854.3673387455786
4757242,525547,470.4586854979932
4757243,845208,562.2003136542596
4757244,1784897,277.0094602486263
4757245,1880476,395.80218922346376
4757246,1156824,777.1811952263641
4757247,1013072,370.02819784952436
4757248,1425561,85.75763169064065
4757249,1816976,631.0974415145191
4757250,1343870,515.1273078376063
4757251,694963,313.2489643331099
4757252,758957,546.367269352557
4757253,1847478,788.0777739637566
4757254,1935492,867.6776314768381
4757255,1590586,529.0617966167242
4757256,1260523,954.1053666822672
4757257,1602407,429.7363957726821
4757258,1216419,791.0172097619381
4757259,1214098,304.1804118429126
4757260,1010709,167.82148099170914
4757261,1179386,514.0685690653262
4757262,1858084,941.084292805104
4757263,35498,13.029268411293259
4757264,1766587,693.1186404866029
4757265,594956,836.8740911069696
4757266,1332557,46.28222825664863
4757267,1977385,785.2116086892099
4757268,1365629,53.08975469337107
4757269,787990,626.8881993529995
4757270,380183,62.091587271476016
4757271,1328446,184.1699193296462
4757272,261780,57.08780368815924
4757273,1798575,780.0902374872455
4757274,574108,374.2205729203775
4757275,1170978,625.1276518597998
4757276,144267,419.3898171354915
4757277,1549253,324.56765726673285
4757278,1558165,258.45255715492334
4757279,1655636,613.3626277196779
4757280,506775,637.3669186338171
4757281,495006,525.2356522117642
4757282,881757,949.1490849363977
4757283,1699488,951.0143025817077
4757284,1665191,496.50738975839636
4757285,1349880,647.0503802764814
4757286,818347,118.02055065957839
4757287,365150,336.0649942687183
4757288,1753741,204.76724053341476
4757289,889408,256.63908031266516
4757290,1213770,999.193045016587
4757291,756767,873.0229973398909
4757292,1285872,144.99563184217578
4757293,1465021,917.7840492635951
4757294,102195,783.058256944327
4757295,1362787,395.7309122085995
4757296,131634,491.04073005850466
4757297,260926,770.485159512049
4757298,1324309,339.28288084807343
4757299,928870,655.520806937249
4757300,731855,219.25740159596728
4757301,1628783,37.55296844450173
4757302,932416,906.0379635474651
4757303,1107342,583.2031131813262
4757304,109829,428.70777427724516
4757305,863988,159.00972440633953
4757306,1039646,577.3793027263746
4757307,612790,597.6320992949271
4757308,219874,134.07958909437156
4757309,1650908,203.41769385704688
4757310,1983172,998.4981396668607
4757311,1628407,417.85222585254354
4757312,1944807,97.97941109322662
4757313,618644,854.8663833735278
4757314,1331035,93.55810297563782
4757315,1126758,340.38162163907026
4757316,1539549,901.7281830094788
4757317,1012989,294.7996937619377
4757318,279122,535.5409088338608
4757319,1426041,654.8095326522224
4757320,1759463,398.5493273930212
4757321,1932002,888.8572486492744
4757322,705663,907.1003069839843
4757323,1422639,242.98977029506074
4757324,1260657,883.5898267840656
4757325,677314,291.5694977475244
4757326,1555407,483.8739378217526
4757327,1864724,96.50215628083092
4757328,1808178,164.66874463558722
4757329,1997641,680.6136565880719
4757330,1459806,806.4318698103486
4757331,671316,273.6378073456336
4757332,598149,460.05539618368476
4757333,637479,935.0363745927546
4757334,545633,118.18845173741721
4757335,1409222,698.2821807301522
4757336,497148,78.81835678102367
4757337,1524886,415.6619122829025
4757338,198323,519.8862286880858
4757339,1292581,829.9062294898791
4757340,1327867,469.17902665670374
4757341,476147,81.93110175937501
4757342,346599,876.6327678163332
4757343,225613,555.1547413633458
4757344,63028,489.878044413351
4757345,866625,210.0531987764832
4757346,1891276,785.6960922439441
4757347,465664,564.3904479193169
4757348,120412,448.9218783470772
4757349,1212231,617.6656424307164
4757350,881543,549.0716562991998
4757351,1113940,177.02359270255874
4757352,1592421,769.0938722226334
4757353,1826435,959.6696571314498
4757354,1608198,551.9680008443703
4757355,1909009,858.5489981816706
4757356,111853,458.17573093640493
4757357,589594,500.5064292120108
4757358,1581041,301.02328892130737
4757359,1846771,948.7565469604488
4757360,614399,376.2091923657596
4757361,1957784,429.9885366436974
4757362,937787,316.1829516813449
4757363,1730165,243.9121373432531
4757364,489631,625.5525067635555
4757365,1822594,853.9206208186276
4757366,240859,52.71206872870293
4757367,589091,872.1611490104308
4757368,1867264,325.1885129719837
4757369,334351,738.1173274244372
4757370,201138,986.5524519957986
4757371,1670659,736.9775997819384
4757372,492938,574.1548477941074
4757373,848677,281.159935390905
4757374,167767,484.46078347874254
4757375,888622,812.9060876622787
4757376,297336,13.456521191318682
4757377,1460854,967.8825022179972
4757378,139130,453.231970746144
4757379,1333637,946.8169115501491
4757380,1803373,449.81623171049824
4757381,1061545,26.797289093593246
4757382,1994300,558.8989360881683
4757383,494066,392.9749347558219
4757384,48629,594.7093420091176
4757385,182404,694.5341143257216
4757386,498116,490.72633830015377
4757387,197624,882.3576903689841
4757388,407423,349.35547563835013
4757389,452885,688.8924820854345
4757390,1713511,911.1970308433215
4757391,1438998,870.0860885966085
4757392,287333,296.68303889100434
4757393,439890,409.078228656783
4757394,1426532,27.085137183331163
4757395,933733,250.39745266363855
4757396,1349568,616.5114472821059
4757397,1060777,681.9991953463237
4757398,1602293,729.9557736518929
4757399,140574,471.4386207522906
4757400,1295818,548.5549574012035
4757401,912366,482.6673446695979
4757402,517488,939.1175607631361
4757403,470937,9.867107139386878
4757404,100811,491.41438398462566
4757405,183258,8.380286326337693
4757406,701982,857.5910534864206
4757407,741673,425.81335858579394
4757408,479043,658.2872552210662
4757409,1882195,978.4195579149136
4757410,1699113,765.9785434133751
4757411,326597,646.4436962051049
4757412,1803504,681.8166507432513
4757413,79645,654.3649628590591
4757414,460481,43.10931984295097
4757415,206852,359.55820372325206
4757416,636934,556.5293510452924
4757417,50705,935.4004725771335
4757418,1981117,799.4132391831516
4757419,500049,396.08481083633995
4757420,534983,785.4236540875963
4757421,907838,538.9597172207909
4757422,661533,725.6422977143646
4757423,1834971,319.57271170422916
4757424,565762,375.60055340013065
4757425,1055501,317.96318150885617
4757426,1947974,101.32277065192108
4757427,821351,569.1043552799459
4757428,516369,555.7185443818987
4757429,1189486,212.01326907784613
4757430,1421047,633.2003030804333
4757431,1428869,980.5918326663724
4757432,1718940,10.128417740950635
4757433,1584719,619.5544024621356
4757434,499208,171.01739225426803
4757435,1240396,503.98672931925057
4757436,45617,539.8978575511994
4757437,1596129,647.7586080081776
4757438,1829654,944.6189637477434
4757439,642994,995.5867774218144
4757440,782508,463.31132037175735
4757441,1393693,149.90429748542778
4757442,1729910,479.7701538847984
4757443,824189,909.7452093128628
4757444,1244921,775.067015999224
4757445,788761,548.7050544700893
4757446,1919011,617.2964734547428
4757447,439513,164.71083321445101
4757448,1488744,796.581220831842
4757449,717801,57.19190749223158
4757450,663948,562.7013631325564
4757451,1972995,392.713242551863
4757452,365529,495.6487871313027
4757453,232883,851.8973777032276
4757454,616322,438.7811939833529
4757455,1998406,178.6919749822229
4757456,974594,679.1154518419509
4757457,1119021,537.7908170753466
4757458,64985,122.43223291796556
4757459,1774974,437.30867329950496
4757460,299446,186.69429475948886
4757461,268585,630.642776090936
4757462,470494,702.4788544594629
4757463,1613551,210.5986889298691
4757464,1454711,89.14717189242648
4757465,1924598,163.29220475364525
4757466,631789,63.365789296829014
4757467,759833,42.43998254044823
4757468,352134,661.1556916794212
4757469,250571,117.26227501410003
4757470,378602,915.440171567214
4757471,1722577,368.844869867337
4757472,1789847,785.997899360977
4757473,1369788,825.6405221162017
4757474,112635,129.08826150618523
4757475,177721,157.79327833157842
4757476,930383,671.3031222999941
4757477,1975591,968.4320026017032
4757478,764664,508.11556396241406
4757479,1746432,684.999325027367
4757480,1452855,763.3466961345832
4757481,302102,6.077829631755516
4757482,353763,515.2432476025964
4757483,1393043,583.7077227066804
4757484,812682,768.9470137921552
4757485,675509,513.2214152969595
4757486,598580,423.9922271415053
4757487,1188684,975.3805291844054
4757488,1858093,462.58516532804583
4757489,1821265,288.0364538694502
4757490,1850221,983.9273479110936
4757491,31594,682.0095402253118
4757492,373577,966.8873353109221
4757493,603502,678.0234125618153
4757494,1055821,394.0708239524059
4757495,1705692,669.1033948212519
4757496,417905,219.92568835687743
4757497,1999986,513.8506058541589
4757498,1794782,265.1134523967532
4757499,1692361,940.7522455538882
4757500,1930545,662.4700336357674
4757501,1925946,256.1329481058899
4757502,1292501,35.66258645777465
4757503,962897,262.49987167354374
4757504,171726,822.9994958089999
4757505,413083,365.97999157032314
4757506,755581,347.86657539338296
4757507,975290,185.1906513114673
4757508,129800,305.79646815634754
4757509,1025644,477.3403234058715
4757510,941779,264.34400779785994
4757511,1405750,579.4432711204834
4757512,1330157,378.3986133266053
4757513,909763,151.44928622275555
4757514,1011528,442.25480437086384
4757515,662124,393.3232790921967
4757516,382682,812.674534280282
4757517,419408,469.00547388977543
4757518,1426205,895.247694932652
4757519,398259,267.96229994604346
4757520,932571,727.4526633007623
4757521,1512006,27.33042207431524
4757522,1814389,336.3319432229912
4757523,1811769,219.58587267737983
4757524,1147130,2.6115350857826014
4757525,500972,714.2631140832697
4757526,828557,456.64300514696
4757527,1936147,348.28119978388304
4757528,277461,631.0633681027425
4757529,439464,201.21867195647025
4757530,169017,51.390023478758536
4757531,628283,706.5134638519991
4757532,1226417,741.3661870201126
4757533,1165319,929.814234654183
4757534,30002,819.8781933548233
4757535,1219076,823.2601848602105
4757536,1670953,7.924703334460492
4757537,648933,200.7928833017625
4757538,1253475,307.50068905895534
4757539,205411,893.5615468268812
4757540,237827,231.4537686049114
4757541,727081,671.8274666380704
4757542,1667513,118.53358268957159
4757543,1254491,685.0402199773098
4757544,1923347,728.334427835101
4757545,1736261,805.7908655827954
4757546,1704808,215.9425156505742
4757547,1951436,663.5752759861107
4757548,832402,555.9917640270174
4757549,1051462,99.23380128988968
4757550,1511171,707.3584002439175
4757551,1727047,780.1327151070793
4757552,1395556,252.93404557246623
4757553,938765,440.0259242219494
4757554,29562,943.7374074119946
4757555,1874019,54.337133825417936
4757556,1583588,256.8344976742225
4757557,1407786,526.9338755239738
4757558,306315,602.875057718634
4757559,1939469,386.9833789580088
4757560,1660699,908.2822171442023
4757561,573166,791.4774719610871
4757562,1060054,258.5873805401865
4757563,726027,111.2199851094009
4757564,581475,427.49172144299484
4757565,741584,904.8426338903374
4757566,444888,249.74526519525685
4757567,1912529,331.3592421982506
4757568,724699,720.5027295034342
4757569,1809531,459.27930259859085
4757570,268259,570.2084710110425
4757571,819661,609.2324213781932
4757572,540282,413.06760143298624
4757573,496069,444.7244528522423
4757574,660815,315.6989778410593
4757575,1740648,755.6174782209189
4757576,78269,548.4897080835332
4757577,931343,436.49020159099916
4757578,806797,808.0976732789215
4757579,763574,577.5591438117624
4757580,236616,510.49782595501193
4757581,1302314,968.2503248422888
4757582,1100235,628.7414741444765
4757583,33404,39.18470794156104
4757584,925310,212.74713047785275
4757585,1259560,971.356341528704
4757586,280675,724.9891496324362
4757587,375554,749.3847062135628
4757588,413093,455.75330415161443
4757589,1103742,234.50484778787694
4757590,1163367,26.392156487130226
4757591,69929,552.708340394987
4757592,1864579,853.6561222822764
4757593,1250871,159.75131888616912
4757594,1245192,691.1775658367976
4757595,87358,893.0190054936473
4757596,1748141,749.4897827917858
4757597,1874350,641.4621360541827
4757598,1621492,173.7391282790256
4757599,1312058,370.55143917777013
4757600,1562954,57.820142882779365
4757601,610600,595.7433411203481
4757602,763095,865.3364579332697
4757603,1811539,564.217758993213
4757604,1280753,584.8676062259318
4757605,387683,524.7181302868221
4757606,300441,347.33158880107726
4757607,186025,578.9157595872663
4757608,1761724,558.6880106100147
4757609,112823,257.91440853384086
4757610,1493024,805.8192806039768
4757611,1143577,390.4132707120218
4757612,1981106,929.3080510250314
4757613,1372280,129.58602601205416
4757614,721534,340.9209660218687
4757615,840794,336.9463200300363
4757616,554662,417.2353050946881
4757617,14238,673.3539276886971
4757618,918198,582.5819441748774
4757619,1089855,608.7459348237256
4757620,691996,751.3461439254031
4757621,186512,465.55864665750056
4757622,608169,799.6582245812997
4757623,371389,980.3730667973587
4757624,398354,271.23876877104436
4757625,1862953,216.07125839017905
4757626,515178,280.97314831692455
4757627,470655,125.77633482372197
4757628,32230,181.3142159954102
4757629,1507582,874.8951387012369
4757630,1834170,700.2349366891864
4757631,1071276,432.61272460589083
4757632,970359,835.6501889973714
4757633,1903126,771.3966803880978
4757634,108041,394.6810208410737
4757635,433029,406.75715095030574
4757636,1534562,942.6357744866822
4757637,955558,812.6635434013074
4757638,1412788,112.95319562937544
4757639,1351702,772.0450253474053
4757640,1190520,905.074477926419
4757641,594871,802.5991172099054
4757642,763329,228.3257972562167
4757643,1844267,844.5750635857361
4757644,1421332,864.0662847320397
4757645,1565097,826.7541118526781
4757646,1083684,3.7294597997457046
4757647,1586205,852.7140281375137
4757648,1662438,944.4341456159228
4757649,326239,327.37423681198794
4757650,827156,510.1824695440762
4757651,542169,645.314640264416
4757652,1948248,203.1038531938495
4757653,435771,90.567438421018
4757654,1172835,95.33205533813648
4757655,1363889,792.213726963383
4757656,1817550,460.7508511416678
4757657,25300,532.2968110071632
4757658,182195,387.24648647724655
4757659,1622983,930.1939595464576
4757660,1140760,968.5091429878445
4757661,756270,797.2530884298941
4757662,1586904,301.4463865519391
4757663,1031471,158.92015149509632
4757664,1186013,178.45620857602228
4757665,1702453,314.4514098774298
4757666,1756647,117.27763805295189
4757667,1587792,550.8724994318543
4757668,1728120,379.2337962635367
4757669,1656621,224.32193716421645
4757670,1217264,238.26820886958123
4757671,1768898,259.9798737472286
4757672,509273,88.54675502715203
4757673,1326492,929.6765708156533
4757674,1238698,244.10061187420084
4757675,1224538,814.8604706547676
4757676,249925,710.5650862252918
4757677,1707192,96.66983697286236
4757678,83883,707.6664463788422
4757679,1835645,683.1747399903106
4757680,1661636,200.33263345362272
4757681,1086189,539.8237773459338
4757682,661210,173.32430216267014
4757683,1904775,532.0735756965049
4757684,1007328,28.915393370859356
4757685,1567884,12.769538851924667
4757686,337014,209.47649284819147
4757687,394558,597.8400295850911
4757688,1379952,853.3527626827548
4757689,1744718,428.45736981062623
4757690,1137514,579.1812783560185
4757691,355442,9.347300180508222
4757692,864964,504.5371537456531
4757693,146982,318.33042806826785
4757694,25601,114.34498409561222
4757695,392930,911.0744218365747
4757696,667600,715.148548212983
4757697,356313,637.2915574186487
4757698,395017,272.63324198967877
4757699,1161392,503.37764379303565
4757700,1710651,710.2599570592183
4757701,1025796,646.5905338440455
4757702,853782,381.6035969872529
4757703,1492843,949.6546918069558
4757704,1900634,818.433195009676
4757705,1716363,138.45869078045658
4757706,1427290,162.2229942112967
4757707,1245862,925.0499191324377
4757708,823391,555.5625483843729
4757709,1929091,622.3903524399243
4757710,664422,815.4436981423391
4757711,507975,371.00521192702405
4757712,267320,281.49082560595485
4757713,1230120,57.42088082882457
4757714,1080442,730.8253396138628
4757715,597698,211.85973453363528
4757716,1300097,945.3819162683794
4757717,1582578,493.88011082307935
4757718,1178150,90.84049815122074
4757719,376947,834.7268469348065
4757720,846557,662.4664446682001
4757721,709191,923.0130119751047
4757722,179322,830.4158477943183
4757723,1204403,854.6240729909674
4757724,1379896,508.36802826823447
4757725,522200,914.3925756219992
4757726,1987992,830.6718291336522
4757727,474615,15.719856190397508
4757728,901235,155.6564353961717
4757729,1054367,519.605521553413
4757730,464245,143.5228926445493
4757731,1186827,148.3780917399209
4757732,1840497,952.3438564427341
4757733,1262954,201.55237034636409
4757734,602767,842.2079433392582
4757735,1395431,396.9380050076915
4757736,643576,371.7120698132462
4757737,86752,210.13022531843717
4757738,7744,506.4603571013586
4757739,1088542,506.0738494548088
4757740,76598,68.71502091448001
4757741,113018,491.4589799300758
4757742,1367770,253.25822522806385
4757743,304144,387.00547373013484
4757744,1169677,320.77756430221206
4757745,1452253,188.81724676041011
4757746,1555539,884.117758532327
4757747,816344,69.85582812802993
4757748,822476,953.976531199503
4757749,360412,306.6840251408793
4757750,768493,477.52373138904045
4757751,1807704,156.6733894390302
4757752,1363018,6.085779327889451
4757753,1995761,724.4989469569703
4757754,858617,662.8741491093634
4757755,960403,177.1480715877779
4757756,1582755,779.7592597890924
4757757,233845,547.1637978583641
4757758,1403236,794.6971700301174
4757759,535472,590.4326662030115
4757760,1460889,954.5395901535311
4757761,1407295,686.546402633249
4757762,1074077,32.58842740480772
4757763,1941437,655.9866804973155
4757764,1247716,242.63202915024274
4757765,1817009,504.47140386701017
4757766,1585296,474.02696874823425
4757767,1452508,565.5429482018429
4757768,670218,289.8503157820271
4757769,517383,999.685373281776
4757770,1642827,100.12058928797973
4757771,575579,220.7805703392264
4757772,1143491,248.75761772829807
4757773,284110,210.14290492252096
4757774,1004825,455.993815114395
4757775,922155,668.7827497617747
4757776,877897,465.42688520608453
4757777,865870,382.80852543115674
4757778,551399,310.7309620367813
4757779,130114,563.6681033242634
4757780,169004,663.8092368191992
4757781,342116,624.3345486006907
4757782,1868119,262.9984173017662
4757783,125518,369.8366915765465
4757784,1221380,789.6412558435635
4757785,1129483,824.732997453048
4757786,1967594,71.06640373667116
4757787,314408,234.29755366224347
4757788,1618396,564.0077386452064
4757789,1666786,697.0587724713507
4757790,159308,669.6643759924414
4757791,503363,641.6672280299045
4757792,223234,904.2062683408034
4757793,1238554,29.61861826344525
4757794,882915,549.0612603340609
4757795,841975,996.8137770428511
4757796,1004588,292.4764347162454
4757797,942853,2.0410709834804974
4757798,941204,459.18696676130924
4757799,1215764,629.9119269695318
4757800,468020,720.7688154473644
4757801,393256,806.2008456622146
4757802,1582312,62.465441178914396
4757803,237043,620.1193613972755
4757804,1281323,785.8448101390603
4757805,1843138,66.37599600470601
4757806,77961,169.4750249023388
4757807,580709,346.5233298270634
4757808,705361,884.1686355408357
4757809,1767121,659.9058272528949
4757810,1847838,485.6358373953721
4757811,464301,400.07334932771175
4757812,253197,435.0470571515238
4757813,877134,734.805090073931
4757814,1837720,131.70812613527727
4757815,270438,569.5679419789075
4757816,216554,575.4943420819459
4757817,825308,468.11169644194905
4757818,1711960,587.9534717373054
4757819,739607,694.8566386544642
4757820,1894505,855.1709992146007
4757821,747829,98.98625260301618
4757822,1457398,338.54503649580937
4757823,670198,512.2839205526499
4757824,1834609,511.06912146162887
4757825,409168,940.5132573576186
4757826,1098319,977.1716286760269
4757827,165786,233.77748140944422
4757828,482696,885.89309920704
4757829,425051,74.31713459454326
4757830,799427,422.78341245829523
4757831,706504,564.5240804004752
4757832,969732,55.334803683991794
4757833,1926014,683.8777051990639
4757834,619353,728.8112200899958
4757835,959150,441.121042221174
4757836,909451,263.8652447383136
4757837,57008,216.09931840087182
4757838,1096842,796.5590454001986
4757839,1090803,725.3192762397772
4757840,1204815,612.1995092420158
4757841,1541476,233.62104302641296
4757842,170847,96.57516016433532
4757843,1560218,335.844659886136
4757844,106917,47.98532686933677
4757845,1402794,116.21155805873006
4757846,1967367,653.3223120145694
4757847,1392313,762.7953825492563
4757848,1228325,989.4999127874735
4757849,752616,722.6222961409859
4757850,1934993,810.6458282279511
4757851,1807312,549.9880445371477
4757852,159712,546.763569360345
4757853,427695,245.0005592227805
4757854,88737,540.8802257156149
4757855,1439612,396.17609595645473
4757856,1434378,949.6334948965906
4757857,240905,783.9907240304448
4757858,87986,139.28784905705626
4757859,1984642,844.7977235712945
4757860,1058599,456.9010844709104
4757861,1603271,224.957297880082
4757862,1727136,363.14987254334295
4757863,195120,428.8182929901676
4757864,1257847,950.1301899392183
4757865,655612,547.1444994460744
4757866,1607154,343.75742686359456
4757867,1441674,98.62683625751
4757868,1983786,755.0934312514637
4757869,1497218,514.2815122829852
4757870,63110,119.92210586677388
4757871,1323102,343.5442242919597
4757872,1384335,728.4488704415102
4757873,477840,121.93936231654634
4757874,468596,695.6101240049082
4757875,799052,610.8597537030221
4757876,805851,312.28485537870523
4757877,1826077,283.26296288340524
4757878,1133488,553.3562945692421
4757879,782323,465.1423229326583
4757880,1103146,882.5701570982445
4757881,758104,730.486760831932
4757882,49974,219.95260409805405
4757883,1309656,219.73177579428304
4757884,947797,268.9756665828589
4757885,353776,51.814304490002684
4757886,1619763,772.398374476683
4757887,1285955,100.9495309184889
4757888,750623,60.360158412022024
4757889,530274,571.8452061034343
4757890,613668,611.051364171126
4757891,394563,986.7114788260338
4757892,1672269,924.6128574336074
4757893,1059867,565.8700774617457
4757894,1150631,249.7209470706465
4757895,512242,864.7509447589878
4757896,1944622,533.6656883484542
4757897,320686,31.62002904814809
4757898,677816,919.1363750983026
4757899,660386,251.41460182570984
4757900,617567,416.9606273261275
4757901,474639,389.3802813345951
4757902,970383,133.87142002660246
4757903,257933,610.4548452545978
4757904,941788,333.86177022481036
4757905,81834,401.23445119911094
4757906,1421361,457.6074764966237
4757907,257806,967.3266892279669
4757908,1841553,245.60609762771634
4757909,421496,579.359224956876
4757910,1788565,64.15309665482793
4757911,355667,800.8162722376313
4757912,1539990,108.65944652348358
4757913,1876162,700.4511931084041
4757914,1355895,128.26328269946896
4757915,1383906,988.5281750084438
4757916,1515817,119.0272732557358
4757917,757684,503.8454333444196
4757918,450213,204.06813763808552
4757919,258964,352.978215515477
4757920,140803,364.29419749747336
4757921,1087464,269.2223185760877
4757922,1058429,700.7869860897649
4757923,200176,777.2062788224295
4757924,873664,28.101295044590913
4757925,210017,325.117809566142
4757926,1076453,456.7625020839712
4757927,116656,159.50287794435403
4757928,1006067,659.0720420612969
4757929,75811,238.95846336243042
4757930,1785484,917.1508239559369
4757931,1377404,304.66423933888643
4757932,299421,31.16479864144217
4757933,545946,704.9443867088613
4757934,1932899,388.9021948124486
4757935,316671,776.8488718900136
4757936,168687,798.8388958929526
4757937,1565256,11.228691230187437
4757938,177963,597.7744250385589
4757939,1259103,559.2653591388519
4757940,1096161,458.8168765073127
4757941,945410,877.8508112526036
4757942,635183,923.3525578714286
4757943,425908,891.7543542266372
4757944,470840,367.709642058308
4757945,1701948,954.1256841362928
4757946,1150837,736.5879641920484
4757947,1532251,149.2408497782607
4757948,1857535,96.67942122662143
4757949,163907,277.79002207419745
4757950,1993177,68.62613763456781
4757951,1295987,787.2473136433846
4757952,1825396,80.0751784386472
4757953,1388757,463.9978230918872
4757954,965493,630.8617528591625
4757955,1437662,575.9389545870647
4757956,1506422,635.0540822583308
4757957,1266627,39.560692716319124
4757958,637875,266.6970508220431
4757959,1459236,278.25724211148685
4757960,1834915,579.6937433906385
4757961,925570,876.7869072824258
4757962,1168361,22.815839987616716
4757963,1899240,293.17613708430025
4757964,1601480,338.80964098302945
4757965,1304927,299.9390815863593
4757966,199765,794.7301208613001
4757967,150781,253.2961134537508
4757968,1222646,542.9665536008133
4757969,1463255,540.5124360327795
4757970,772983,483.87890716350955
4757971,1669498,724.5412224152037
4757972,450480,769.6928946741184
4757973,1235234,522.9825404183651
4757974,249539,583.545600963994
4757975,1998018,544.2143127406688
4757976,359587,516.0283757210409
4757977,505647,439.8639441368145
4757978,138668,199.43715373569492
4757979,1056445,489.47574190813094
4757980,935946,858.8829990041079
4757981,1777127,786.3852379463751
4757982,484970,202.68391886149973
4757983,280856,796.1306779138013
4757984,1183425,362.3757540007182
4757985,641542,288.2023307302909
4757986,229876,343.05066761767233
4757987,73389,890.0904209966069
4757988,763242,899.3556328879567
4757989,1668075,635.6971889687532
4757990,1972638,184.30815362108578
4757991,1733238,529.4950658407802
4757992,1345325,455.7838710823188
4757993,1176953,605.7362084122126
4757994,351150,236.27972189826951
4757995,1899408,416.02907873260773
4757996,1493126,181.15116247654518
4757997,1851476,652.5969463237913
4757998,1244561,934.5088523327356
4757999,905244,108.95151698151662
4758000,68184,76.25812239485819
4758001,1335420,294.7877899703586
4758002,609847,939.2521506397226
4758003,1879577,315.7860949996651
4758004,713741,236.77754071912517
4758005,1252164,877.7840549282831
4758006,1309194,46.91208797426649
4758007,170392,410.6134275815998
4758008,1196673,904.3210180098954
4758009,1966346,772.8674361069008
4758010,1099988,630.3572231584061
4758011,381716,120.44651386596684
4758012,1713407,846.815112751222
4758013,1442000,484.07904040824036
4758014,1808630,685.392652272244
4758015,1339904,876.5490660445325
4758016,1678891,902.3245216453952
4758017,690367,122.20700102634751
4758018,374903,578.0681902635835
4758019,89769,729.7389846955608
4758020,1595157,160.1606733345966
4758021,319921,258.1859898425631
4758022,211781,352.5668648375125
4758023,1580009,118.24667762766128
4758024,1064480,138.56411550667548
4758025,1057061,924.6724963034221
4758026,506024,69.09317424586459
4758027,829964,523.5293369196776
4758028,1612324,405.078499404398
4758029,1559449,687.0419194087103
4758030,1367017,530.6227976041251
4758031,1049314,441.69118467547196
4758032,1191743,340.1610692636051
4758033,121680,303.9026670084282
4758034,112738,609.0784400014385
4758035,717290,964.9236510255054
4758036,1997276,223.3046291136257
4758037,1210185,486.4165114806064
4758038,1493526,800.607014214062
4758039,1960723,859.363830741612
4758040,24485,553.9167265954661
4758041,551812,199.6326141667143
4758042,1477980,680.4596396302591
4758043,575292,552.253852949315
4758044,1336060,663.7550629476056
4758045,1429938,2.6404648384904528
4758046,1924386,863.5418381479466
4758047,209196,970.1646255620492
4758048,688569,108.3794007529193
4758049,1479075,283.2451912570538
4758050,354981,538.5458132672744
4758051,67737,577.6940978779124
4758052,1274013,492.06384471227716
4758053,339905,959.0814436401141
4758054,353920,871.0854998549054
4758055,971955,322.5239878524424
4758056,422829,356.2487607170004
4758057,1604421,685.4460974388942
4758058,1429758,109.59882725895898
4758059,645444,224.40357788499853
4758060,16296,977.4290335241344
4758061,1664036,114.75618978933922
4758062,586731,603.1946498183379
4758063,273030,68.1538323190054
4758064,1814364,453.7633521124814
4758065,1713402,838.833912690599
4758066,1051449,322.670911496708
4758067,69384,944.598308084785
4758068,1586626,926.1588771297758
4758069,1999847,542.144148957966
4758070,121697,155.92873488315107
4758071,541983,567.7827782648933
4758072,1306449,314.23784584794345
4758073,518942,781.1654728355178
4758074,1934310,545.8453326687973
4758075,1225359,821.1864816264738
4758076,718755,912.6170480854532
4758077,1396028,786.0746479447024
4758078,1076317,392.51247765405463
4758079,1049600,780.4027275031303
4758080,132369,953.9988980367812
4758081,542990,926.4889435815845
4758082,1563451,238.92310381316005
4758083,868715,505.4031050719768
4758084,165767,915.3771820940265
4758085,1351564,546.8490309060945
4758086,1857800,763.5456171654208
4758087,489173,952.0159749082178
4758088,1082591,276.0696672529832
4758089,1473947,140.11736231636107
4758090,441030,736.5359088682382
4758091,526908,427.4730059717371
4758092,1251460,350.878198223875
4758093,1692063,509.2962802483574
4758094,1201822,594.8351784229139
4758095,374757,363.28290586257594
4758096,1287797,280.62503331255664
4758097,792240,523.3262602075121
4758098,746487,880.7988316932023
4758099,69984,145.03586809337898
4758100,433566,562.9525048479173
4758101,1342856,300.2519903014197
4758102,1268117,799.764366309062
4758103,251121,635.1174488012389
4758104,560437,724.2197934607775
4758105,1693897,340.509606632427
4758106,981797,551.9736344833518
4758107,1111209,251.89561858050413
4758108,474650,334.91473809373605
4758109,713379,240.74005007831545
4758110,216894,111.54441773477286
4758111,1691246,345.40860041311595
4758112,168860,402.1036607115497
4758113,1456117,825.1729634810865
4758114,1687553,253.20915281925838
4758115,816772,152.62684261175065
4758116,1405482,738.5924274931475
4758117,1155918,991.797188113648
4758118,254167,287.227643018794
4758119,1252120,842.026326889637
4758120,1883643,621.9356364858237
4758121,1708062,91.22918631385168
4758122,1488656,777.8331939293844
4758123,1346874,798.4849876668062
4758124,1512991,14.723639276505773
4758125,1039000,823.7731494854523
4758126,1478940,571.3339374288694
4758127,173159,52.312817564331596
4758128,42436,221.74364040955152
4758129,1385072,397.19189312456894
4758130,792195,428.55046454216495
4758131,523594,601.0817256964668
4758132,1857148,280.9979370393651
4758133,1309906,686.1274221545119
4758134,542857,330.1177703657703
4758135,1840788,879.6111931495344
4758136,1659367,949.9735257039955
4758137,1372390,230.80261058546282
4758138,209512,984.1422870148066
4758139,1423773,309.08985241217204
4758140,151312,657.5579660529778
4758141,1995939,84.5177750906847
4758142,1306774,274.35612955279777
4758143,1485158,580.3893837610523
4758144,134698,864.505252998877
4758145,613323,425.4269591377784
4758146,196984,775.777784164315
4758147,1878663,591.3681373702873
4758148,526882,173.32059134288625
4758149,1929109,134.52729562382325
4758150,539585,334.68417121457793
4758151,1414906,830.3305896549027
4758152,207025,87.5692628882031
4758153,1029652,481.1070047723414
4758154,325802,330.2885110962188
4758155,1299407,491.5609478798968
4758156,953772,963.2979165051888
4758157,810328,661.7648574804883
4758158,155699,607.1993454621494
4758159,1456751,500.7449482544886
4758160,1453650,589.7703469753184
4758161,1144861,700.5604489009913
4758162,393899,714.1943621933563
4758163,198503,895.5390629364304
4758164,481810,152.8546766544706
4758165,1244926,660.7549546365694
4758166,817758,492.6354192067778
4758167,1328835,803.7733895798094
4758168,74124,775.6676171512543
4758169,1706623,28.01996398206663
4758170,1682034,63.78393078072953
4758171,119053,555.066160548443
4758172,60771,248.69920521970957
4758173,870103,480.428509917465
4758174,40988,806.8641143912504
4758175,1111275,743.7170739880775
4758176,738468,752.9675464190274
4758177,1491936,159.01115531350197
4758178,1983260,969.5895054757283
4758179,1491488,297.4471185598493
4758180,1966713,554.742663619166
4758181,1849728,829.9216928666767
4758182,1318052,99.9548191168752
4758183,1677562,133.0587384836639
4758184,93603,5.798067171776
4758185,1520769,445.8825282374175
4758186,1869571,262.0019234263329
4758187,319303,710.9098017913333
4758188,1609534,299.88899288303196
4758189,215775,767.707411162468
4758190,639639,730.0171271609435
4758191,929883,208.12474414864678
4758192,1939774,68.69079549341161
4758193,1088157,464.4897143563722
4758194,806807,265.9221434220538
4758195,1257807,368.1731541261336
4758196,857907,559.6377474123043
4758197,1805382,340.99710334718003
4758198,627914,975.7888296370076
4758199,506033,291.75055256942386
4758200,611095,402.4373224503657
4758201,1817771,676.1325355212975
4758202,1752019,993.8355117980414
4758203,116443,657.1535097774262
4758204,1126590,876.4197046890116
4758205,1156378,53.85300866925758
4758206,1483782,876.1372168491761
4758207,1228357,306.4020026104618
4758208,1647150,709.4972392169833
4758209,1228180,135.5625080898384
4758210,864963,406.12299659621453
4758211,1594503,570.4677800932735
4758212,1519950,514.9692155905651
4758213,1512541,330.56821400294814
4758214,695788,381.72923751512
4758215,1319160,329.14481201668445
4758216,1057597,574.2142586132564
4758217,1161130,675.2676401301646
4758218,1280490,724.3495574214638
4758219,1270069,693.7663339412262
4758220,1541025,204.94688006463412
4758221,1830730,927.6336751245505
4758222,1446871,233.08490709348672
4758223,691378,932.9112489669137
4758224,1209336,117.21133906953895
4758225,1977456,527.8169299084265
4758226,1980293,195.73651985402861
4758227,1332924,522.0761527342916
4758228,180307,133.221786503946
4758229,261039,577.4113597900582
4758230,1161663,59.29257523588394
4758231,696420,458.4220309750332
4758232,1437658,203.38689446604252
4758233,75793,704.4421658560371
4758234,1288585,995.2418484809756
4758235,1254453,506.824210026836
4758236,1311923,982.6758808497137
4758237,1455304,900.1125480625954
4758238,671292,602.7891437465613
4758239,1774208,867.5448397562401
4758240,1684424,556.9048957719233
4758241,333880,683.6915563351962
4758242,346324,208.33436320719358
4758243,1856255,407.4705932045487
4758244,500999,501.9962382899047
4758245,1770673,634.9138002093763
4758246,186769,76.43765164233263
4758247,693084,358.0881940974828
4758248,1271115,522.1830620458176
4758249,440387,214.55727578056505
4758250,1082361,382.3818329210304
4758251,703356,932.6783493899441
4758252,1905231,392.25396142269454
4758253,341800,572.398438833181
4758254,360361,279.3092403527081
4758255,557015,437.9642148614105
4758256,1210242,927.788125328012
4758257,823123,55.830815695613545
4758258,1438369,219.87662222279803
4758259,195411,360.0456422743029
4758260,1740960,52.33715351802382
4758261,1403658,49.253870871416524
4758262,1564780,509.34984628223225
4758263,1960580,367.9948596776172
4758264,204920,589.1722596053124
4758265,1517707,746.0106012803504
4758266,905406,451.3653664101572
4758267,1911038,761.0765451669889
4758268,1251321,85.21862956479764
4758269,1060751,247.2145509287601
4758270,1578392,601.5874310838205
4758271,1984975,862.2727483834528
4758272,1044552,823.0035049602567
4758273,564529,277.5548146706196
4758274,413061,533.7358121632931
4758275,1386386,773.1974287443799
4758276,703239,826.1128888574484
4758277,1015843,231.5589823823593
4758278,1485647,290.29109187962985
4758279,870174,967.633967602707
4758280,880228,681.5340330146889
4758281,946510,226.62570284259996
4758282,906903,720.4196853445751
4758283,231050,546.4974846554536
4758284,1920108,83.30705831228936
4758285,1002069,76.54324292734005
4758286,1597453,424.4125478932108
4758287,1551503,527.2479014184835
4758288,263594,118.11859389118895
4758289,135452,394.696270410173
4758290,775999,661.9537121214312
4758291,1557850,542.6418876871317
4758292,1744720,96.84346477087024
4758293,1851991,58.49953556630072
4758294,410464,288.4303413262348
4758295,685278,61.757200944303925
4758296,124248,381.98678835334056
4758297,1903518,369.9307427709452
4758298,80146,864.4326986352365
4758299,666144,578.5868309311919
4758300,1072919,422.14018135045006
4758301,723328,684.5439985262295
4758302,529206,700.7795304317657
4758303,476733,5.619367200682013
4758304,606843,88.10920416847823
4758305,1591228,133.13983905778915
4758306,1139925,373.19172938282475
4758307,954466,587.1044960020914
4758308,1138653,795.3838375737497
4758309,611045,604.1316526351254
4758310,557396,401.519071443293
4758311,470969,652.0377623922856
4758312,683562,847.4986016444964
4758313,1970423,337.57293615778815
4758314,626973,438.4941927688314
4758315,1842929,490.96258303482307
4758316,1646801,624.4751240179831
4758317,37232,511.46431602311236
4758318,240515,468.0962247404661
4758319,546688,755.2923765239468
4758320,1162602,870.6879126167927
4758321,698103,184.73324584514162
4758322,934124,466.76743622543825
4758323,868095,546.867719157192
4758324,1032144,56.22464003498961
4758325,1812642,77.05260968105864
4758326,202798,249.53440934534567
4758327,1799107,298.214748681626
4758328,853479,945.6981579682906
4758329,1557149,363.11327208759894
4758330,981035,455.67662721383937
4758331,1687095,36.80011787831072
4758332,1512868,115.95800733872296
4758333,732425,492.5194714130481
4758334,1279175,372.8263138457136
4758335,1169588,241.8032550072998
4758336,465371,883.7918372648959
4758337,691631,430.5449177308241
4758338,1584301,55.10370680791055
4758339,1802316,527.2403969793721
4758340,734560,561.134315855218
4758341,318244,381.01647601556175
4758342,334222,168.67599872275062
4758343,228285,365.38333624210884
4758344,66390,17.678826569837327
4758345,858204,323.7351805905838
4758346,1984249,881.4911249553239
4758347,274812,724.1052521953256
4758348,749643,578.1075739819187
4758349,673135,895.4033795073241
4758350,504354,983.6882726985132
4758351,739916,253.91361205761086
4758352,1720479,780.3008917886522
4758353,929612,634.5233654330964
4758354,1502768,679.3230204758303
4758355,1705109,122.8849121162232
4758356,576138,642.6727142098805
4758357,1770535,338.82928049245106
4758358,1121615,3.19683142754168
4758359,977745,983.9916558249023
4758360,1135480,650.0332542737528
4758361,564540,134.71767247266686
4758362,1027062,49.46058858396463
4758363,83913,163.86512777342531
4758364,1929387,882.9362147862697
4758365,1175921,453.91767164123695
4758366,720712,570.8955019057383
4758367,1696615,621.738365684605
4758368,539027,843.1560455907131
4758369,1295020,282.4988292263753
4758370,1887782,9.579210173557339
4758371,1266286,544.1528408077907
4758372,1238291,922.7593369958553
4758373,332199,502.5034493075674
4758374,79390,274.45299871154674
4758375,1860600,60.37188166901741
4758376,538738,327.37384934892697
4758377,897474,758.2247848297238
4758378,727011,741.6556041637501
4758379,588251,85.74078121169826
4758380,1114886,37.59992585679095
4758381,1089988,852.9503312708405
4758382,865953,754.31771655652
4758383,877226,258.4596657271706
4758384,1631275,804.0338114378579
4758385,1546512,100.9698539910383
4758386,1713397,885.8505954258812
4758387,946436,58.211328730791045
4758388,5715,619.8224423452709
4758389,244034,133.65345768997372
4758390,1517971,923.9045043977954
4758391,602588,32.409864556928405
4758392,279700,739.9939715864605
4758393,290210,999.6764214663486
4758394,662983,22.501438831845743
4758395,62026,250.13045038513758
4758396,712351,128.48513574165287
4758397,1204940,748.3184897234461
4758398,1372506,156.80213741543136
4758399,1589260,738.2128043316479
4758400,7137,512.4587626945143
4758401,1615665,295.3229670404889
4758402,483156,627.5656447600301
4758403,569933,913.9550779997564
4758404,780447,933.3317808422856
4758405,985147,106.42877880083968
4758406,1387791,41.30480471503451
4758407,1578322,291.1587698117497
4758408,1654733,423.1129269923386
4758409,368443,460.0996353452646
4758410,339362,93.36905212403468
4758411,1227790,147.79821109041958
4758412,1201966,757.1598708004325
4758413,829847,213.91175449718182
4758414,1445252,718.587159741284
4758415,1843195,332.38102491976827
4758416,799902,438.8045994428709
4758417,6716,494.2943583162641
4758418,1282635,935.1434836649172
4758419,408280,422.26930942412446
4758420,1264056,710.8258075530547
4758421,1555209,223.26235622175673
4758422,1530683,445.23059033057854
4758423,1113033,438.8419655903154
4758424,1074860,760.8841256047192
4758425,1790443,197.34710736245842
4758426,1083952,690.0710352471077
4758427,942772,19.57012669287583
4758428,724082,728.8338207410085
4758429,1819131,222.78112887472278
4758430,1528919,861.9639903497476
4758431,77775,846.5241735951191
4758432,655796,490.4589497896683
4758433,1103761,465.5271287381435
4758434,816312,255.86991318627827
4758435,574597,269.0785363362138
4758436,1569053,390.42143032149033
4758437,1252009,619.0651203693574
4758438,1193288,335.0330710406778
4758439,1694467,460.6422632033279
4758440,1189395,351.07567500371215
4758441,354467,644.9247077526118
4758442,1510231,279.3288739848747
4758443,72544,964.9038953237477
4758444,1466180,745.3083472663277
4758445,1235466,24.60166888782622
4758446,1814,741.5428027863562
4758447,799079,431.5105576481314
4758448,1271958,862.6913546740607
4758449,222582,331.87611573567324
4758450,400710,287.1548769504292
4758451,1430161,753.1756744872426
4758452,473256,538.2907041283906
4758453,1681766,546.2621003060246
4758454,576761,929.9553940078525
4758455,1076158,933.8280956616313
4758456,1447472,870.2334777159205
4758457,534788,810.9168987728891
4758458,1931903,353.22398733144644
4758459,1666845,101.23766167038394
4758460,1916790,857.9077269581553
4758461,1085895,667.73114437207
4758462,1928479,457.28856959495465
4758463,884781,895.0726084138454
4758464,1873734,54.05003113770101
4758465,1303110,77.57688953220698
4758466,128250,860.3021594640602
4758467,1795543,898.7503614944073
4758468,1272690,420.8780449233228
4758469,1218787,264.50865812364657
4758470,11671,797.180273549224
4758471,1163915,22.099832119862217
4758472,1571247,572.9068512857608
4758473,1981107,923.545509315496
4758474,1111259,889.7351167513253
4758475,313538,859.8031701728332
4758476,616141,613.6651791952678
4758477,3920,960.1390891032764
4758478,511704,462.53836005128045
4758479,944345,941.6928717633318
4758480,261555,952.2042168519444
4758481,907895,737.7804466845712
4758482,1113162,177.15303524050853
4758483,477933,864.5834831473217
4758484,1307983,457.18180216974423
4758485,749866,697.8405991704122
4758486,753314,292.2838220830964
4758487,1379638,533.6849730669471
4758488,371553,873.0368786517218
4758489,1156984,226.90291057984814
4758490,684616,197.1802578531876
4758491,79934,809.587867328937
4758492,969234,668.6895162438814
4758493,983414,216.72263996443232
4758494,179456,620.8414056974361
4758495,1835994,41.37117715915461
4758496,1937386,573.1811325326457
4758497,1616392,118.34716600574313
4758498,540202,876.6167489750909
4758499,1725136,116.252421463101
4758500,1584905,700.4933238267959
4758501,1570809,821.5289260043569
4758502,1289663,568.6600425239121
4758503,1478130,21.18464668692721
4758504,1834198,146.87402298045825
4758505,581255,575.7604825734508
4758506,182505,767.4865624876121
4758507,1276121,683.7099620784469
4758508,1350672,917.0377464921951
4758509,220012,543.7000691257989
4758510,1900356,951.1033195124264
4758511,375396,352.8499696045734
4758512,1111589,125.05948097717723
4758513,1702386,19.491169629293758
4758514,388737,44.32654703345684
4758515,34843,644.8216990635858
4758516,876671,310.35413873749064
4758517,1105828,180.89095264780408
4758518,219209,87.57737422348777
4758519,295057,964.0707322817367
4758520,1617565,535.0024590429573
4758521,1204320,984.6076038788443
4758522,36004,738.712849944126
4758523,1400344,994.3340215151235
4758524,164545,986.0611429591627
4758525,1225392,3.861554688460833
4758526,1394316,868.4986576228638
4758527,797419,365.19023024601483
4758528,1898308,170.9810630092009
4758529,1019125,226.88054705759242
4758530,1454805,266.393957539768
4758531,1764403,546.2190221416861
4758532,932773,127.51074343947788
4758533,197028,518.7996489933842
4758534,1590426,370.4164772469982
4758535,1172404,235.34536441951147
4758536,1368006,719.6864674045304
4758537,1887810,739.4278898743496
4758538,215889,557.0860520463929
4758539,809606,466.9337776661655
4758540,251321,984.0043356354449
4758541,956033,915.2131057098337
4758542,1665583,777.4001854790147
4758543,1467111,893.4943047663456
4758544,372724,114.61881332544344
4758545,477291,296.8214983063476
4758546,672038,403.92429719401645
4758547,251373,322.89627200413605
4758548,557597,653.7241495750666
4758549,1693552,531.0526976048918
4758550,725253,591.9295017734021
4758551,329812,327.85698950332386
4758552,551349,558.3278518529153
4758553,706536,747.1849889639456
4758554,272551,601.3240800102998
4758555,1851205,463.3208209526197
4758556,449963,579.7372522522169
4758557,843008,489.87374287773576
4758558,1954700,405.5118887803144
4758559,535826,909.9753662286481
4758560,1827711,860.3852706614712
4758561,1151938,328.67768200959534
4758562,884309,913.9053455571857
4758563,1327311,393.0464909052829
4758564,1678977,460.99380799244415
4758565,468020,398.0859594773197
4758566,169828,60.84914856594181
4758567,1773707,705.495493554758
4758568,1124102,542.9592371662466
4758569,142079,76.91728979283386
4758570,885936,253.4403738901364
4758571,1587983,501.9196489371709
4758572,1770358,532.5702676588961
4758573,108461,910.3951082875047
4758574,1047184,132.33006597484953
4758575,1826722,3.3405335765813726
4758576,1460568,662.3214119307182
4758577,1581253,276.99126647144533
4758578,714716,916.6183546874873
4758579,1590375,853.5444106668334
4758580,343182,183.44238147819482
4758581,1748117,6.566758703775766
4758582,881374,306.055411666046
4758583,1948532,773.2777960784184
4758584,1495317,649.5981367082468
4758585,1754358,315.85246963233294
4758586,1228473,838.2367521386808
4758587,1812472,839.0243229438753
4758588,815478,964.5599843218164
4758589,398870,879.9941113340354
4758590,1540149,286.73695221134864
4758591,1893353,138.0319756318361
4758592,1271302,150.96633006914863
4758593,1174881,210.03729482179145
4758594,112779,458.4234437056006
4758595,1689870,12.193279957390612
4758596,550142,797.9724936644758
4758597,1660638,635.6389695590627
4758598,1515260,709.6917972546094
4758599,1553531,942.1362931854995
4758600,939870,273.0320036886021
4758601,835435,496.3390325316424
4758602,861976,989.3583259784643
4758603,811579,744.0606876845773
4758604,1272193,676.2299433643893
4758605,1518825,651.261742505902
4758606,298325,835.1257321330231
4758607,583965,529.47259769675
4758608,58915,245.78079266069054
4758609,396770,902.8098303222895
4758610,1813091,934.3212950116624
4758611,603909,531.057071073379
4758612,1341065,74.52068733239048
4758613,1748632,446.7368394492784
4758614,1190175,423.23854738857824
4758615,1216845,695.0505230003611
4758616,665766,419.69517540094836
4758617,1596288,811.9487918543938
4758618,1014123,527.1474581774546
4758619,511654,764.6036131448283
4758620,429646,915.2384256891404
4758621,170868,541.9990399381702
4758622,319055,652.3006779803933
4758623,368105,497.2538376809417
4758624,1932287,473.51819801919135
4758625,614237,823.3279114579143
4758626,485501,869.9117184920691
4758627,689178,244.80202972378163
4758628,1135186,740.2240722842884
4758629,345255,232.95593348693544
4758630,1951949,481.18461461196625
4758631,107650,638.6648948777973
4758632,1735340,929.3837746235516
4758633,955276,609.5075704888774
4758634,401852,565.4916350884846
4758635,1140439,511.1432268252016
4758636,1386258,193.4767965399774
4758637,983793,654.6799829892014
4758638,1792905,905.7505171451382
4758639,1593927,164.2635230584143
4758640,1321100,481.49447194276576
4758641,316461,573.9288126283028
4758642,623955,590.4995009644202
4758643,1655682,472.84812625771735
4758644,76649,925.6062640486763
4758645,1124857,183.19773227638836
4758646,56689,402.5271632805454
4758647,1499387,684.8343772318578
4758648,803486,791.1370176540777
4758649,1010070,106.66566033086333
4758650,359456,478.11503416535606
4758651,188299,488.07969293397946
4758652,878852,737.5100514873068
4758653,819334,362.46637462420847
4758654,738699,208.73049143703648
4758655,1268720,749.1272220625485
4758656,1704810,884.1475530715041
4758657,1042058,714.7722659646972
4758658,857354,634.6414153162083
4758659,715958,568.2475513116749
4758660,1460370,360.46197046333674
4758661,29408,952.4451014249389
4758662,1364690,296.57520927026894
4758663,140997,572.7631775460013
4758664,1333172,135.4404067334244
4758665,991064,295.9941347623654
4758666,1677120,208.27650961021837
4758667,1967776,222.4128416393788
4758668,481159,221.5442021312708
4758669,1498425,950.9636045039729
4758670,336941,93.81057080753774
4758671,1967702,304.8961987404408
4758672,11971,793.9239408757636
4758673,1462821,672.8729907316217
4758674,1301108,298.7845361550515
4758675,381133,822.7609433205987
4758676,1249179,30.51587655535437
4758677,162505,103.34792275025173
4758678,683405,152.62756998390904
4758679,893774,129.73664596165534
4758680,886380,629.1550008648329
4758681,681534,994.1033886856371
4758682,1361884,98.65115899102894
4758683,1430831,809.2933151474496
4758684,1941621,267.6895582861124
4758685,1887882,863.5245385821714
4758686,254327,384.0473284702903
4758687,597632,786.7672213823788
4758688,1495321,942.5772161088194
4758689,1456457,18.28385849773384
4758690,396084,575.8847327226307
4758691,1141142,793.0170878556735
4758692,1763761,558.5971458650312
4758693,294787,902.1177065808412
4758694,1944616,134.69397143175343
4758695,1246658,545.4259090593271
4758696,1418824,821.422099735931
4758697,1838795,492.925492729239
4758698,518724,770.000714773387
4758699,1848192,745.128323104722
4758700,1231551,703.5501749757726
4758701,435331,959.4755298261149
4758702,263372,635.4374070729245
4758703,1016160,54.47944916238778
4758704,395558,627.5612296732436
4758705,1089188,496.08986680557285
4758706,207595,137.78154215388872
4758707,174617,890.008216238066
4758708,1539253,869.9352579410001
4758709,836505,82.87362559001232
4758710,1425860,222.25170351798883
4758711,1316406,84.09144696126636
4758712,1690667,805.6835297807071
4758713,1683535,543.1629016225822
4758714,636152,730.9793265308449
4758715,1122632,903.4679699233747
4758716,666069,767.7203823771537
4758717,974291,53.5922762934552
4758718,843528,279.5595050604308
4758719,1814098,479.65098573555264
4758720,1262446,959.2252965786981
4758721,1577181,854.133972653566
4758722,1239530,169.62938050082622
4758723,154582,847.3552849114334
4758724,310005,482.1867398070373
4758725,1653325,928.4359390626403
4758726,1510902,846.4790404550365
4758727,1081626,928.3000991295919
4758728,1707647,721.0172634889708
4758729,1659510,360.88302818093575
4758730,134648,29.914486269262518
4758731,1122188,608.797121455457
4758732,373628,86.56895104594608
4758733,15053,542.2995857746056
4758734,1439787,205.49408371984333
4758735,1022521,752.4948940583998
4758736,1219455,47.779336010833504
4758737,17323,11.936329349404362
4758738,1126606,898.5158225083236
4758739,684261,267.7012791894162
4758740,70203,334.5971427589608
4758741,776124,567.1581583091302
4758742,1015440,186.1300234232397
4758743,820578,586.5733272300946
4758744,256685,837.1398635568685
4758745,1715773,941.1727735843585
4758746,1890167,989.0927070675473
4758747,218624,335.16608746405484
4758748,1280702,505.063815474033
4758749,1756043,858.6486104186249
4758750,53057,689.937538298894
4758751,1948731,472.82334276131667
4758752,1907591,885.498891275769
4758753,624280,594.6492361034111
4758754,1125885,361.66501253432835
4758755,1677057,67.78039330335162
4758756,1583468,598.5564791399373
4758757,1139948,367.5074860010763
4758758,1829324,512.4528725746416
4758759,71960,148.19114034097512
4758760,944419,479.72728645946836
4758761,1767771,410.5292258845564
4758762,1922130,455.02523729458943
4758763,1993345,338.4844254596543
4758764,316504,794.1093389736631
4758765,414150,672.5731788705352
4758766,1371035,339.51897305996505
4758767,167453,249.21584439076304
4758768,1070812,762.3927214295297
4758769,1895860,237.8321239344585
4758770,371547,827.6247490983632
4758771,1979956,284.6175221559328
4758772,1720,254.12813230279073
4758773,1829603,373.58764986372427
4758774,1129896,140.0406738959914
4758775,1904507,134.4002745125492
4758776,1022051,818.1518921113708
4758777,482158,435.4851423197879
4758778,1330415,319.7086106376762
4758779,838308,393.75722251173806
4758780,257046,883.3607741863478
4758781,599602,919.8142115346395
4758782,499651,53.114072784609775
4758783,413605,30.782792684519002
4758784,856006,822.7653072960386
4758785,1016968,888.5520627162047
4758786,1065603,659.8162277730121
4758787,913201,267.6173096227161
4758788,1860967,951.2474082991107
4758789,1746550,524.5915982952678
4758790,706893,396.04681548427425
4758791,382351,44.19669761183997
4758792,1245420,950.8695481578176
4758793,379140,317.3386628093746
4758794,1812318,859.1698508803725
4758795,1390603,262.5642348876078
4758796,1846225,798.7322742305608
4758797,1997620,794.2874798663121
4758798,1543495,994.7257780264922
4758799,1533153,653.7528704448787
4758800,1430068,821.8603016723027
4758801,1904733,507.3789799725935
4758802,1197637,278.92299843610857
4758803,1891242,74.43278828323218
4758804,842273,576.3883532955842
4758805,1447696,471.03542027778633
4758806,1279067,95.90576491673775
4758807,1727879,835.9130563115258
4758808,949856,440.2312623752722
4758809,1297333,624.3410075048923
4758810,1352538,57.08032163065702
4758811,1834331,954.2416229808963
4758812,82339,216.11307307886696
4758813,1604332,441.28393616541575
4758814,495024,640.021897668613
4758815,1658776,779.5581854639894
4758816,1091469,129.7384651951291
4758817,854540,500.8434816851383
4758818,1667729,53.646920993900004
4758819,1599053,738.4180034847321
4758820,1556241,191.98129513533945
4758821,629734,527.5453645637493
4758822,1697455,290.1946726664364
4758823,90175,524.7332340523838
4758824,1717835,982.005990049056
4758825,226471,836.7399641272706
4758826,544144,778.7192148838795
4758827,1269354,531.3465292707011
4758828,1612727,928.6113257421886
4758829,747129,292.95252246744684
4758830,160787,877.9929969014288
4758831,475219,27.0376358329667
4758832,462087,334.578056933865
4758833,1499234,249.55520492906402
4758834,420547,904.9825078948785
4758835,1413026,657.6208935880409
4758836,1554087,404.98639732847977
4758837,937941,696.5325824457392
4758838,256369,692.0842144746719
4758839,1307261,556.8785240892691
4758840,57538,371.85863275504903
4758841,366208,578.6737018085864
4758842,305279,662.6317239633603
4758843,962626,161.61640071166283
4758844,1470361,947.8597318314826
4758845,636703,86.77197647428203
4758846,1655293,483.3158081747505
4758847,434511,7.135886362405364
4758848,1265995,19.932403072339344
4758849,101712,663.0994435799157
4758850,1475054,472.0811944344252
4758851,1333056,532.7895642113277
4758852,1820973,732.9117158630665
4758853,1377424,437.90460842854793
4758854,1623279,108.77830330262495
4758855,653129,936.5675028307775
4758856,1003334,818.7620672905142
4758857,317032,835.7861465585363
4758858,1749800,23.916893151995634
4758859,805786,302.3566230769899
4758860,1274821,807.0477201673383
4758861,1307368,621.565815019562
4758862,1076844,482.45366260235835
4758863,949715,970.1108278071601
4758864,1949909,485.7195121222417
4758865,900598,99.73281532484879
4758866,213309,129.17503269399933
4758867,618425,361.4119473655091
4758868,555034,111.91775826299744
4758869,1883827,660.6607420582812
4758870,1763634,810.0750099977171
4758871,1645749,38.853122855700306
4758872,923532,521.4529966145917
4758873,955340,124.77647332824593
4758874,1978867,922.6074849809229
4758875,1161270,917.3509552973899
4758876,377721,851.2931473030375
4758877,1849323,922.9479706480471
4758878,1112661,867.0465759262853
4758879,1874270,461.45499990389607
4758880,28485,392.85359749055925
4758881,861166,10.327364445366637
4758882,777402,753.7801125649992
4758883,1720750,157.9747598451825
4758884,1763322,956.6376939404672
4758885,1114961,323.37358439398423
4758886,1250327,962.8067313321944
4758887,158078,865.2137596602284
4758888,44181,571.9687233745135
4758889,547666,602.3909240450382
4758890,969753,999.9807333822889
4758891,1803354,667.8568604998092
4758892,1922111,126.93436415171044
4758893,218990,738.7278240389466
4758894,1465909,260.64130684019216
4758895,1278046,959.6103330342268
4758896,1848340,130.57115834555054
4758897,432649,18.19930664828673
4758898,1178688,744.4896218347579
4758899,1669488,38.410952963931486
4758900,1115652,741.3637872743831
4758901,507184,413.22290221925886
4758902,1362122,130.91782754100367
4758903,881615,344.93490271375106
4758904,938700,414.5222377303356
4758905,548757,304.7934608546974
4758906,1464103,963.4474075311842
4758907,506354,896.2487247121518
4758908,83174,624.7877599353612
4758909,1698322,52.008679123434874
4758910,1522353,3.933476470976527
4758911,1957496,917.5148695347349
4758912,818323,770.241362913608
4758913,186557,511.37216516545925
4758914,314261,762.287020874463
4758915,502072,880.9442847149269
4758916,1639132,502.84957556637653
4758917,334362,920.5880264066017
4758918,1478484,84.41179511904728
4758919,336261,552.7800468940583
4758920,1633320,595.3969860463798
4758921,1778002,138.92497943143957
4758922,482323,212.57410751888705
4758923,183557,839.201686387933
4758924,338349,695.4442849708311
4758925,1852615,202.91506644412206
4758926,1776235,930.4758982134003
4758927,786752,403.93039344967076
4758928,1220324,934.2804605487719
4758929,1241187,129.66601804249422
4758930,905982,718.8976131253146
4758931,267447,917.3412751593617
4758932,1953017,109.52826735212939
4758933,1267442,576.5700753865107
4758934,321722,667.5215365963815
4758935,1091894,406.8737682151804
4758936,1557806,477.5628376757938
4758937,1996409,627.3239852723234
4758938,762799,775.4551657981666
4758939,1976362,163.52351072237127
4758940,1584607,992.9639659955968
4758941,1948200,668.2517008553542
4758942,627808,711.3125468595862
4758943,1538714,784.7490114443478
4758944,1367149,424.38735095889126
4758945,1751128,65.9437984051886
4758946,1477826,589.1574880190267
4758947,675074,891.9322949170388
4758948,1857981,245.61291293206057
4758949,1662418,62.102687249380615
4758950,470752,284.2473387063461
4758951,1951496,521.4281349685607
4758952,610388,81.79512595261906
4758953,724644,162.11305586694692
4758954,1103547,599.8400548687066
4758955,12483,903.3646085605436
4758956,204839,841.7584223121903
4758957,1609485,483.06336076997115
4758958,1545264,145.4704559690816
4758959,1863821,526.097149728446
4758960,1645547,472.9386358196916
4758961,1946569,648.5958138728361
4758962,841582,113.15664292182292
4758963,1919401,359.3424484134947
4758964,229580,379.33665586234224
4758965,1065664,565.4796788088747
4758966,1151403,736.4814338437651
4758967,1750664,709.8941085070412
4758968,1855220,567.5627232367316
4758969,1442874,236.80542011552197
4758970,1880274,369.15392882899056
4758971,1000428,881.2487474900125
4758972,860046,750.7110176064795
4758973,996695,46.17410592745641
4758974,942607,706.9642469286204
4758975,326100,304.29527394896974
4758976,1297688,529.5158372729458
4758977,90522,314.19585510839323
4758978,636253,259.27321638131184
4758979,1611712,121.6503711568886
4758980,1659381,76.5111869995968
4758981,1386878,302.21428753446645
4758982,148044,598.0037961538035
4758983,1344666,799.420447858805
4758984,660160,562.0478328306863
4758985,723461,109.9732118465635
4758986,762931,480.2124969797035
4758987,667404,374.77948554853646
4758988,170299,109.25796761167051
4758989,1414031,158.15587614993777
4758990,896456,408.98243671233837
4758991,197236,18.935315995550983
4758992,162853,467.4074457492574
4758993,440901,809.3898089354863
4758994,723691,566.2985974809219
4758995,1822705,533.8204099487618
4758996,431411,293.2508992244877
4758997,559147,38.55810101061841
4758998,1609340,820.7598798727303
4758999,403845,950.3289864358524
4759000,1581832,804.438631061404
4759001,744410,145.87079239867518
4759002,1814049,997.3580232926194
4759003,300328,290.8806261200487
4759004,1387775,115.66416125100454
4759005,97829,817.3886257982091
4759006,990781,951.7243861180071
4759007,1399791,478.38331890719957
4759008,1131439,399.4215905534012
4759009,1931855,410.29994474251407
4759010,741500,82.44934814218618
4759011,1431473,866.8193365410494
4759012,1948725,231.27057583046528
4759013,856397,254.94814709488978
4759014,953499,658.0688445589913
4759015,835906,710.0283047837916
4759016,1995459,344.1946634683253
4759017,1105110,565.2254710537503
4759018,194667,566.0230475693805
4759019,17590,481.3034628521865
4759020,465849,684.8678740656269
4759021,786532,958.1471842181761
4759022,1629863,879.7938960956178
4759023,927458,288.46067636272863
4759024,1010300,533.3388559804023
4759025,462240,94.44511757194418
4759026,1441973,338.03141369041435
4759027,792414,802.2993153731469
4759028,1006500,113.68888841702085
4759029,25469,468.75590108529695
4759030,1583925,197.4241658891287
4759031,827864,557.8998965447279
4759032,1116349,471.7033863487595
4759033,1103532,980.1239538072001
4759034,1496642,484.46147341532543
4759035,1913278,571.8666184692598
4759036,519023,180.34970874313672
4759037,1534392,48.57188697175252
4759038,1175594,287.38264090357535
4759039,903158,52.47522549319517
4759040,117422,560.3832976530721
4759041,697897,245.98433381195306
4759042,122772,968.6335009662469
4759043,454875,590.3009217854698
4759044,1476543,656.4299571531456
4759045,854864,689.8162540881716
4759046,13339,263.4338093379546
4759047,464350,253.13909507017996
4759048,13487,189.15152777632116
4759049,1886284,901.3979201882847
4759050,516017,518.3353879060714
4759051,990530,998.0831380899441
4759052,147740,471.8796265324003
4759053,254720,418.07102650420313
4759054,898166,556.768784971716
4759055,876236,417.50606324651665
4759056,336295,579.1029930722584
4759057,1962003,576.3664833738644
4759058,999070,239.93606575310343
4759059,816329,796.1268232590858
4759060,262850,261.07693525398923
4759061,1842205,669.5355725443217
4759062,443038,298.89835766677453
4759063,1040602,683.3992559583475
4759064,65848,71.07535696388989
4759065,1934149,392.20172203662975
4759066,1088321,645.2014841809531
4759067,518140,172.03401246394202
4759068,61485,588.5652347228926
4759069,1617894,815.8448169312871
4759070,1252516,581.2966766393804
4759071,1933020,754.425707794362
4759072,156993,216.59224297158076
4759073,792490,408.6272780243564
4759074,782704,339.0076735842066
4759075,468441,623.6580710845201
4759076,1841743,73.25323413481311
4759077,561196,793.3753091282485
4759078,1470827,126.63200442296285
4759079,674088,510.7939816568503
4759080,1739525,304.0816224268208
4759081,47394,918.5593793067134
4759082,80430,927.3058661655282
4759083,437389,992.4966225334399
4759084,1899314,518.6969961095206
4759085,1349649,165.85468749113807
4759086,1739483,906.0962990069435
4759087,195179,706.4900206153246
4759088,1859678,164.60119240923342
4759089,419812,576.2727641003285
4759090,308168,936.8389314960001
4759091,1061802,550.8316940111425
4759092,37613,283.5706499040335
4759093,1690604,723.8841911359627
4759094,1186255,454.01952568185254
4759095,1824820,71.07963003163763
4759096,392406,15.209642567008629
4759097,423868,147.1290196876659
4759098,325609,503.84331000346293
4759099,1158852,887.9237384025042
4759100,795822,166.68397535083923
4759101,881513,375.98825280321444
4759102,1846277,308.80658135209114
4759103,1587914,941.3517785079719
4759104,1847728,191.36941888988056
4759105,756291,367.72979329317343
4759106,1500463,726.1752216624049
4759107,1722170,692.3521647493219
4759108,703930,721.9889295109349
4759109,179167,584.198376587415
4759110,1508971,397.5986921754515
4759111,1378673,996.0396583002887
4759112,1393526,665.4981784407648
4759113,974945,700.020425046171
4759114,36200,92.18378069857447
4759115,1876049,215.80795397934583
4759116,1198625,924.1960975488821
4759117,960227,656.8183072538317
4759118,1073447,829.7382055040963
4759119,487876,70.40145311710644
4759120,1694040,75.01203559702718
4759121,892880,346.873395426661
4759122,696227,993.6205542473217
4759123,1975477,953.3680185188468
4759124,1192153,814.1502897182852
4759125,1852972,898.9926624431154
4759126,1455184,639.4279086414239
4759127,558900,943.5725929215403
4759128,981230,12.92799539411249
4759129,1908055,288.07334015566454
4759130,1376230,758.3695420871757
4759131,810077,583.362452344854
4759132,1279847,408.301689032663
4759133,467815,717.6168074719346
4759134,192117,77.05366199728259
4759135,117977,167.00496358750905
4759136,122933,34.14739637348596
4759137,1404644,53.264736106916956
4759138,620045,184.39294477961676
4759139,665862,992.9108116063804
4759140,727315,400.0432760121756
4759141,1398158,702.9470931139224
4759142,734543,863.4079834790134
4759143,11881,789.6095975619298
4759144,1402082,769.057679397038
4759145,1561494,713.6787806220059
4759146,1945791,80.98099448238794
4759147,1907160,867.7830375646471
4759148,313640,701.5745668002382
4759149,719853,555.0614317120404
4759150,995565,580.7988399951797
4759151,1434176,492.07291573837364
4759152,577235,691.1784332714782
4759153,1286001,336.88978416904234
4759154,103953,396.0928333359829
4759155,1662853,987.9446413611844
4759156,1035513,36.27648568933639
4759157,882183,925.4085992007998
4759158,795605,478.50132405890764
4759159,427255,691.896582977331
4759160,117507,884.6066292392265
4759161,618891,956.4717093051954
4759162,633806,532.6515430881001
4759163,1837117,205.95370146219062
4759164,1307521,682.6529775530693
4759165,486342,849.5407479549955
4759166,305914,137.93852233488036
4759167,1188054,142.17647194521288
4759168,321488,239.93023909606194
4759169,1867898,516.1937565542747
4759170,239519,135.64594753607162
4759171,353341,335.5971269199689
4759172,1849927,649.217151340683
4759173,34227,586.622573658668
4759174,368359,728.421431085525
4759175,1550721,726.2958467698179
4759176,443313,112.54869771005205
4759177,1143227,253.6162822784982
4759178,1977895,113.08548056035094
4759179,1134081,627.9074189021057
4759180,1252757,963.7603518410409
4759181,1478368,601.6701702276933
4759182,859404,78.31904700617321
4759183,1898641,511.22371387983003
4759184,670133,916.6091343276485
4759185,1660227,991.0034928502743
4759186,1327078,57.577198620433975
4759187,652431,301.29206628896435
4759188,1331129,143.07700479074992
4759189,1096762,664.0050273314425
4759190,1651039,289.9765698987197
4759191,1258410,423.11115802228585
4759192,134330,825.3146604115663
4759193,553805,839.3664142349521
4759194,1740604,158.61079477719264
4759195,412544,411.5874159319145
4759196,204056,282.67239510045727
4759197,1842368,434.52316897178076
4759198,1692715,269.49045689344865
4759199,1817090,863.5292681739107
4759200,1125872,887.1618623143175
4759201,415234,310.09716254921085
4759202,1092852,404.8923082175773
4759203,870234,531.8113630847286
4759204,646040,173.54294625898837
4759205,1459420,190.74645264966662
4759206,949164,917.0001158407608
4759207,67074,639.2832888213853
4759208,587096,495.7150862472831
4759209,1367261,312.08516284757115
4759210,31420,95.12572980127642
4759211,870522,608.1006361494401
4759212,1246107,580.3413288704304
4759213,216140,440.41007082850734
4759214,1076467,116.76357667480785
4759215,1118934,142.0075829012474
4759216,324379,254.6733361742426
4759217,11037,888.0224364474143
4759218,732907,624.1206130976188
4759219,631325,428.18306039401466
4759220,1724240,57.7752698865871
4759221,66214,918.8131313986203
4759222,1422006,972.6848196972815
4759223,732443,366.017233680032
4759224,359386,239.29154719331726
4759225,537801,797.3088018223895
4759226,1624109,249.1662298359296
4759227,850361,962.5528454382334
4759228,885278,51.46304021130055
4759229,1731046,947.9435290756505
4759230,1564784,878.648906015473
4759231,323870,270.77115187341616
4759232,1948112,770.9282474655333
4759233,27347,226.46255663307613
4759234,1246758,34.86888227856
4759235,1200490,485.17261385775936
4759236,1519547,92.22121040691067
4759237,399680,843.4468852673733
4759238,1119951,553.1705423881415
4759239,630884,307.63187041259596
4759240,806017,974.4434657951263
4759241,1520681,5.1935974137702345
4759242,1670051,847.697699695666
4759243,1682280,368.5757746629532
4759244,1316130,455.3271885517404
4759245,1240155,549.2400469603131
4759246,1005494,246.82799413414136
4759247,1701802,384.93798271117
4759248,861495,341.80882024782557
4759249,1571330,641.2297765635464
4759250,1925928,665.8136438517545
4759251,1708832,126.51153277635207
4759252,1634342,527.4084591028817
4759253,765136,917.0056241197599
4759254,305772,312.19769570479116
4759255,1855634,262.5040636682425
4759256,743374,478.5143894256453
4759257,947158,776.19375196603
4759258,509104,933.1260135882865
4759259,509176,502.59623248266496
4759260,76376,468.76001131200405
4759261,1403964,946.9430006881978
4759262,1747680,324.5013459107726
4759263,367265,908.5191715182484
4759264,602121,557.718020539611
4759265,1605498,969.7282239503347
4759266,359152,235.0194962750135
4759267,390539,474.0235858223927
4759268,376687,199.93977132321263
4759269,1240177,462.6252123721648
4759270,461056,439.6757789040704
4759271,1488773,583.1767982586572
4759272,305157,78.76064180437436
4759273,765982,823.6279140706366
4759274,1258737,355.8130574227306
4759275,899941,186.08884492807553
4759276,1254988,491.23524184822367
4759277,13360,852.7482383503874
4759278,1676270,201.9003759060747
4759279,1546306,353.35966080224813
4759280,1241505,735.6287257524154
4759281,899051,740.1831691415953
4759282,1707838,326.3976404120569
4759283,1763804,393.8251769807448
4759284,1883593,348.2501717476314
4759285,1191177,496.117601806655
4759286,1940144,752.3657723439843
4759287,529988,72.15460277766906
4759288,1990160,580.0067337969977
4759289,437654,569.5728827592015
4759290,197484,371.5923614680238
4759291,883479,796.94551969061
4759292,183738,858.6724778526459
4759293,594728,483.38632440438977
4759294,1324170,137.61724773792005
4759295,583511,544.7252304327341
4759296,652072,351.323024018768
4759297,1470978,579.7611250133783
4759298,498589,689.4480527078258
4759299,1213632,616.9132879182442
4759300,804148,848.468713690912
4759301,1702305,565.9704940790753
4759302,908664,685.9764198880389
4759303,486115,367.41111830109173
4759304,1529704,968.282970764128
4759305,574960,177.6532906479894
4759306,401585,594.4327574704506
4759307,1427469,265.82841467475447
4759308,239254,342.5134015723642
4759309,1790961,588.4753947948197
4759310,351296,966.4464837093994
4759311,934842,38.06891154547254
4759312,140491,269.0102635959939
4759313,1404631,152.24243826352358
4759314,1405571,379.1615231992288
4759315,1713840,177.96610105560228
4759316,1758154,10.422668031309534
4759317,183208,666.3039732334128
4759318,1269966,645.1890952307543
4759319,1774593,619.6746350747521
4759320,89590,665.1780572030245
4759321,57855,707.5149123085232
4759322,516183,404.7166709284038
4759323,937554,168.68939618641255
4759324,1041376,964.3694570279491
4759325,1950105,217.86829583001943
4759326,1985078,885.4685096483306
4759327,1647028,839.5593461762298
4759328,106802,53.158372293314656
4759329,1961510,681.2041801901273
4759330,1072633,544.797011427539
4759331,106998,844.4873411107853
4759332,1211516,12.381190802881692
4759333,907909,571.2009169078833
4759334,512195,535.3567950834574
4759335,83201,238.21989842341708
4759336,1604030,497.1508424730338
4759337,1068,643.7504516690906
4759338,1702667,538.090874450453
4759339,1602448,205.04195077923836
4759340,609359,974.6628352759365
4759341,1703865,91.9989677711801
4759342,1195436,417.74965749579786
4759343,1232268,154.51099212248187
4759344,924803,706.1899281069025
4759345,758218,96.40796964574349
4759346,1398001,921.4609222505784
4759347,435128,452.28415159578003
4759348,155308,373.92773579357583
4759349,496019,340.8311869287576
4759350,1839317,214.31441564742826
4759351,712929,607.3219544913591
4759352,1501064,484.8781073969921
4759353,1205569,458.4414768454391
4759354,1551402,494.154959919868
4759355,1200374,936.3800412019938
4759356,648235,773.6788262412098
4759357,1312894,308.4018347703036
4759358,975387,907.5324090488916
4759359,876787,694.6008209143235
4759360,643320,353.0924936073453
4759361,318952,247.6816692628455
4759362,238223,663.4054997384669
4759363,1090352,816.9417859583284
4759364,1847946,186.5718891024507
4759365,273537,838.6337522874708
4759366,114195,466.03735447868166
4759367,1771780,808.2736737373754
4759368,1949214,647.4183489453364
4759369,1337945,821.3384364631672
4759370,1054461,870.2182637591791
4759371,1773660,605.7738325301275
4759372,1714067,372.9354971748827
4759373,1762506,917.060882912507
4759374,47679,194.94590174105798
4759375,1082478,725.6372583743905
4759376,776289,608.9156854855501
4759377,1164436,656.5701529491046
4759378,387119,723.2739737931236
4759379,696274,24.672109971024092
4759380,858535,64.93068057302852
4759381,1892706,134.34036565568263
4759382,1138147,522.5844878867518
4759383,1948422,432.3007632152668
4759384,570981,795.2150619501224
4759385,1174464,292.20660946167754
4759386,1214217,173.56671690613734
4759387,1796827,468.60792591029497
4759388,981865,947.1229788852486
4759389,596986,1.5457965921189531
4759390,1587644,680.7373592396798
4759391,473755,520.4513180060159
4759392,1606175,915.5125266333529
4759393,891006,641.4847187245757
4759394,740611,710.5046593867609
4759395,1066172,904.8209802080298
4759396,634344,322.222384054474
4759397,370487,796.9406461862535
4759398,1547387,577.9748666297547
4759399,1494021,199.0350954375214
4759400,204551,52.6278216953836
4759401,228188,111.38649570296366
4759402,1905038,336.1858420747382
4759403,1796809,557.9422306852421
4759404,1554972,307.9500296223241
4759405,1289029,563.4211323610066
4759406,110312,847.1723808122147
4759407,534108,934.325966400922
4759408,163500,336.07197996015947
4759409,175054,336.715888708923
4759410,608276,133.0856806689311
4759411,1113820,685.4748287458705
4759412,107985,269.1300839273635
4759413,696739,99.60693241536534
4759414,1414278,335.36282899239825
4759415,1007190,691.0810484832851
4759416,229819,133.58918093394055
4759417,941896,142.0575969594863
4759418,1938576,491.5420248859964
4759419,576606,123.34418832426519
4759420,454036,532.1683941279022
4759421,1899604,920.7315628533621
4759422,625727,304.7685961480491
4759423,1657756,6.750838539624215
4759424,925232,333.7273784140815
4759425,1335442,45.05309687604198
4759426,995568,146.5763419932711
4759427,1179006,616.9304161586291
4759428,1978283,749.6429676832536
4759429,1753275,643.7969210103173
4759430,276574,621.8501061458949
4759431,1269991,29.040038363333466
4759432,1954318,386.0806856711401
4759433,1123856,546.5875255590914
4759434,376295,9.431262679313601
4759435,1295578,449.8214062965914
4759436,1376092,449.3707109087821
4759437,121295,689.4262296852472
4759438,1936907,406.1567741243638
4759439,112717,182.02876481975318
4759440,87594,977.3292236334308
4759441,205176,828.4140071814915
4759442,1448514,937.968669316783
4759443,716532,197.5443296538485
4759444,877258,807.86967608176
4759445,957907,988.5344422236606
4759446,1043996,940.3763950197897
4759447,478532,981.0208248076419
4759448,1690912,974.026203468397
4759449,1338211,683.3805636902836
4759450,147642,956.5790181354195
4759451,128676,795.2439301192104
4759452,1058182,806.7671481612235
4759453,1875974,206.6350075488883
4759454,407250,599.2540656570685
4759455,1164218,599.2551019914143
4759456,994670,977.1019552697279
4759457,1343103,661.2762664994173
4759458,1782793,589.4858149959165
4759459,429776,655.0451909717507
4759460,1035721,802.58181483566
4759461,1038259,723.3213895254468
4759462,1911999,257.5255860965201
4759463,986509,569.8502461141129
4759464,164319,241.23228355553795
4759465,1642802,253.85643733731987
4759466,1838458,83.27741788504417
4759467,757736,530.260385496566
4759468,744547,635.691026808775
4759469,75641,245.51907481725277
4759470,177199,822.3781459824767
4759471,1169143,468.7527102789664
4759472,815906,67.31611748076372
4759473,277660,14.789376784669628
4759474,1074391,243.33274610304423
4759475,1781863,317.39490925556413
4759476,991511,88.68101155603102
4759477,200073,936.2929237002099
4759478,11620,580.2769397576171
4759479,222321,229.20511522992015
4759480,504284,972.9909425034153
4759481,1249949,208.9150896170837
4759482,573145,528.731425616791
4759483,1548622,686.696260085499
4759484,808075,177.0448144133845
4759485,265807,159.87406734991427
4759486,1323091,709.5218077665569
4759487,52639,943.4954108726619
4759488,1247985,267.39755163379095
4759489,1210500,296.1720295694189
4759490,718757,491.59863612231504
4759491,38626,111.12921058933767
4759492,1987597,473.8957942415638
4759493,169338,244.34530203575844
4759494,1941769,342.12673475597035
4759495,1436778,382.48101061981123
4759496,545197,294.2352595046718
4759497,1808272,989.1412420753765
4759498,586342,255.37129224350963
4759499,1333564,618.351580319699
4759500,1612156,234.53821289305264
4759501,1479105,790.9281234962734
4759502,1324072,212.35078260847416
4759503,1445718,394.0945025082228
4759504,78274,38.71634864916518
4759505,204614,565.4137396646274
4759506,969876,396.4181992493894
4759507,821272,997.6384405348672
4759508,1463495,649.0863999065307
4759509,1257144,888.9745873549718
4759510,553391,503.65737952468925
4759511,1544452,440.46271321040854
4759512,1708447,930.490928384736
4759513,604173,282.8267722886918
4759514,370346,466.87961560057977
4759515,1160683,123.55306691624168
4759516,1805204,671.8293640368845
4759517,825010,719.5103367722203
4759518,1276741,93.94701343099199
4759519,1485521,448.30656793519506
4759520,619491,392.9419984531416
4759521,161144,393.16207996443796
4759522,1817136,310.302295876264
4759523,593353,587.9979552179614
4759524,1803376,271.8156271690002
4759525,1088631,815.2701705258715
4759526,210678,379.7698063757583
4759527,326661,706.2275302443818
4759528,1260373,156.87023905557908
4759529,259707,453.9320302155677
4759530,1493921,845.6621953279295
4759531,1961070,858.8088923342975
4759532,1064583,572.505258590034
4759533,734611,534.4269550098131
4759534,305203,655.0808210535433
4759535,411313,647.4416579619482
4759536,904899,555.6992041612713
4759537,487324,925.6011987755784
4759538,510735,56.87071368089847
4759539,286505,142.55835413541385
4759540,318781,977.4150052364614
4759541,941743,198.48906326052585
4759542,184528,665.956190654813
4759543,137203,562.301705566599
4759544,284341,108.73520677481675
4759545,12890,588.9675772227228
4759546,852136,5.267887262673243
4759547,1595169,495.19641434851167
4759548,1766697,504.4394909740052
4759549,23110,449.6541801114153
4759550,1633354,889.9203654681062
4759551,724075,896.5977460575764
4759552,674361,698.16480580361
4759553,1750169,189.78827455913506
4759554,475755,437.843052848825
4759555,361840,304.92052162825536
4759556,1057712,181.55558732938547
4759557,579652,70.1471912705095
4759558,1250441,752.1937685110347
4759559,1952364,958.8100388463222
4759560,1310422,510.0547341862398
4759561,1260123,577.2682122043984
4759562,206966,766.9274145347473
4759563,940245,937.7339502332492
4759564,1513103,471.9888297713448
4759565,1474774,524.9018336278682
4759566,84045,412.5706139836136
4759567,1035151,548.3695824289235
4759568,1339462,598.772937940889
4759569,49577,258.38416208670634
4759570,691016,567.7572666621885
4759571,1223007,2.27530185012792
4759572,370285,955.8236524016978
4759573,822934,558.5399598341947
4759574,11696,350.82855488674636
4759575,1450540,268.39230515663616
4759576,1962700,863.6523796525294
4759577,594788,889.8659942780199
4759578,950035,498.81499748241845
4759579,315849,453.7553669801634
4759580,1649588,931.7562827277746
4759581,708873,598.6515203142568
4759582,1326569,739.8155437810651
4759583,1182722,624.1140831846515
4759584,370408,109.37760337221548
4759585,159728,936.270466416272
4759586,633456,986.7642922494189
4759587,16353,8.88948020469249
4759588,60666,461.53376981779627
4759589,1567102,621.3867102009506
4759590,966484,1.6657843572615016
4759591,411726,85.34923107080539
4759592,208088,932.4466190084269
4759593,1129881,707.9533184321538
4759594,92940,636.6499731436882
4759595,1282991,357.6173458551334
4759596,653409,163.83989898909533
4759597,1862768,167.9902604038742
4759598,1094470,616.610999807189
4759599,614159,234.7937768413696
4759600,1470718,396.2305575129501
4759601,1325380,250.9310309112056
4759602,877005,48.88294755841216
4759603,1700402,615.9282577194574
4759604,674202,957.8701906180991
4759605,210818,703.5235474213515
4759606,1510462,585.5265263451491
4759607,768582,341.7087440182113
4759608,103722,763.5462490286097
4759609,1968318,944.0008895008252
4759610,1737516,9.271865651336753
4759611,647869,730.0647827012848
4759612,1021043,142.44838049761753
4759613,558651,76.34991169032989
4759614,1739227,214.1336642531315
4759615,1922254,97.89931912128102
4759616,326760,777.3721828190168
4759617,628444,668.0650714818496
4759618,1612469,287.9135607285137
4759619,490888,283.0170649691679
4759620,1394823,677.6102116201072
4759621,207545,641.3537447092484
4759622,879868,2.5789133255849084
4759623,151309,192.31490592770461
4759624,1283559,426.6508823365791
4759625,502969,258.6984522343194
4759626,1917278,207.31018990134174
4759627,101101,229.45800324172694
4759628,495103,827.1618338812048
4759629,617069,377.91606416482693
4759630,397491,4.728057440981592
4759631,270509,798.3386596763816
4759632,1017068,337.77545591094713
4759633,667466,179.12417264561265
4759634,345836,160.76104926506864
4759635,567540,600.452162201632
4759636,749688,798.8946442592561
4759637,1939614,211.02295340561662
4759638,466811,779.2803164130921
4759639,1706086,362.4614165394552
4759640,1337593,959.3678844769079
4759641,368991,110.5705521893705
4759642,1321405,114.54009438318735
4759643,12932,183.10799473110774
4759644,837669,293.92153652887754
4759645,155487,88.8742033441432
4759646,1661397,660.1174968583188
4759647,105167,427.84888455062054
4759648,199456,512.6235802928952
4759649,1683569,981.4626097175715
4759650,318480,487.9020763224244
4759651,396434,35.57619215878949
4759652,1069167,429.03949680419106
4759653,1825325,506.7026086398491
4759654,163653,216.37799730261474
4759655,674261,105.43134742140403
4759656,492786,506.6197186692395
4759657,1827040,72.31707660486897
4759658,1965356,378.03114672379866
4759659,1673917,308.9653039817073
4759660,1404359,451.15410559313665
4759661,1864510,232.2956288150181
4759662,594393,696.8738189807473
4759663,966511,716.0091375084589
4759664,385093,579.3119553112471
4759665,1150122,347.41061743855363
4759666,82091,690.8079843491882
4759667,159212,738.5809614579774
4759668,1578882,181.27010161692613
4759669,1352620,155.0034894884371
4759670,1866893,613.2105277275291
4759671,1897148,889.2774519331361
4759672,698802,52.324878642976856
4759673,1317648,401.7077405983723
4759674,789972,402.4120268065711
4759675,556386,616.8114787717395
4759676,193756,748.661038314956
4759677,1123725,616.5055403635856
4759678,546858,404.30410382787187
4759679,1359252,404.8174868889416
4759680,914629,865.3227111576049
4759681,295755,739.7299064637004
4759682,139648,270.84000176491566
4759683,1827937,334.08881793786713
4759684,968314,598.361151592837
4759685,1883465,765.3138243796363
4759686,1414836,882.7150089984925
4759687,418519,56.70314711343627
4759688,428274,204.15814151895506
4759689,963606,118.80616718554681
4759690,1406162,454.61109882348836
4759691,1873766,7.000392828293123
4759692,526682,452.94051854828444
4759693,1442880,504.27190530540247
4759694,854524,754.5615073731003
4759695,109892,24.47313485428304
4759696,300030,411.77669166366024
4759697,1498545,915.2708803082483
4759698,1238897,759.9951522928368
4759699,635967,785.0702362673901
4759700,747524,585.4610884018737
4759701,1114539,486.3153539858982
4759702,1578533,549.0382664613946
4759703,1634455,477.272378421712
4759704,1363830,232.81084319584778
4759705,789400,588.8479045139331
4759706,1999806,615.7076020824868
4759707,1351090,434.446009385422
4759708,1079291,763.5908683476622
4759709,869945,439.8092105263617
4759710,337754,11.227484626021965
4759711,303409,450.92425610158074
4759712,223090,192.42339437532118
4759713,1347761,457.7314842575703
4759714,336518,22.045613809777652
4759715,1672974,840.2425967002125
4759716,1599567,260.07623831288174
4759717,1480628,824.3661687795599
4759718,1352368,760.2099239563785
4759719,441017,115.17629260880813
4759720,1616995,794.5747389286212
4759721,869669,826.7969326489791
4759722,1412332,198.31734692506743
4759723,655410,628.021926763718
4759724,1949167,299.58475750085347
4759725,587142,9.845942963943921
4759726,955984,993.3597396303607
4759727,184065,936.5381354834667
4759728,1466691,294.81127242834435
4759729,62318,637.341420623537
4759730,590638,285.6058650959087
4759731,1555772,298.97576905168154
4759732,1802428,245.70418265408557
4759733,158966,650.6414098334736
4759734,170027,856.1007412784382
4759735,843086,657.9485514797171
4759736,462653,442.6458664393398
4759737,233513,267.9919549206179
4759738,1778243,46.360798545151624
4759739,303281,904.3883301903043
4759740,1380489,550.9204863039668
4759741,358372,932.6324147822737
4759742,283125,289.8594505793286
4759743,1707781,324.60824054191806
4759744,838343,117.21065812021558
4759745,1620193,216.76798495079197
4759746,165308,132.1374980350164
4759747,1953050,571.7654461356162
4759748,1181208,834.3126045461158
4759749,1731699,249.3695172553727
4759750,1964234,306.6837972051824
4759751,524837,114.60049515663306
4759752,1564640,695.5139831031801
4759753,1450719,543.313167762421
4759754,1718433,754.3466352494677
4759755,495191,315.8391119803955
4759756,139224,299.9782349627772
4759757,727437,526.9209591599025
4759758,799511,506.0471919637789
4759759,98220,769.2269689735317
4759760,1436334,526.048433855232
4759761,1515067,25.451128433864547
4759762,1940357,997.5391977243911
4759763,1644889,98.81914413648806
4759764,1761331,233.90148076981953
4759765,398210,67.08178851078183
4759766,773659,502.84225365304167
4759767,1104012,202.95744856303676
4759768,43609,430.6609911245702
4759769,601087,602.2238374060477
4759770,164289,82.9094518560649
4759771,1764985,870.9741951793566
4759772,219782,317.77743771304677
4759773,783716,879.0872969274767
4759774,459271,84.0130880253015
4759775,1861895,344.14172506361473
4759776,688114,788.7356254793899
4759777,630873,541.9426647913692
4759778,1218487,913.1272532115183
4759779,1867491,881.3497527142523
4759780,447059,925.4054254655376
4759781,272782,542.1111577668012
4759782,1979560,906.1647694795047
4759783,1410817,549.3317976258002
4759784,743067,958.5876520779645
4759785,1100374,30.085147356742283
4759786,1025873,385.9435022008264
4759787,1207122,546.1806890569698
4759788,1152527,401.3471179039054
4759789,1158869,692.9288917581313
4759790,1936436,554.6056569099967
4759791,1856917,852.5695982729646
4759792,1475551,134.09111712385325
4759793,748390,743.221462065336
4759794,938500,766.0798796396942
4759795,1479245,507.8499426491383
4759796,581798,877.4234505682128
4759797,884392,549.1438732525405
4759798,348430,45.088232295142916
4759799,1184991,44.090239345102255
4759800,94962,343.931205669634
4759801,326129,239.6800561151553
4759802,1968920,315.04133636784724
4759803,1862717,347.27379392001
4759804,1000026,492.5200053996047
4759805,728811,605.2046007538993
4759806,54594,256.48704260701396
4759807,331420,197.61977947376275
4759808,913074,438.6454034140006
4759809,512216,912.8892154457126
4759810,40142,844.7555939548166
4759811,747631,81.23731507632792
4759812,1318555,927.1268592151819
4759813,411200,132.07182798190507
4759814,359481,625.0076858936535
4759815,1468358,920.2771088413494
4759816,1246065,586.8123838126975
4759817,1527136,586.6273826557415
4759818,928484,42.451692349267375
4759819,767183,607.8879571723801
4759820,1609457,563.0900471100408
4759821,828888,629.3459010210569
4759822,1325104,428.09659073406937
4759823,1781522,342.72562378852666
4759824,270093,758.4705817719049
4759825,1797487,578.3706920490044
4759826,1543982,900.6860133004599
4759827,1819476,563.495886523644
4759828,1202007,418.0272683323085
4759829,383606,906.2624050426109
4759830,49963,691.6837956434099
4759831,326180,89.39600255761081
4759832,1541296,478.04338055864525
4759833,1526351,196.66959083775083
4759834,845442,922.7774753445907
4759835,1652868,250.99423884842642
4759836,1044772,129.96359574696848
4759837,585115,59.05323302347165
4759838,793700,244.83915207204709
4759839,291903,360.7157661469539
4759840,1166705,647.4886977475445
4759841,998435,621.6463701596128
4759842,1336302,579.0539033656527
4759843,1467085,872.6830596259929
4759844,1226690,416.0041140917453
4759845,1805674,582.9188128227456
4759846,718136,588.9489831422001
4759847,253809,260.4210158139395
4759848,1275087,225.38871149671346
4759849,14879,227.66591383989754
4759850,1169420,287.8906101529236
4759851,1733118,84.69301678679165
4759852,1521154,412.0511145748219
4759853,1076510,187.50642155024534
4759854,594063,731.186364895513
4759855,1268933,202.91123457538797
4759856,920526,662.4546970304162
4759857,1954775,752.2899591935318
4759858,510090,948.3637775771202
4759859,4779,356.60574122978403
4759860,1246006,595.0177710667431
4759861,1164929,59.55564774692035
4759862,1281769,810.4492565052077
4759863,1604215,789.552421655263
4759864,1527047,940.0725850280181
4759865,909298,605.9095199043057
4759866,1942086,260.45457975402996
4759867,1414511,743.2943459242226
4759868,1882110,100.51881159997077
4759869,1186891,892.3988211862759
4759870,477950,588.5375644379933
4759871,1658757,847.2304005958832
4759872,1447290,20.379108124708
4759873,331615,418.31155621335637
4759874,977721,609.3628399708614
4759875,1046923,603.2262795547091
4759876,419901,612.1187114582235
4759877,433654,688.9642366308952
4759878,851628,417.6497707482907
4759879,1348257,132.97021599315295
4759880,90904,170.88993386714813
4759881,1331635,722.1449142858592
4759882,1786117,795.706619158563
4759883,74177,995.1111618624309
4759884,37198,717.9123853668756
4759885,790394,970.1438574329618
4759886,504679,578.7699931442838
4759887,728682,695.9900179616887
4759888,479412,944.3155103207068
4759889,1751216,911.8168703602684
4759890,332506,749.2287639223829
4759891,1097423,278.016621047517
4759892,472306,131.39551617945767
4759893,145876,264.7881960377746
4759894,1550852,190.71545239979548
4759895,1608337,971.4158813675919
4759896,1465157,406.88946071836017
4759897,1761509,849.6671253440289
4759898,769112,581.8402136210859
4759899,121078,353.27899882464885
4759900,229217,628.2364074888861
4759901,647179,894.260060758499
4759902,1563672,433.9570162013319
4759903,1993768,499.62605157907103
4759904,220783,313.62820626567367
4759905,689482,425.9373706254359
4759906,629564,599.3527778603654
4759907,1465858,480.2443550317811
4759908,539310,764.6099663257264
4759909,204774,856.3266816558407
4759910,468779,846.9657672263746
4759911,893821,161.00328760273408
4759912,1776574,273.7383732519688
4759913,546415,682.5446093912474
4759914,1081697,396.2714285406843
4759915,1397711,611.3765182428428
4759916,293941,779.3773145616508
4759917,980696,49.554713509440404
4759918,1627424,145.29942769676586
4759919,1429742,148.6567463974413
4759920,1815687,141.6585327521015
4759921,1854388,191.62237649512304
4759922,412765,696.8306450150358
4759923,556377,592.5062844093495
4759924,728359,607.7647907324817
4759925,1581815,978.8353396974192
4759926,317615,778.2032233379872
4759927,784099,990.0919932961696
4759928,1068852,930.1689897182473
4759929,1324117,127.2189415331223
4759930,1684807,196.15902861872036
4759931,1735917,895.0100740970443
4759932,1128165,472.2437567825234
4759933,1357316,695.2085693870538
4759934,1787753,953.855989583668
4759935,969932,916.4943369633442
4759936,1302127,824.2139844625207
4759937,376891,263.39386805746346
4759938,1108276,404.59087419793593
4759939,1608224,393.28807046433303
4759940,920210,695.3667059760894
4759941,1514758,648.2685026658182
4759942,325882,153.124095747607
4759943,455956,609.0794629293665
4759944,543637,368.39468381286343
4759945,1160220,508.82357966414946
4759946,591488,850.2127874257321
4759947,1419907,715.4600339770501
4759948,1380011,65.04339394733094
4759949,1016088,74.18304403994446
4759950,1630014,524.5764902519829
4759951,1503200,297.3179817602494
4759952,430015,833.2107144086393
4759953,1912245,811.8031359471132
4759954,1224604,239.14789889783273
4759955,168670,488.7869893695439
4759956,1945045,888.5399284328806
4759957,99342,728.3519193306869
4759958,1115155,329.58150557173815
4759959,344521,139.77373298120654
4759960,1637018,399.2666356318526
4759961,943973,992.9353139692806
4759962,1244870,619.7317783403075
4759963,1371832,387.98782883152404
4759964,747549,21.039074347884657
4759965,1828185,522.5320762762113
4759966,162230,711.7442049304385
4759967,662279,252.96324426766824
4759968,1213578,807.5750110811708
4759969,1578036,358.35003509738704
4759970,718166,607.1317140444138
4759971,343819,58.46271026076
4759972,666223,799.7867412699563
4759973,1133234,587.7658762165341
4759974,1518186,446.64275819516706
4759975,1188935,238.64979816410582
4759976,824920,429.6727466192447
4759977,1694894,697.1874721753265
4759978,1535901,177.456633622465
4759979,678257,418.3786920566689
4759980,566783,773.7682104480475
4759981,1411367,88.40054162025768
4759982,842228,395.24708256492545
4759983,335678,2.482712257212527
4759984,1055883,962.9108164087987
4759985,1594663,156.47884241862752
4759986,886953,163.23839214924473
4759987,1321746,574.4261210750326
4759988,1131459,480.045763776198
4759989,254272,872.9710505827246
4759990,164853,282.26444960698217
4759991,549398,284.81046582592916
4759992,436622,445.47792654630746
4759993,567842,921.4928677176948
4759994,1082840,233.51111461243246
4759995,1310340,675.8124061487722
4759996,1287961,19.65922948667953
4759997,217592,77.15307164585106
4759998,1355537,855.9118917482299
4759999,1553405,893.8669805628423
4760000,1982165,500.89090499997155
4760001,745968,744.6076650890695
4760002,1866044,851.7548217941066
4760003,1505180,357.0518298532654
4760004,820359,552.4417707443481
4760005,1781110,448.6736256982895
4760006,1519694,659.1381471963422
4760007,611004,362.21645540450044
4760008,1574689,241.02465944410923
4760009,1324040,811.875500204818
4760010,1741471,118.46577174828887
4760011,1984164,194.40679079455902
4760012,1904398,538.3100113414528
4760013,223388,546.6591910157563
4760014,628289,681.8706073405625
4760015,1671994,788.7873537307362
4760016,1708690,925.1177268438329
4760017,376030,362.6358477882059
4760018,377167,3.283970470319031
4760019,897443,697.5755677042758
4760020,1495324,531.8683881379994
4760021,824692,586.8779766610647
4760022,917405,204.7108255684027
4760023,401924,863.1601217432469
4760024,870010,238.98928228912808
4760025,221133,975.8066731083967
4760026,423882,2.921692345274396
4760027,1450964,78.8229891911636
4760028,27413,175.71325586842602
4760029,1507536,551.8961601383702
4760030,1168719,519.1754258145106
4760031,13610,735.0042424638991
4760032,277337,92.22875562477451
4760033,522991,247.83760149698787
4760034,944784,784.7122979413635
4760035,521593,140.46395607681228
4760036,78059,941.9548214431444
4760037,57368,755.1994974147854
4760038,934638,856.2611845707331
4760039,440637,820.601121265659
4760040,234965,645.7623226343289
4760041,1323656,26.851836621645475
4760042,1571718,757.3045773265197
4760043,393046,266.899846413825
4760044,810594,690.406154103798
4760045,1153244,238.10717658474323
4760046,1896687,940.7995729115449
4760047,1023060,859.3572163349305
4760048,1168796,986.1517549186518
4760049,1172034,777.4654720115999
4760050,682302,315.2493912928027
4760051,152693,67.42706172522806
4760052,1025935,3.4049249553342875
4760053,200051,344.5839675531699
4760054,780303,120.96041198593699
4760055,1595228,903.0378986675174
4760056,1636849,308.3207581608587
4760057,441442,765.8193324880153
4760058,254592,309.80248551905333
4760059,1523428,909.4616678675961
4760060,1670438,410.3312137020959
4760061,215588,490.1077903304082
4760062,1212372,272.0626890492811
4760063,828016,688.2414872151069
4760064,488376,22.35365185522198
4760065,806517,959.6869861044511
4760066,1375489,494.1769774575958
4760067,1942228,440.6901973170484
4760068,940300,275.8288757341426
4760069,135411,978.5127093296308
4760070,120855,399.4538637166474
4760071,1489297,753.7143467522968
4760072,130733,495.7666390801776
4760073,1624670,107.52858878947558
4760074,1119442,933.1942856010359
4760075,1315983,205.19448822651708
4760076,149375,488.13089618574844
4760077,504527,26.65763700635171
4760078,718633,393.7384759923727
4760079,917340,297.02380350439904
4760080,1253628,490.668436752131
4760081,1898434,166.90832080083916
4760082,531445,872.0485974396439
4760083,463799,720.8175354249897
4760084,1979726,501.55866868832834
4760085,1110722,730.6775937024569
4760086,633944,994.5480911988484
4760087,845718,619.1960382903837
4760088,1748705,338.5548440597822
4760089,994345,425.5950578342367
4760090,1643287,783.1313017893815
4760091,1958423,966.7407924402828
4760092,1566588,450.2924121097297
4760093,1192373,648.6960426726047
4760094,40388,841.1939981588224
4760095,1494076,71.31771793287255
4760096,1876997,962.6244625113106
4760097,1261527,127.3515683380646
4760098,1559971,305.7784715482851
4760099,1544856,855.1482281809214
4760100,863865,357.2135965227056
4760101,403176,848.1857701881605
4760102,51361,730.4506887644761
4760103,450696,185.754879569492
4760104,1950901,353.5906045423528
4760105,1385646,878.1011281164323
4760106,202553,227.69807483668546
4760107,543285,151.92059702343684
4760108,315934,265.14614205905616
4760109,896628,751.602312378778
4760110,503912,801.9413663849368
4760111,877113,345.6321983047109
4760112,414941,658.890915022994
4760113,361558,680.2041864339323
4760114,1292523,708.9948145093982
4760115,476768,716.6465711924806
4760116,385705,484.61562938273016
4760117,1052160,388.4611391738594
4760118,429187,48.38044952303322
4760119,1488875,189.6579254544234
4760120,174589,622.8653971078597
4760121,637172,790.0965628802311
4760122,318514,820.643462381106
4760123,1879112,606.5353712463608
4760124,1893597,423.45120838307224
4760125,873409,440.23736856527205
4760126,356036,43.55745631911145
4760127,934430,583.2582142938334
4760128,1026594,417.918806162646
4760129,1844685,860.8908861732656
4760130,574040,124.14719416063235
4760131,1270545,361.86208076983104
4760132,926206,71.624525831674
4760133,1135071,466.22202883577245
4760134,34059,961.402919710141
4760135,757073,412.150715663823
4760136,284485,555.6549043442644
4760137,583093,75.90251322639419
4760138,1323340,838.433468214585
4760139,534738,276.54591846188015
4760140,1849675,367.02826370845963
4760141,621489,596.5119532477411
4760142,791236,517.0479714988569
4760143,507378,99.04579532387959
4760144,510976,940.7862456969693
4760145,970958,173.91826161261938
4760146,188568,341.5448397569021
4760147,658232,737.5082823166633
4760148,1892370,133.47076706286242
4760149,1275611,429.051545476104
4760150,62520,587.0643925031201
4760151,77018,221.41689488762663
4760152,1496562,394.30616156732566
4760153,1196235,763.4098849948708
4760154,1384768,360.1122675561611
4760155,86825,880.7405505884171
4760156,1520328,348.02331083896854
4760157,1801170,46.88657768673332
4760158,1964713,609.7774608778002
4760159,711495,452.687942492729
4760160,1007437,695.769419202381
4760161,1275861,702.9448629956443
4760162,68142,572.2431721605235
4760163,543700,461.9202606787053
4760164,2421,246.6575205400211
4760165,377136,963.7004348762043
4760166,5606,726.5510187148313
4760167,1518831,156.94243785272167
4760168,780737,265.840899313434
4760169,1135499,857.1743692721508
4760170,1197515,805.5743925056653
4760171,1125459,678.5209091389527
4760172,619627,950.5968854554758
4760173,270828,140.97742530825218
4760174,135650,804.8415059255186
4760175,1756939,711.6594698534735
4760176,671099,644.8213367049996
4760177,346188,370.25306197201314
4760178,1417105,481.47528687696126
4760179,1615884,480.7370937071663
4760180,644442,253.4520498725461
4760181,793957,301.79876353294065
4760182,1472232,543.2059070941909
4760183,553576,906.7716538313294
4760184,208266,163.13795849182588
4760185,1967213,583.0889060783031
4760186,521534,34.14108255713422
4760187,183908,890.3856218568293
4760188,327184,702.5266356694146
4760189,757037,931.9449741757963
4760190,388972,42.019141628265814
4760191,1365415,850.8653954866709
4760192,519925,932.7248849151321
4760193,1943492,328.8321127448862
4760194,840735,253.7047045992824
4760195,391688,819.3230551314227
4760196,738158,196.38008275487638
4760197,1692805,895.5326298370397
4760198,313422,638.603421440125
4760199,1147,334.06143076909757
4760200,199332,515.9883679696609
4760201,991088,973.001202938431
4760202,845779,287.3714910470293
4760203,1688480,801.9275501143867
4760204,1773462,18.450712890310083
4760205,795352,977.9827584181829
4760206,497182,586.2080208939965
4760207,1866992,686.0673709801737
4760208,1289122,187.8251028613812
4760209,1875482,593.1365871855132
4760210,446861,665.3384466479185
4760211,1187596,93.42037667718617
4760212,915756,510.2967300711029
4760213,586365,81.49814188726923
4760214,1669087,233.59440809732078
4760215,1522014,307.6151481410906
4760216,490676,287.536723862483
4760217,1892943,168.21749274795417
4760218,1552278,575.0118444928429
4760219,1504500,640.1233173454797
4760220,798511,268.711237455424
4760221,489830,998.6691660370152
4760222,1687473,341.108002579138
4760223,328075,745.8265550009426
4760224,1093159,791.5878049864045
4760225,574585,411.94755702256856
4760226,469419,32.80415498032363
4760227,879095,587.413628505793
4760228,401218,614.4531838507443
4760229,1547466,396.2516754202078
4760230,198738,543.9784049507147
4760231,1639122,702.2988308846083
4760232,1518648,320.1494278930371
4760233,1503233,358.3475303609199
4760234,135531,85.22876025439375
4760235,631161,202.3194338812535
4760236,503667,12.073973682847239
4760237,1721756,374.1267613974064
4760238,1844251,914.4560639094789
4760239,355056,631.8194303442318
4760240,172622,299.7186369028647
4760241,233328,637.7260335172598
4760242,1862368,789.5767414699028
4760243,642791,500.8965049415375
4760244,715353,942.7114805955329
4760245,1177361,923.9381237592559
4760246,640386,406.70570993433586
4760247,1278801,734.6976354146279
4760248,616726,951.5587206296724
4760249,1950983,542.5349342011123
4760250,1661024,483.1225624815609
4760251,509576,732.652866428797
4760252,1197578,85.19458227367826
4760253,1287471,806.9841067395117
4760254,309497,618.1625726977301
4760255,286872,264.5423397517559
4760256,834140,306.5679657774473
4760257,516597,515.6773984686816
4760258,1014093,207.5351517535774
4760259,1219330,115.40383673390741
4760260,465687,862.2217340470762
4760261,831643,112.34382142364785
4760262,936478,173.15486113122492
4760263,1343092,882.6594223650399
4760264,1827662,123.97756747108801
4760265,1623718,469.9654835701555
4760266,305179,499.43961198663953
4760267,1362047,947.9780325253533
4760268,376159,409.0251514625508
4760269,1478075,348.94869812931717
4760270,1798022,196.13870843018967
4760271,499483,514.8874290347991
4760272,503550,841.8143773571429
4760273,1327421,749.6272285927616
4760274,1234203,662.8766823321863
4760275,1263632,210.4448219477598
4760276,162832,787.3449693105722
4760277,142812,887.2038089333557
4760278,1116686,382.07883365470184
4760279,178803,824.0199884675676
4760280,1163142,687.8050221096867
4760281,1440640,716.5096257928236
4760282,1582719,296.7964131831368
4760283,1487090,270.82945166557226
4760284,1816731,938.0072017282913
4760285,196749,693.0503496232465
4760286,429363,634.6908757437646
4760287,128149,139.90532664475708
4760288,1914004,213.60753127459685
4760289,155808,702.4643478284037
4760290,1013854,187.89783159437013
4760291,1620480,607.5438448933255
4760292,1246081,344.48350424156604
4760293,1656401,449.25618734328145
4760294,974684,450.23026546642564
4760295,603949,843.521997295768
4760296,453882,279.74982942776796
4760297,528242,416.9574329828921
4760298,924146,264.15566298200565
4760299,1182261,280.5353948881257
4760300,820706,988.7416291835511
4760301,72398,426.9059778695408
4760302,249837,892.7044118242009
4760303,89091,144.38467723470515
4760304,1231017,713.3620447610518
4760305,1699562,831.6241519678795
4760306,112016,25.98312229246136
4760307,1237422,551.8189533060844
4760308,1906428,536.818005101337
4760309,1234373,481.3147336264676
4760310,1815542,218.05077275122997
4760311,30349,831.8483012460023
4760312,1794599,87.90655543479886
4760313,83610,798.2834522988601
4760314,1275057,468.17840908240373
4760315,131109,695.5231612660483
4760316,124336,822.7912601786547
4760317,1027227,584.1351430814946
4760318,31447,389.88094120866015
4760319,757708,402.31511615816726
4760320,1295168,537.6973283236076
4760321,217505,967.7011992327693
4760322,1255686,661.9901690943317
4760323,715350,167.6088385168677
4760324,1470155,625.7865257120119
4760325,1768394,937.8119553799546
4760326,707787,175.2298302920885
4760327,525551,262.2029254706323
4760328,1188232,661.5683916373742
4760329,178195,631.8255601884848
4760330,1778424,655.7055308037855
4760331,757661,37.90265457817621
4760332,642690,121.35106341601588
4760333,875647,275.8267313372145
4760334,1295231,939.7893437842172
4760335,552464,313.21411215796536
4760336,1364579,206.893298417129
4760337,8410,408.9997566636796
4760338,847562,870.3022057105512
4760339,441268,188.8399721698708
4760340,1544629,8.085610529243837
4760341,1128321,629.5154631280834
4760342,1087855,125.26348490825656
4760343,794031,104.7519722785486
4760344,144989,693.6321367245978
4760345,1035233,391.03669105430004
4760346,1939578,958.712012726999
4760347,367285,706.4431530315131
4760348,1780328,508.0973001877297
4760349,1504424,284.90978725955574
4760350,1472552,347.275561321971
4760351,892958,421.2060347146007
4760352,1915121,832.2771984100679
4760353,1383814,269.09822236156367
4760354,1535654,385.37604132862367
4760355,546339,582.5040392763016
4760356,700778,951.9421845547332
4760357,1479150,686.5804499734744
4760358,1791319,234.26491541661508
4760359,1678376,596.0122469469936
4760360,848287,116.98512065972899
4760361,581336,953.3610672279771
4760362,1209940,811.9131833403866
4760363,484712,174.21257664608825
4760364,1944915,919.6166583894742
4760365,1041173,810.8040184988017
4760366,208859,343.5834242908342
4760367,403784,635.5824538646874
4760368,1058002,530.5510415839831
4760369,1364744,286.71189572704594
4760370,441847,514.7285317623661
4760371,76466,470.22658453516954
4760372,273681,282.1206546090809
4760373,266934,126.6183656506532
4760374,1600446,247.54990960960376
4760375,265213,384.70163197933795
4760376,1341012,857.0396454787877
4760377,1644371,626.8897415474565
4760378,1668451,549.8983303752527
4760379,1368571,895.6857248117158
4760380,960850,406.1874956547709
4760381,907223,547.805736157408
4760382,1531931,806.0302713098862
4760383,812218,171.03067020317343
4760384,455981,893.0412529581148
4760385,953172,932.1751614522353
4760386,706789,662.6658906599565
4760387,91969,614.0749113715623
4760388,1747120,846.1970193144346
4760389,86327,313.6996448583226
4760390,1073609,613.3515050514092
4760391,1710546,847.7530804208684
4760392,1800211,323.08149306622835
4760393,1049478,378.6461065709682
4760394,241691,888.1741016145573
4760395,1702185,211.63066479212424
4760396,1523892,730.4531733939683
4760397,1660962,499.1332364574177
4760398,703159,158.19697746121474
4760399,710714,143.7813935406147
4760400,721630,335.7690250132362
4760401,939270,236.99941921822509
4760402,217540,799.3370745027638
4760403,1283062,171.9645326031649
4760404,668932,835.7191651700576
4760405,31237,191.6356516607778
4760406,462836,539.5057544866389
4760407,414085,684.8475531259882
4760408,526341,224.2086971801054
4760409,1975950,433.32945104881327
4760410,1204033,235.68677001686467
4760411,210059,194.05912208394892
4760412,1739881,421.7920561403296
4760413,597994,225.58082701517168
4760414,239665,294.22667620615215
4760415,439654,431.6467783362986
4760416,1261345,692.0424046813681
4760417,857466,795.5147154216305
4760418,1170705,857.9640434942262
4760419,289517,355.05165882745735
4760420,75209,777.5643802435027
4760421,191484,560.9289949644733
4760422,936508,337.9263035942305
4760423,1390769,953.0031627608014
4760424,1534440,939.3360242952663
4760425,874457,550.5946032100321
4760426,1126674,490.62266145246247
4760427,260386,802.741372618117
4760428,37258,954.7335878658133
4760429,1219080,962.5014301264871
4760430,508675,200.03569929634946
4760431,587909,709.9906397479863
4760432,1439113,380.3939039361154
4760433,1242289,509.7434728979239
4760434,713452,186.4500029999422
4760435,1784149,389.7982521153226
4760436,669730,13.47669555557307
4760437,527390,131.4098568309301
4760438,1867344,76.64651929730282
4760439,115195,386.70284368856244
4760440,1659503,924.3037307691667
4760441,1643146,67.70754293682657
4760442,607124,462.23027243929505
4760443,505268,596.2125461431658
4760444,1450961,700.2739808899443
4760445,1203808,173.039008542603
4760446,1750975,643.8167583784674
4760447,1444300,380.39045759688975
4760448,759116,366.1890381534703
4760449,1090332,317.7800297272758
4760450,105315,239.3854988206433
4760451,693265,650.4496083245193
4760452,615062,194.42569111404552
4760453,1632601,772.5831312518139
4760454,633744,775.5022776255954
4760455,1157092,290.37013760805354
4760456,356844,572.2655952869933
4760457,108985,21.952247557926018
4760458,1908522,20.871163228293966
4760459,1686915,759.9314532114781
4760460,1495889,458.0052930369695
4760461,1093310,288.81834839741606
4760462,388653,272.32061508125037
4760463,688900,109.1916700563903
4760464,1048365,451.33037714584077
4760465,1511936,559.0834000438482
4760466,1054689,252.17235280236417
4760467,75766,299.62744279951124
4760468,1274005,765.5521085161861
4760469,33269,9.790755276495977
4760470,865429,849.2695544831863
4760471,1081379,224.39530874837132
4760472,1194375,8.568326895627365
4760473,1112364,457.86518289821123
4760474,1089382,944.5320545024689
4760475,262606,537.2945347047017
4760476,1910825,500.17919836599066
4760477,1537804,673.5085396580889
4760478,1115129,849.9386469582704
4760479,1964405,525.6305191203595
4760480,1583120,916.8654783281912
4760481,91672,958.0004655004817
4760482,1086407,175.47532432283418
4760483,1042509,999.4876620640379
4760484,16878,112.22148017301714
4760485,629270,136.03234891774008
4760486,854999,897.5670781995127
4760487,701441,824.7825623139112
4760488,1566347,4.136566446260037
4760489,900653,760.3413827399962
4760490,1321729,784.2274790340068
4760491,144550,647.0159689880863
4760492,1770913,792.8213133607503
4760493,875726,552.799391461141
4760494,538152,741.5596162496425
4760495,366677,365.66672932730404
4760496,1766635,129.64394320932516
4760497,306230,860.7443914879684
4760498,751036,667.3868340138321
4760499,1360842,854.9523261341242
4760500,1703695,446.1434116334552
4760501,1788508,37.907162168713256
4760502,1545171,944.9742847724543
4760503,687816,484.6509098736943
4760504,285676,721.3351651211154
4760505,1156293,483.3823166027528
4760506,132806,631.398291494055
4760507,1470242,561.2710420727761
4760508,311681,835.5171982273718
4760509,847400,407.6017699976783
4760510,1964116,99.25222102875576
4760511,523228,457.3696780690404
4760512,1566235,394.7387465429091
4760513,1138305,986.2097165358416
4760514,354585,916.8501295832924
4760515,1415188,207.60762579212232
4760516,997766,444.66700962890025
4760517,206792,939.9180489393619
4760518,407702,549.1927795155173
4760519,1601751,2.763969613939321
4760520,165827,419.8386430614266
4760521,399017,389.1306795316398
4760522,343697,330.6850030284507
4760523,535083,119.4398616422826
4760524,334714,327.337163698818
4760525,1501174,904.597441195046
4760526,259910,150.9015114363602
4760527,413061,879.3142311052034
4760528,1595302,709.657733579218
4760529,215038,282.8412217168417
4760530,364928,961.2588758534994
4760531,1066624,274.6471814909447
4760532,1011676,125.98066266833908
4760533,416519,483.80632363752704
4760534,1034954,698.6676159059318
4760535,918555,853.4550040968235
4760536,1370707,664.0128801799123
4760537,889811,759.4267937700209
4760538,1062952,46.7448438567315
4760539,189733,798.0610196807826
4760540,1883783,170.2250180774364
4760541,495802,386.516121436316
4760542,364503,589.5077821158119
4760543,1311269,406.51863278775335
4760544,1775609,519.1929229986343
4760545,413040,971.2253940982337
4760546,1340163,739.6548894767255
4760547,822951,532.537840945637
4760548,850475,382.4332302047309
4760549,786584,842.8608745988464
4760550,346579,217.890983913821
4760551,1850270,699.2367542752806
4760552,1666877,75.38084898875918
4760553,1878525,879.1495715121927
4760554,1918743,95.0295711277388
4760555,392169,967.6888998497601
4760556,1639978,759.0234096588545
4760557,826345,935.905545512023
4760558,1658775,855.3122349421426
4760559,1462528,171.37637380100057
4760560,1171499,28.81457592571135
4760561,829462,850.8821128751232
4760562,1162881,560.6955153828028
4760563,652849,995.1410277013249
4760564,1178287,175.87257890713238
4760565,287945,802.0395259322652
4760566,1341687,218.22953709539138
4760567,140939,524.4301630463682
4760568,1650045,725.4203364112536
4760569,1205639,27.832362690510482
4760570,1965371,877.0639569327058
4760571,1647845,494.3215655753539
4760572,989935,238.10370876517607
4760573,651623,324.1225113312637
4760574,948095,855.9189661737527
4760575,245119,189.11381805865034
4760576,1657043,466.27339572015757
4760577,238862,691.0218134070748
4760578,1390037,170.77771987235036
4760579,597198,177.69314353907828
4760580,587624,376.4482591842019
4760581,30145,244.80894739619418
4760582,1874105,587.6930075539838
4760583,521310,197.3175307295647
4760584,1695227,39.78258891203457
4760585,948252,375.86792657414634
4760586,1029310,455.4334207185442
4760587,403801,133.15214204795146
4760588,1396388,135.0996923798179
4760589,1594857,823.5554402224476
4760590,1518052,312.5715735871999
4760591,1128108,281.4793867162098
4760592,348841,656.4711604731382
4760593,303125,162.5940641392166
4760594,1057147,245.76863717540076
4760595,1881681,763.9996134451227
4760596,1571830,143.82543909683542
4760597,21316,321.9486481072027
4760598,1969852,679.5343830368099
4760599,247472,896.4182423286386
4760600,1652670,306.9535866727985
4760601,1302796,464.5000759343944
4760602,490989,78.61907066584395
4760603,225831,558.3390107075171
4760604,1183162,658.7063938572949
4760605,452166,481.8740361237921
4760606,29495,365.27247082126956
4760607,1412657,699.4843648673867
4760608,1389059,752.1841024333409
4760609,266121,750.5868399877115
4760610,1554446,414.61383488954306
4760611,1805610,319.95019415414885
4760612,889879,791.2240880852256
4760613,1898180,58.89574714188983
4760614,22766,887.2794034660342
4760615,1262160,161.6346694296341
4760616,1345677,699.3420682035352
4760617,927591,13.798747932000976
4760618,641187,443.96953400626313
4760619,282450,434.25961327991735
4760620,1826934,494.8744060660848
4760621,1238554,339.0312626979217
4760622,225996,375.6782232093441
4760623,1037619,140.87706363972453
4760624,1382906,162.39380888799616
4760625,1036242,867.5287157317453
4760626,1723315,234.50741356198236
4760627,1572476,786.6768972168755
4760628,1373326,43.66360756090359
4760629,514963,552.7883253008602
4760630,1416893,580.8159068255594
4760631,51551,489.6420771522205
4760632,834244,351.7221014659567
4760633,841545,610.5019758328727
4760634,1197781,602.0313843371149
4760635,450117,593.7363768790382
4760636,534180,65.81665897913236
4760637,562609,557.9618756750422
4760638,60216,256.11318593828645
4760639,1168067,345.2730136512203
4760640,1343294,132.33459947555548
4760641,1650286,307.94656386220845
4760642,527202,219.96903136726576
4760643,767833,595.4296324026118
4760644,1281014,396.8373515628212
4760645,1337093,598.565531537428
4760646,585924,477.2809002154529
4760647,1507668,243.57871464953305
4760648,1367912,58.51053171541631
4760649,569168,830.2828013457796
4760650,1709001,935.0753987539492
4760651,240819,594.4254673108584
4760652,1574870,355.3444015689514
4760653,1001410,595.0619564937533
4760654,718293,160.73751923391833
4760655,709055,659.6449109895477
4760656,566965,746.3132752009365
4760657,1973966,958.9402399655851
4760658,1221858,198.29104397734187
4760659,840000,386.47239286680104
4760660,377819,193.38326393420036
4760661,1810030,661.7204748904581
4760662,1192640,165.52400270221668
4760663,907731,938.424771838992
4760664,1222353,182.58964054008453
4760665,148552,460.5677662784332
4760666,993903,305.2219674994513
4760667,1325279,719.4496095625701
4760668,406457,735.7025330182466
4760669,1288307,826.7702748135273
4760670,729635,979.3879130731913
4760671,1245358,338.31176966235245
4760672,1033573,243.74636120813753
4760673,89824,986.6491666082858
4760674,324828,13.666412013775165
4760675,1683232,995.7516849688304
4760676,142716,689.3291078536547
4760677,1897308,992.843810002305
4760678,937896,500.915001420884
4760679,125187,43.081846015622595
4760680,1997777,951.7253882106664
4760681,160185,719.5836590391824
4760682,1264126,10.515620135342353
4760683,249094,516.9982508334567
4760684,463563,939.1672202644239
4760685,939541,728.0983013616694
4760686,372417,398.0090080651644
4760687,926420,970.4177149658603
4760688,999922,345.9317684698334
4760689,917692,163.39389497450796
4760690,210263,514.2526190696935
4760691,685126,671.4287947002399
4760692,1251109,763.5509564297844
4760693,1835695,772.9943781120899
4760694,1256812,942.7136599605362
4760695,1210681,369.66074887827614
4760696,1986781,608.6567273512107
4760697,995790,818.0447913471988
4760698,1542863,987.7502525500638
4760699,256390,78.60058959665662
4760700,1569573,84.34344629591362
4760701,639514,847.906610785445
4760702,665327,957.7224041996346
4760703,219032,300.0682903209013
4760704,1375777,934.0775701017071
4760705,53660,785.9263938517468
4760706,938618,968.2957214805613
4760707,839839,539.0153540571739
4760708,1660608,640.5905375593074
4760709,258538,515.6856120782708
4760710,1580444,89.02278013523446
4760711,1154027,898.2375618384815
4760712,708104,577.2057596402618
4760713,1682640,637.3748776851414
4760714,1756504,397.74574751929714
4760715,1597444,342.9006491164249
4760716,1898110,879.4896055875088
4760717,528014,555.4432144071999
4760718,421678,894.6282166429227
4760719,1986949,639.1909105947075
4760720,10278,470.19400753966613
4760721,1383449,33.17591044250867
4760722,1775470,217.79721337212587
4760723,463261,989.8459511160486
4760724,252088,705.5582247988659
4760725,785671,567.8450084764808
4760726,174251,943.1599212528785
4760727,64545,507.5937489329444
4760728,1295088,228.74021629684106
4760729,1883671,444.31875293450094
4760730,1186326,290.9642691813077
4760731,775390,9.074403906980887
4760732,1651660,888.4366255692016
4760733,252390,267.7128957494932
4760734,1039040,638.1091476072384
4760735,39541,80.4433291323603
4760736,634422,302.3766170754003
4760737,1778459,261.5605419755974
4760738,334839,450.83915095454375
4760739,1416212,698.0909765835718
4760740,6711,66.60574686034049
4760741,1903224,398.54948685476245
4760742,1660181,208.597475119769
4760743,1179397,89.21909104061221
4760744,514025,520.0149185137425
4760745,494081,853.5716852910566
4760746,1682440,639.4494147680778
4760747,195044,631.1525089596457
4760748,909940,345.29543883393245
4760749,1897348,114.65695713579527
4760750,1141491,156.00788554507804
4760751,765589,367.5439206409183
4760752,1671860,185.13209028295796
4760753,1287058,223.15254306627585
4760754,1710342,529.1909691096455
4760755,524395,864.0782684962996
4760756,1347040,564.3584061961477
4760757,910597,468.96815302930116
4760758,1817273,493.1399747189714
4760759,1303318,704.8152508452163
4760760,159776,472.4240934165538
4760761,1069244,739.0692531777481
4760762,1056191,426.17845354356797
4760763,517343,259.4255057177691
4760764,554312,271.87122513841933
4760765,78582,894.4684783516166
4760766,719673,880.2257424164803
4760767,1391812,462.92226040513816
4760768,1272978,838.8874797593595
4760769,470274,445.9754284029116
4760770,40977,120.56403612075938
4760771,1009935,73.5259683171906
4760772,725986,328.1672202295889
4760773,892607,55.10682543802592
4760774,1402362,490.278170931953
4760775,1162320,798.6312169793532
4760776,1868263,583.7741945891796
4760777,803562,460.20845887441584
4760778,1002517,43.27736990227293
4760779,1624470,237.09597721912823
4760780,1899120,692.8921556717489
4760781,1592454,464.4323980666747
4760782,102641,779.7880328549998
4760783,1893927,183.06035328525383
4760784,1796419,312.64562550369857
4760785,562889,181.6457522208871
4760786,1212108,836.6478237382552
4760787,1557309,930.3290404416645
4760788,729861,39.22170478819464
4760789,499651,213.72494391198205
4760790,1926889,750.739131094033
4760791,1221685,678.4619931121202
4760792,547617,272.65286859575497
4760793,1972437,699.3034896112583
4760794,652220,750.5588603667036
4760795,1664901,392.1273984054955
4760796,1973428,376.7344869660993
4760797,1316353,896.6042968194594
4760798,1265450,792.7023543107208
4760799,1584440,488.7198375025693
4760800,1433336,10.341307955738511
4760801,1942421,340.4555434442217
4760802,1938828,395.225287006404
4760803,157524,339.68956497431344
4760804,751799,135.4838692991205
4760805,1295347,413.395246514934
4760806,1083099,771.7462313329082
4760807,1221328,70.22365067438474
4760808,609032,819.4363147287507
4760809,1944319,992.7003792813261
4760810,1794661,411.5888521980492
4760811,1029539,640.8273571659114
4760812,653153,588.1736462605638
4760813,1808219,264.8059625693778
4760814,603908,166.5874594828689
4760815,33831,876.4430040120892
4760816,1712547,604.2839441047773
4760817,1251135,288.0370309846907
4760818,1951924,673.2667123102856
4760819,848296,730.9045594554494
4760820,107219,580.0324166908528
4760821,127913,99.68187652750981
4760822,80245,728.7573545621779
4760823,39235,261.56266370500816
4760824,1311357,487.34056533755665
4760825,1452166,671.053825764275
4760826,688301,642.4088188082366
4760827,135097,507.1998580663675
4760828,1567417,406.72844579135125
4760829,79384,573.4328474678067
4760830,865322,835.7735408586099
4760831,1007545,273.2324603621769
4760832,965550,614.7602640482144
4760833,1504381,688.0344541857611
4760834,27061,693.0425070486718
4760835,109433,45.503968215251604
4760836,1809129,227.630886947644
4760837,1889750,439.36720846581767
4760838,68956,146.78011112091062
4760839,307306,858.2814037668388
4760840,486967,517.640595271103
4760841,158078,881.6995374022068
4760842,862901,619.7259708643662
4760843,872312,272.73442929858106
4760844,1664612,596.6187275860967
4760845,146289,824.5102921429115
4760846,1283972,438.98973289660194
4760847,859737,353.541385869673
4760848,417174,28.05807628043022
4760849,88535,817.1188489214642
4760850,451786,911.713158108726
4760851,918470,262.7913003714304
4760852,471320,910.682695283089
4760853,223187,941.3856086388088
4760854,1817060,915.812666522795
4760855,1086164,549.5263274465166
4760856,523908,856.5078701012204
4760857,1197577,378.8631857932566
4760858,693074,111.18999323774814
4760859,1145318,152.06453071676583
4760860,140557,196.00654183370648
4760861,568845,557.6262822619226
4760862,719111,421.06012060987297
4760863,79783,125.63161310285975
4760864,408761,356.47791729177436
4760865,1912207,899.6196491689323
4760866,1921411,439.4559730348209
4760867,1338350,313.93901137045543
4760868,1466322,439.56999146365985
4760869,575217,845.6744241167332
4760870,1942325,237.85014520647584
4760871,1733367,565.4967267770769
4760872,1615291,18.799486742134942
4760873,731206,424.25040714007423
4760874,1166641,644.7707786796054
4760875,1083249,199.83465896542796
4760876,985315,601.1239758238379
4760877,536847,818.9456850468528
4760878,736490,270.1553981966899
4760879,763877,761.4969733133356
4760880,1214361,380.02358183578025
4760881,124915,909.8334680246198
4760882,906678,888.3990164531269
4760883,1031791,887.3940617831953
4760884,1417938,743.9310539131341
4760885,1643309,493.816427643758
4760886,1849761,21.71254816525847
4760887,146984,346.8646652204098
4760888,799062,121.3027004934264
4760889,1128497,805.5183604026064
4760890,247210,389.1799450223301
4760891,1984659,909.8302834580982
4760892,1279484,617.7404510942317
4760893,232253,211.4382548850422
4760894,1427389,907.3750901519642
4760895,394033,443.7625083004113
4760896,568603,883.0614504187199
4760897,1076251,525.6218226367822
4760898,328453,771.166094369543
4760899,1837325,327.88226269386956
4760900,715099,561.5125413667565
4760901,882346,659.2665081328862
4760902,239572,513.4857034240022
4760903,1650755,783.6279517200828
4760904,1120597,183.02072616380772
4760905,1208431,877.7051052013956
4760906,407513,12.438081897670482
4760907,1563890,102.84072435917291
4760908,873038,256.3289884926455
4760909,609498,152.13182637867695
4760910,75662,422.98913331443913
4760911,1863147,888.8434585347491
4760912,184423,802.3521268627942
4760913,1090632,399.8424147240218
4760914,12188,444.7086443872297
4760915,182794,238.88033756780447
4760916,541434,932.5751747817106
4760917,1881693,121.36652243044321
4760918,558307,157.4698276842179
4760919,1026551,674.4111371772117
4760920,844651,638.9798455109716
4760921,924001,544.6921477433528
4760922,991004,761.7953340377082
4760923,39399,155.60857855403398
4760924,403227,210.98825313172443
4760925,1750420,435.79528303738135
4760926,855060,297.0224763120303
4760927,1739208,970.4505824701423
4760928,1354077,591.9601171794031
4760929,798147,621.5626578412114
4760930,1627936,671.4505919419076
4760931,757293,982.1576402381585
4760932,529855,150.32692260339053
4760933,523527,42.50620140793748
4760934,967974,602.8599056060484
4760935,138992,577.0921897977112
4760936,75867,151.24547341543237
4760937,1449270,33.26522615747551
4760938,90828,681.1392347317743
4760939,808597,139.6297754101814
4760940,1181867,240.8980662670559
4760941,852539,185.96082044610606
4760942,261927,704.6477562124198
4760943,1898372,541.1597243744656
4760944,737527,126.34092925255513
4760945,1213587,940.5967435314358
4760946,1887572,677.4200329009485
4760947,234644,349.4566420755473
4760948,249229,575.8661282476344
4760949,1669880,793.0746887555288
4760950,578062,625.741697483854
4760951,153455,21.560105164943888
4760952,808577,312.8670590574245
4760953,1113703,492.07954198698565
4760954,164531,638.3697391624172
4760955,907331,345.9634798326721
4760956,1557057,398.74032510134106
4760957,1808439,536.3666408724672
4760958,1499887,786.989690474678
4760959,728912,800.3219116339184
4760960,1196061,847.6492442425166
4760961,1755859,990.3488770124263
4760962,1603421,341.4522621810929
4760963,781805,951.938758116165
4760964,1008080,587.5036313674726
4760965,1780553,68.24486772637262
4760966,1055566,393.50392234668516
4760967,254607,579.774438513152
4760968,1648339,316.02271592878793
4760969,1222808,471.3814867953591
4760970,1305496,734.517733722477
4760971,550542,275.0035987800823
4760972,671476,561.4070058266441
4760973,608202,321.4567730836381
4760974,1719648,237.60447989165513
4760975,902051,822.2136210301769
4760976,967720,870.0352807154167
4760977,100121,940.7285802220869
4760978,243284,581.2362377635696
4760979,1902687,544.369225071133
4760980,1990621,503.88174976673815
4760981,956957,601.5939062777214
4760982,929966,206.53928407733858
4760983,804495,984.2240222349893
4760984,1139120,915.256694651165
4760985,929335,72.14660556567843
4760986,293596,901.7459325989241
4760987,452350,638.6142281934124
4760988,1497555,474.107323525827
4760989,197574,938.2881392124652
4760990,563372,854.1256418091222
4760991,418813,56.24371556992103
4760992,1238092,720.6025898052601
4760993,40959,728.6555727568182
4760994,1006750,768.3932728488239
4760995,994698,355.8174802333607
4760996,1749718,936.2211958961507
4760997,1658850,129.12317652872906
4760998,877147,325.68767610652935
4760999,1414375,12.739926566116333
4761000,838466,3.720579715638661
4761001,157381,101.20801074132434
4761002,860023,894.5856913162136
4761003,836291,96.95450098590219
4761004,1012392,768.5355905978226
4761005,500541,473.43126583908435
4761006,827454,222.5301946220266
4761007,212966,423.9218340607619
4761008,1470400,752.8795112347578
4761009,39287,705.3981729823286
4761010,558970,446.32430933979305
4761011,286680,18.859545604691274
4761012,1551683,250.47882734730408
4761013,1764050,796.7749618720314
4761014,183657,872.4825232270516
4761015,198643,131.24404477308425
4761016,535508,552.6034327058048
4761017,954915,707.134239294685
4761018,1135525,886.6352123574821
4761019,1901837,164.90563840105256
4761020,692270,374.81494883970703
4761021,1020912,494.67500622859706
4761022,1624341,737.6426246778552
4761023,504348,802.6891569023704
4761024,1063541,353.1174273612696
4761025,1154662,200.74420458479102
4761026,899953,206.32936778065059
4761027,840875,691.2095084551942
4761028,86990,912.3535368766613
4761029,603015,535.5397263648207
4761030,509593,208.1601630643174
4761031,389525,11.779167922022605
4761032,395092,866.3679239397268
4761033,1952087,876.199217846115
4761034,1392667,902.2782229818488
4761035,1822574,741.6038801338296
4761036,1545863,40.19936085403386
4761037,1227370,407.1140430274097
4761038,755646,627.2625466720024
4761039,473181,63.96364544989508
4761040,1770332,789.1651043441448
4761041,1669095,992.9089181386399
4761042,583398,275.4604385615582
4761043,1684634,549.8883675643121
4761044,378081,445.5583064711658
4761045,1987135,44.98151667338912
4761046,1301765,435.0400129131753
4761047,254121,476.03364794546377
4761048,1620069,170.53324495311705
4761049,102388,150.79348790284408
4761050,635387,74.7104956016521
4761051,1393612,827.7238509094747
4761052,267054,923.8726305931759
4761053,88145,851.9040767423255
4761054,1237110,488.5313114036872
4761055,1209447,608.4779816323803
4761056,1859287,919.817718550634
4761057,1988630,775.0229950309332
4761058,1492499,148.88761165634412
4761059,35981,854.9240890704475
4761060,1714424,383.3570490305529
4761061,1698708,754.4938359375714
4761062,1928357,953.2758773728941
4761063,1055628,121.83082006348877
4761064,689736,816.6042736325185
4761065,687175,202.14686477032694
4761066,1471913,298.0043197752582
4761067,956618,535.3474372249354
4761068,745038,92.46127491253309
4761069,135796,810.3826344133296
4761070,682258,30.585999178048496
4761071,345240,511.9045440909551
4761072,1740361,955.8369599723051
4761073,942438,360.19077982852065
4761074,381323,965.8522101722612
4761075,1157103,682.7574311434361
4761076,1062189,323.9002070744864
4761077,1994887,299.01664931095996
4761078,480571,124.15422248394425
4761079,1322359,747.7078603655657
4761080,1648444,6.860600000411554
4761081,1682122,380.2052231114389
4761082,1856367,741.5832172306117
4761083,1008885,956.1020783870061
4761084,1414618,858.4627381851985
4761085,1152867,446.8971969883916
4761086,1513030,824.8375024993265
4761087,831166,713.9474008426076
4761088,1799706,511.5830970350572
4761089,620093,990.2374679869057
4761090,1939700,540.7150870965388
4761091,1471699,760.1810451873708
4761092,1525211,918.9742251992158
4761093,1000794,807.0148136272801
4761094,1185988,849.6919539617109
4761095,1867873,52.62106863478155
4761096,920402,97.75774819911088
4761097,1716458,39.35186784139366
4761098,57617,413.43249672868734
4761099,1479776,883.9715072936807
4761100,973757,636.5499721564329
4761101,375278,591.0965545652849
4761102,1786520,956.3609680577136
4761103,238453,853.1428470119728
4761104,129541,68.39241174145516
4761105,202891,537.3054256432732
4761106,162138,229.82202942523867
4761107,1753805,106.84022150534855
4761108,1058960,661.783771091981
4761109,423870,556.2933800056735
4761110,1921795,908.199386082492
4761111,825639,559.1515725408409
4761112,682660,917.898812042118
4761113,1961884,331.1070252215833
4761114,658797,62.28307008935418
4761115,969572,529.640760981335
4761116,731553,642.8817668227074
4761117,979013,157.4918373585279
4761118,1264588,62.130522149750234
4761119,1029226,319.44777707723847
4761120,1354030,589.0867406913931
4761121,606197,19.865296284496846
4761122,1652786,256.6470367259249
4761123,1964417,545.4600517840748
4761124,1368254,515.9062265018788
4761125,952144,171.5639418131193
4761126,101058,414.194119938194
4761127,1441775,732.6244417776918
4761128,1178465,509.60527599410733
4761129,1614569,708.2236849543074
4761130,13187,504.1593524346025
4761131,924161,33.44646903951875
4761132,930533,216.740804553861
4761133,1136511,882.0021357235316
4761134,705167,245.03813779482576
4761135,1049826,610.5559672382897
4761136,1858148,217.71191873581108
4761137,1659993,728.09081801534
4761138,485684,992.110368072738
4761139,97673,877.7537414917846
4761140,495292,37.13241718144411
4761141,216306,525.6455343879513
4761142,715078,14.80557397910831
4761143,918078,434.10668864306166
4761144,1101164,238.0714399005891
4761145,880405,256.39039968126156
4761146,1870422,998.416610646363
4761147,859707,429.3203148536866
4761148,1247632,130.35139600897284
4761149,1269949,146.99332107160325
4761150,556978,148.05896052906664
4761151,835191,186.0453620272069
4761152,450476,175.7846840322935
4761153,674104,250.76553751764453
4761154,1629124,867.0043173613408
4761155,1227912,815.2462621512399
4761156,141098,227.4269242718604
4761157,1073682,769.5797846340811
4761158,1080874,205.94325572626371
4761159,827813,729.0412266812464
4761160,103901,50.36690883202055
4761161,1374055,563.1542017209595
4761162,1129033,578.1516177518363
4761163,1467998,252.4274081733485
4761164,688649,430.0752511375515
4761165,1630904,943.6513762598302
4761166,747534,153.03421266001249
4761167,370334,453.0135296085315
4761168,500649,711.1510382132273
4761169,1501471,294.84685798375153
4761170,1434905,988.7613871615041
4761171,504662,866.6640928934428
4761172,872521,939.2900804017067
4761173,1673563,665.3914409005896
4761174,1151586,820.4668619708295
4761175,214818,54.92457737973844
4761176,716081,891.8570578216428
4761177,1297141,946.1659039188772
4761178,1853010,262.38337781176455
4761179,776422,358.0645799486691
4761180,1946075,573.2895353900672
4761181,59621,146.32329083323526
4761182,74575,303.25271332832483
4761183,675420,959.4053274544192
4761184,1094213,289.75712060475644
4761185,660968,872.3298124281957
4761186,1032654,333.6799312262192
4761187,1424168,839.6863317241013
4761188,1872170,672.654170088055
4761189,823575,777.4627982846308
4761190,137491,253.06671561657112
4761191,973166,925.5946691148189
4761192,1446857,2.308939608343774
4761193,1142249,409.0635881603737
4761194,6175,79.32641464264645
4761195,1855624,459.40168598744447
4761196,1763308,61.31425181420103
4761197,171276,19.772778822598426
4761198,8153,916.9597260159402
4761199,1307669,728.6851835223338
4761200,770116,958.8882612011995
4761201,383145,323.25780932309124
4761202,445913,792.0449554597195
4761203,338071,439.0559386286823
4761204,407802,813.2808738311921
4761205,1476691,188.58019257914682
4761206,251661,840.7159682836362
4761207,923233,755.6491945128544
4761208,307374,999.0774138950178
4761209,103915,76.04237188314255
4761210,354503,375.1888055055442
4761211,1241458,499.14152572688
4761212,729771,522.2566175111202
4761213,1479208,428.8797285031887
4761214,270154,841.6687013218655
4761215,1687437,489.0992004553698
4761216,1768694,356.0074164629047
4761217,1615618,138.1169488964733
4761218,1165785,300.44996717883953
4761219,367869,775.0266260176372
4761220,1338320,754.3823536082463
4761221,1778940,472.31373544140166
4761222,1458324,916.7367037586424
4761223,1055485,807.6670214837789
4761224,860344,839.210500598602
4761225,1584102,887.9358716409403
4761226,1544371,939.0294966178626
4761227,503058,101.05146434196888
4761228,551201,645.7511312779504
4761229,1311300,427.15987169741885
4761230,1670472,428.5359735177744
4761231,1946255,547.2213354160314
4761232,1292086,354.6603312394603
4761233,427067,343.0962561522429
4761234,1013374,466.99646286065035
4761235,117056,195.05535555128495
4761236,1339992,47.34411950607442
4761237,1980463,227.5139410606508
4761238,1512646,39.53571113222942
4761239,1220844,107.16231653952623
4761240,767162,362.32295312825636
4761241,1440458,587.9645266157571
4761242,396737,904.5265013784323
4761243,98162,377.2434482748105
4761244,1580303,101.53780885785169
4761245,1565265,195.47784137381652
4761246,1248158,537.6604527488417
4761247,1529680,505.09467532773664
4761248,1189916,464.15094320647074
4761249,986843,637.493776613091
4761250,1161616,201.1381172479759
4761251,177868,648.9988180356172
4761252,1406750,154.32691468239878
4761253,1837103,55.35425847364339
4761254,483629,770.301794815519
4761255,996804,363.62268953111675
4761256,698249,589.1253425696119
4761257,256238,617.5513620074338
4761258,725100,341.99540998889864
4761259,1380442,421.66161423033753
4761260,1442411,626.623503571638
4761261,720756,872.4131174095871
4761262,868683,185.0887935602089
4761263,1646061,674.8569823171215
4761264,1237586,706.9970505926337
4761265,1234294,276.36300403213954
4761266,577424,888.3742192654928
4761267,1910297,431.64725808436157
4761268,470549,411.3283719385573
4761269,1115000,190.97984071747044
4761270,1218640,212.61144735341486
4761271,149194,641.2506242969923
4761272,1413096,908.4659548975314
4761273,1703498,67.22432995816474
4761274,10239,226.5941494712872
4761275,1138016,493.5321921832686
4761276,1003364,639.4965285420162
4761277,163204,766.6155945138003
4761278,1461305,830.4741740523593
4761279,18324,624.7054808050489
4761280,1050867,746.2340034754951
4761281,1526473,504.7030558866723
4761282,561977,157.0013382719374
4761283,335545,31.937326713643245
4761284,1803413,69.82021969705976
4761285,341778,900.1617813672759
4761286,1774753,568.4300206559774
4761287,1117118,759.1702723903958
4761288,964214,750.6133016745107
4761289,641056,174.88592929223745
4761290,1608124,392.0110640933897
4761291,291131,622.1103153204735
4761292,1435675,165.75630622562565
4761293,1826605,951.7678625407622
4761294,1862047,100.33670869188927
4761295,1814797,570.5578392526343
4761296,161162,400.54197196501985
4761297,1248296,285.7220745763947
4761298,732446,577.3243260824006
4761299,787713,471.6319910593276
4761300,901983,18.56419398886544
4761301,1342630,44.152170357241836
4761302,1733228,589.2469992599854
4761303,1263666,220.28548088635736
4761304,884480,621.3675947609223
4761305,981839,804.4367936626953
4761306,496324,692.5441363879798
4761307,961572,214.4269654259058
4761308,481792,470.1251423655275
4761309,780856,876.020359018257
4761310,1762927,868.0664993827052
4761311,1064718,337.59098131221424
4761312,1657606,716.1253897771425
4761313,759372,726.3337559588078
4761314,304350,614.6916222406254
4761315,1968692,922.2262558860517
4761316,975469,552.9925036708478
4761317,735834,261.2589791264257
4761318,1913713,483.08787126785
4761319,1428387,464.79135863125185
4761320,1628548,932.6969044699613
4761321,929088,829.338852818076
4761322,802047,464.29494799652616
4761323,1656297,167.7107449227091
4761324,15708,818.2454086616424
4761325,827968,127.3315694366991
4761326,746619,970.2131926458023
4761327,1154938,811.2301061614721
4761328,169410,164.8663219615163
4761329,1261542,883.7816547151896
4761330,59577,424.1287811158072
4761331,1745577,630.48170469315
4761332,670933,976.9208803996919
4761333,847386,909.3491742876416
4761334,570455,711.8126174507037
4761335,1151816,865.1399466889412
4761336,945105,322.2172127679509
4761337,413680,639.0105546215785
4761338,1138090,287.8393456805506
4761339,588197,911.6628101728667
4761340,796108,304.1643886163586
4761341,276394,987.6729486465756
4761342,1987537,744.4912019979985
4761343,1702327,220.16106774344368
4761344,938962,377.69641907603693
4761345,358984,929.6639333102222
4761346,669596,451.9883799360024
4761347,53429,345.31966778115077
4761348,872278,652.3475409895016
4761349,1231241,776.9285007104802
4761350,270489,509.27887871821343
4761351,1529569,733.1550496251783
4761352,576955,586.464389619182
4761353,1837906,988.1649974302738
4761354,88188,835.1648876195014
4761355,128922,316.16381650692114
4761356,1044293,616.6641923811562
4761357,1044146,632.0713646932528
4761358,1951807,861.6997194066021
4761359,1418658,134.07472605498583
4761360,1640842,387.8691981641974
4761361,259935,532.4366659257798
4761362,298884,840.0908784769268
4761363,706526,812.9154601037778
4761364,1347328,235.0587279324041
4761365,1116273,590.2593639175853
4761366,1904590,286.6962233578707
4761367,1186833,18.393077376658184
4761368,234803,238.31620415193277
4761369,828421,670.5872800919777
4761370,75062,751.0316764442299
4761371,999544,841.8689854174212
4761372,1233319,466.8932079974775
4761373,1914172,651.247087934714
4761374,552120,25.131935858187514
4761375,1413712,800.9469279589065
4761376,724688,447.60715750347515
4761377,944827,331.79575501854964
4761378,91057,441.1823123055727
4761379,1526375,324.715419295454
4761380,1128209,856.5462901699655
4761381,1342545,65.2699711258733
4761382,354288,331.9364433158155
4761383,1679506,720.1074220660257
4761384,1334230,33.61772476528402
4761385,881724,344.62481756464894
4761386,512329,819.3143904740185
4761387,1684650,165.1663082087692
4761388,1120515,118.92199845370554
4761389,126714,899.9128949917952
4761390,1820804,857.5742421960263
4761391,699333,214.44846546388607
4761392,153057,385.7199999753466
4761393,1457667,225.90049611502005
4761394,1940950,309.33720114350905
4761395,576038,199.57211156830513
4761396,90007,337.0332026158722
4761397,1362133,491.94791818980167
4761398,1186099,245.35055458874834
4761399,350758,475.3481451184231
4761400,304896,589.2918630788245
4761401,392721,484.03116652102517
4761402,760936,14.313058462029904
4761403,1947111,741.291602925962
4761404,1396303,53.58726035407146
4761405,971686,655.8835491589717
4761406,1891996,632.8390656827911
4761407,55942,235.23856400675646
4761408,224919,107.68124526279044
4761409,1352514,709.1662409076059
4761410,1321457,122.12980519559547
4761411,369490,909.7181974812813
4761412,1000475,166.5775042527915
4761413,1413268,156.5669950590891
4761414,1567832,647.7039335594714
4761415,24280,373.6386546513191
4761416,697436,629.8088990460143
4761417,705006,395.83279375165404
4761418,358966,176.28314855439154
4761419,1399845,181.00364723523998
4761420,882923,779.6699765611162
4761421,1459836,578.9660241947024
4761422,1010970,435.7379712717665
4761423,1003871,79.53245064576231
4761424,85346,575.5199847751159
4761425,1533179,880.8624066888683
4761426,1189026,990.4750818275104
4761427,1958099,965.0840929027246
4761428,445425,111.12795834392497
4761429,105682,183.45194923320486
4761430,1005405,189.4818349569285
4761431,800864,136.72318287258202
4761432,179247,987.8593047440602
4761433,980578,644.4812250114878
4761434,1861048,209.24988932013278
4761435,1356390,805.8687464754393
4761436,664233,156.61968000048387
4761437,938275,971.5079627111037
4761438,421729,753.5365201969294
4761439,138586,533.9957591702316
4761440,368054,161.28782308901856
4761441,724520,306.25289104993135
4761442,1156363,574.0311010604086
4761443,1079372,189.17894226289167
4761444,738436,641.5148402983042
4761445,935299,699.4899778701977
4761446,1516649,67.12171607881545
4761447,1588621,205.49758016849185
4761448,1650279,201.6748527550204
4761449,304660,304.80650639156494
4761450,1250747,18.84454906711952
4761451,326801,805.791199830381
4761452,652927,520.0328744479888
4761453,1272762,111.37782664756924
4761454,483860,891.6938969587952
4761455,154257,158.36054022966982
4761456,350772,510.69100234724596
4761457,1586118,657.1103600158092
4761458,1988667,249.71112277272422
4761459,770300,528.2615747012117
4761460,448494,674.9131374048309
4761461,102837,204.83271060211806
4761462,926726,250.18484945215934
4761463,883832,927.1491174922872
4761464,26188,360.51501208163074
4761465,1385901,947.5700454915749
4761466,570630,751.9601957634364
4761467,1795374,0.08996756146761875
4761468,1604938,546.5756663350032
4761469,242369,935.3840654716217
4761470,1576908,987.0898302649567
4761471,830278,882.0840710512633
4761472,239956,445.25985346350427
4761473,275840,185.03961247280176
4761474,777300,408.0042144379768
4761475,296842,923.6669817097836
4761476,371325,866.9824507138705
4761477,164644,534.6233486943654
4761478,241671,59.96964165559471
4761479,646046,464.6964371732838
4761480,1898966,140.2758546828997
4761481,608474,883.4385956876228
4761482,948451,261.0877938873474
4761483,1959776,915.7516268103809
4761484,1250529,858.1471746501871
4761485,911291,809.2810768564966
4761486,346046,454.4143912366887
4761487,1676649,545.6769836366254
4761488,1511981,29.250847531054003
4761489,1559630,370.54118648749477
4761490,1491504,771.3240439831246
4761491,440231,142.97101522710332
4761492,698499,748.1700394852686
4761493,541375,180.4602265997749
4761494,991895,288.7798771501171
4761495,1288861,111.11942167637324
4761496,1365447,27.196157009397815
4761497,1170344,633.1373610853977
4761498,60988,836.8112294255267
4761499,934465,238.6398630401776
4761500,1651426,324.28747648997194
4761501,1431939,810.2727628287477
4761502,1269787,911.7722337050935
4761503,929785,940.4564843357927
4761504,1365731,789.8220248502819
4761505,166577,995.7366777271967
4761506,649033,155.7270789095251
4761507,1352250,957.0457470549788
4761508,118062,679.1564590416684
4761509,257202,560.3558646081644
4761510,1353079,586.8446441108251
4761511,1302853,502.25408082558744
4761512,1584596,439.05698933832394
4761513,1968874,987.1546126923594
4761514,729499,408.61856421484424
4761515,1764231,522.3230206284328
4761516,569738,983.3503589907806
4761517,1559956,19.908142712792397
4761518,594998,620.0650477138354
4761519,10389,841.8811664760967
4761520,457150,795.5987807845555
4761521,1113166,914.3599277758993
4761522,1596728,612.1742626256106
4761523,1372873,473.76481750628005
4761524,446667,12.551866030043545
4761525,1355209,927.8002645035303
4761526,1705737,519.5589062266939
4761527,1941125,626.6742648968979
4761528,496981,189.26678274814435
4761529,1189907,921.7508882732868
4761530,1134249,836.5883103349397
4761531,202250,997.8989721064906
4761532,1992887,272.1854215271962
4761533,787339,993.9785491268394
4761534,878591,974.8269918677634
4761535,652413,749.566905324348
4761536,155041,516.5593351222506
4761537,1072360,666.5670330847495
4761538,1518264,288.19386245344725
4761539,1962238,269.88038893432486
4761540,1355079,895.2403665427225
4761541,1236206,399.79411995737865
4761542,1952718,113.18255514414221
4761543,89965,971.255951468205
4761544,1821245,532.2018201004928
4761545,95159,187.432412235227
4761546,209840,537.3649037086852
4761547,1953986,202.72888153224255
4761548,1165798,40.79306585564457
4761549,1755042,125.05410172636266
4761550,344969,628.2484143588794
4761551,1104784,3.828823957787164
4761552,1258899,397.603873841799
4761553,93923,83.06518562714149
4761554,1534753,418.7558038079035
4761555,1504414,222.66815998326263
4761556,1083825,291.24434287241576
4761557,755502,711.5057378481631
4761558,1286120,981.8994578730393
4761559,1386283,205.3763027072938
4761560,1199010,264.0277699760133
4761561,1314441,751.9775480306415
4761562,1302810,846.7676313963323
4761563,1673029,252.29814767392367
4761564,1375797,535.5466012153729
4761565,1379638,128.12804658678922
4761566,805892,956.231089906649
4761567,71502,665.4677693895167
4761568,1190969,141.9017327838943
4761569,1519298,171.5290644665809
4761570,1036525,473.70115085041897
4761571,1028115,990.5592123873296
4761572,1921077,33.70252583967337
4761573,493236,53.01996968849365
4761574,468761,376.08007098150284
4761575,817168,915.4672828612014
4761576,157882,500.0958600705444
4761577,303581,515.9853692279901
4761578,1854575,771.3766002421771
4761579,160205,829.4237998843445
4761580,214113,784.5748904610897
4761581,1443521,129.8377018539676
4761582,388675,835.3190380399708
4761583,639190,795.5201294496081
4761584,309849,950.1101321929303
4761585,1125416,828.2736501823667
4761586,1346486,739.0704125458242
4761587,1956578,341.97733176168856
4761588,1961888,964.555687664622
4761589,870348,593.6484097413908
4761590,912194,741.5913312415772
4761591,1548044,151.6415134708461
4761592,1178459,0.007573405395477906
4761593,1826855,968.9148579790004
4761594,1939930,31.439531972964673
4761595,1022767,215.02659509014345
4761596,1072328,68.89929485247215
4761597,694239,91.73099243484961
4761598,1142966,944.3485448385704
4761599,541032,21.689884253015435
4761600,1975768,211.55813872781272
4761601,1919065,168.1521292071768
4761602,555573,859.6746547991656
4761603,1320757,781.6008200818842
4761604,1080930,470.53347645225074
4761605,1038688,549.2693005682814
4761606,1325540,629.9977745317542
4761607,760365,798.1100145133316
4761608,1884410,161.44145640753248
4761609,128249,703.5836754708321
4761610,904356,547.443024560927
4761611,1372387,934.6869770167706
4761612,1150184,412.9189619730946
4761613,976972,548.0468300692169
4761614,801264,55.66134180242799
4761615,675684,528.1814470840072
4761616,1593148,393.4899077966013
4761617,1292601,515.6475886582512
4761618,1346756,120.25306034808469
4761619,675409,173.26722522779036
4761620,1543174,974.0364386264466
4761621,606333,898.1659183022724
4761622,220577,49.497421295072954
4761623,1314211,29.110037986998183
4761624,95916,53.83595946632913
4761625,1097863,957.0950354441221
4761626,992309,772.6921916105491
4761627,1560578,845.2034217452687
4761628,1474909,277.8379089301799
4761629,1638499,888.4788356449466
4761630,512161,30.724139283911043
4761631,1331656,855.6521661765064
4761632,1904298,124.46054753899993
4761633,1417034,350.1273251784498
4761634,546523,492.5604924046135
4761635,475808,308.739893530372
4761636,1442875,187.5065641175363
4761637,286669,100.83227327016708
4761638,978491,596.4364176116613
4761639,1947837,362.06180022602706
4761640,1572775,113.02205548488986
4761641,68517,596.1616179145439
4761642,1794969,524.2423270325371
4761643,272066,735.3719656431131
4761644,655973,891.6276845374076
4761645,1566624,666.3902354145529
4761646,974619,484.9991312528944
4761647,1777589,148.00328808920838
4761648,214247,717.9786945640519
4761649,292402,748.2285801275902
4761650,1191061,725.7291582073475
4761651,863783,621.5552102813933
4761652,1522638,189.8806167053708
4761653,888605,429.2149802131513
4761654,1701778,957.2458882280706
4761655,636780,69.67329548572843
4761656,831168,367.899072744865
4761657,839750,214.79524044337884
4761658,1053304,214.5263801042109
4761659,1782011,765.2056558320146
4761660,911582,899.1196214257234
4761661,1877918,662.9495993388517
4761662,1377488,336.90830375108993
4761663,1698154,732.7278741752585
4761664,1980633,632.489388636217
4761665,1040562,116.34424896885697
4761666,1071532,7.247861422636337
4761667,1395344,495.16903926362255
4761668,1370156,633.7195768721292
4761669,1896536,760.8596345407126
4761670,1396649,620.6449682505258
4761671,1893439,962.7111998731951
4761672,1634925,320.24800169282395
4761673,979071,262.33091862092914
4761674,805020,636.0218956303787
4761675,923044,317.81272668552685
4761676,1381701,265.81991789200134
4761677,745113,687.6554394800006
4761678,281681,705.736066948319
4761679,1623110,171.53479122032468
4761680,190471,613.7910309433863
4761681,20399,256.17751875171945
4761682,156663,971.902648983109
4761683,916768,864.6212337122444
4761684,769892,641.6080944884302
4761685,668425,943.4310033531334
4761686,705953,889.9536412077933
4761687,946404,805.1573685394173
4761688,1672644,848.775615109559
4761689,1262721,369.7541895704634
4761690,669422,701.3014352719136
4761691,1858901,88.15222016761992
4761692,678712,619.0419553112765
4761693,1569772,345.7188970855072
4761694,1623760,873.313393334241
4761695,505673,167.96706658316785
4761696,634132,515.9801248987171
4761697,706860,56.33410819602391
4761698,278770,86.02276598526737
4761699,314176,60.93705013999995
4761700,1061563,535.3593278390487
4761701,1073441,292.30045679639306
4761702,125842,252.77297586971147
4761703,1469127,47.01774057203867
4761704,699768,97.48404686411905
4761705,479705,675.980771356061
4761706,522835,136.29492471056903
4761707,1196375,930.1017953710087
4761708,1696901,935.0110813277437
4761709,338030,847.503321019305
4761710,1282941,731.5728580612682
4761711,668329,788.2021717330366
4761712,1806302,66.10300811908054
4761713,1169045,893.6750789932994
4761714,362218,812.0338670605171
4761715,1844936,533.7166566785426
4761716,1876312,713.8538483447536
4761717,1203361,185.06257881738463
4761718,1159079,725.935438543841
4761719,1155631,361.4540174432058
4761720,1193459,100.10114330204034
4761721,867886,235.44799827116037
4761722,1964376,956.4725260945416
4761723,1549638,396.4682839570642
4761724,1842194,42.40601170471281
4761725,130004,427.4485901648427
4761726,825800,112.89543176261485
4761727,360643,459.4536209960608
4761728,1514363,936.3376968800301
4761729,978108,950.7290677318334
4761730,1286929,482.6373203368296
4761731,90418,545.8233031194503
4761732,1426412,431.41739864544394
4761733,1335995,28.615600046190124
4761734,1831408,620.5844250650193
4761735,161271,553.7314433811986
4761736,1046061,149.60395297387652
4761737,1672652,762.9107262738949
4761738,780121,705.31106540776
4761739,1647832,184.5451375380135
4761740,1407735,430.6529637716473
4761741,1494068,111.82112261465305
4761742,1044145,113.38116738562309
4761743,703660,265.4392900061706
4761744,1326968,515.3969566303774
4761745,217530,498.13966435712274
4761746,113572,489.9997856656716
4761747,158124,126.91607759755053
4761748,253435,134.48716974201858
4761749,1096597,134.540176980812
4761750,1564474,756.9170114254649
4761751,970800,499.3417456033373
4761752,1149249,197.59766078811626
4761753,1345692,909.540207795081
4761754,1232154,765.4139366066094
4761755,698882,385.95320725058235
4761756,106807,407.9901341164028
4761757,900803,907.9272260324935
4761758,7478,691.1537682923496
4761759,71565,235.55678087820863
4761760,1648215,1.1909668735960999
4761761,205711,577.8443917573112
4761762,1367886,28.356861925927568
4761763,1345493,323.42024181895977
4761764,1717550,169.10404236244293
4761765,1674877,147.42393794308396
4761766,219193,420.1474868509534
4761767,1830843,74.43755128694818
4761768,1101223,979.5397836373236
4761769,888618,242.7714350653887
4761770,461006,90.88681033213952
4761771,1023463,865.6399990460671
4761772,1563235,626.1340761248589
4761773,1442994,312.18979218045007
4761774,1464609,982.7366857676295
4761775,1060748,453.964293001758
4761776,1167478,141.15410790871584
4761777,1437851,328.33361285827476
4761778,1164593,535.8613280745005
4761779,1463472,865.5752628979245
4761780,1085146,896.8475971309462
4761781,952945,952.5308443542255
4761782,568613,568.7548125073366
4761783,1648309,408.48425957751357
4761784,1281901,101.85799649160965
4761785,1450920,495.5521981220928
4761786,1144915,44.051399667975
4761787,1662366,662.0963740528124
4761788,855756,720.5571171687094
4761789,1559788,927.4546445032854
4761790,1546467,481.758921964976
4761791,85732,207.05635971595316
4761792,20934,980.3197230017081
4761793,1814671,689.1293465518202
4761794,1764249,230.07419629813353
4761795,256765,919.0957562690116
4761796,494964,375.99755177827564
4761797,1912982,886.804513049991
4761798,320185,566.379625764007
4761799,95346,327.9557000986959
4761800,706029,1.584852506670953
4761801,811368,373.21126997808807
4761802,1829515,351.19108255275233
4761803,484898,436.81210239069515
4761804,928,420.67845519206406
4761805,109979,497.7201691890403
4761806,539526,856.863992763784
4761807,1389983,674.0005931046181
4761808,1184835,1.8929336442036204
4761809,1493419,394.14295629928733
4761810,1984878,764.3499349766096
4761811,572728,91.52325486547875
4761812,1240338,642.306671324683
4761813,1239083,599.5188031241777
4761814,1647961,192.07220906491085
4761815,814941,934.9104578690201
4761816,1150966,442.780204611007
4761817,984900,615.1058890177587
4761818,1539932,335.2737661745949
4761819,1914568,609.6685199592248
4761820,1367488,780.834775856054
4761821,1735480,296.5713377440581
4761822,550779,493.6744634110033
4761823,1708759,530.1643689702644
4761824,1671251,871.8011810793839
4761825,739669,507.9344634799109
4761826,1533169,230.49880364109242
4761827,762667,958.1996359923826
4761828,545896,377.97867657213635
4761829,229449,875.0696664540485
4761830,1784880,136.24783578176636
4761831,882760,862.3238006785665
4761832,442611,919.74001200113
4761833,1873169,892.4014616890231
4761834,273711,279.26382211372635
4761835,880280,686.0173478920473
4761836,1521742,6.150673467666401
4761837,1220738,525.3727918634481
4761838,595458,772.7908517632486
4761839,685864,911.6413441060538
4761840,1997801,545.7594579080344
4761841,457479,143.16392095005003
4761842,913149,380.0209494347121
4761843,787389,905.1740070189107
4761844,968949,57.26035312587185
4761845,908407,123.3577963752227
4761846,1396415,980.6578463824159
4761847,56609,778.4990104948613
4761848,1484166,887.7612492975632
4761849,685813,799.9202337098192
4761850,328619,150.70700661392667
4761851,1525653,529.2380986776756
4761852,1132635,521.6462443008722
4761853,5868,972.4824240564553
4761854,1213051,581.0424583640468
4761855,541661,633.211955925181
4761856,113474,519.9823381464741
4761857,662318,637.5156394451903
4761858,568899,71.54245287793948
4761859,1867449,341.31594542807176
4761860,527409,909.5499291539581
4761861,1567507,921.8141654515308
4761862,1685248,139.05427723759624
4761863,450403,574.5734693360184
4761864,1322897,303.2264881789942
4761865,336904,629.3409729705702
4761866,175698,93.57270768515791
4761867,229373,473.0073069896521
4761868,1839717,989.7881932533002
4761869,285885,756.2431063308574
4761870,1816880,639.9871414366085
4761871,595688,165.88419138735344
4761872,1671510,944.2049447221941
4761873,1067499,760.7750794882779
4761874,753690,2.1655440514681823
4761875,581385,73.41577968902003
4761876,1263375,395.6956116109015
4761877,1428511,127.41976448349234
4761878,869635,285.7164378135647
4761879,1542580,963.920940588196
4761880,914648,281.9767474019771
4761881,1336462,748.460545623947
4761882,659256,977.1280747953857
4761883,1403202,313.4942640546479
4761884,1213757,290.68742257480017
4761885,60335,902.5009543796934
4761886,1920546,354.70101423031394
4761887,1530300,210.66137378937665
4761888,175738,523.0200305748145
4761889,851446,616.8576922295929
4761890,666263,920.9687395725456
4761891,1566268,975.6883894711794
4761892,1459363,929.476397457925
4761893,1319551,56.624126575263055
4761894,1014330,964.9898885803372
4761895,1238815,430.0686205741411
4761896,205813,782.9645381020939
4761897,958758,681.0572246382578
4761898,1951964,369.3932847777599
4761899,353103,986.2351339353845
4761900,1755590,538.819126746682
4761901,646550,338.8533118730301
4761902,890532,551.0109800765109
4761903,124592,24.4971439464029
4761904,237225,972.4203856739687
4761905,1801469,434.14694580276904
4761906,578293,177.78550947398585
4761907,348320,592.3171301205932
4761908,936137,436.20336746534826
4761909,860926,278.14193567568947
4761910,1311449,42.13151274117888
4761911,793675,700.196073587556
4761912,1275846,509.37611320793286
4761913,1431399,411.5998837761884
4761914,1347182,446.14936970416454
4761915,53757,541.3131369362275
4761916,487701,872.9690627523674
4761917,689427,407.9835478376266
4761918,220206,492.59142927060986
4761919,1494898,982.4956943269392
4761920,665863,425.95992266650705
4761921,1245659,422.94547940948866
4761922,1756295,208.45967539943123
4761923,1738657,45.46542975180712
4761924,113628,847.148334524303
4761925,989672,391.3577745655412
4761926,1757930,489.0657476300165
4761927,1178983,359.73878705112685
4761928,245279,8.514805655384649
4761929,884900,310.3842875826471
4761930,1755201,552.477978302509
4761931,774217,128.59070551090235
4761932,1564065,276.34371963486893
4761933,1523026,997.7892701965663
4761934,1685752,30.11401516095058
4761935,1597152,114.09763712721166
4761936,492957,468.36654261568543
4761937,1430085,609.0572650524847
4761938,1140781,264.4178575227508
4761939,1911894,876.4505798150576
4761940,234097,829.2397650322962
4761941,1850550,725.4823942060365
4761942,256765,765.209747597566
4761943,1407252,372.9572388447306
4761944,1109201,387.02886204843026
4761945,727457,834.7271553084181
4761946,543179,535.477978805892
4761947,1660520,976.9123603422584
4761948,34618,169.12209665198108
4761949,1498597,558.5670566293905
4761950,491644,944.7808515660647
4761951,1508424,413.2519940097933
4761952,1618808,310.13888152236404
4761953,1428869,179.3323254712801
4761954,1000381,826.6237407620661
4761955,940532,381.22668547554906
4761956,1087512,234.18220136792144
4761957,335947,283.0083895931589
4761958,1646545,960.0054484026141
4761959,1553031,667.5822961832207
4761960,269357,757.5448770579787
4761961,1610217,14.35235944422708
4761962,59675,984.3547952027631
4761963,60963,877.2252489433631
4761964,1033880,729.6338876176103
4761965,1056934,255.47716397459274
4761966,1693622,413.30094310785006
4761967,757266,398.9136748482437
4761968,947788,172.71527177019397
4761969,945724,410.72411481905345
4761970,379017,175.94121653446447
4761971,737671,522.7828629017134
4761972,64917,528.3672399127585
4761973,69465,905.5470019514884
4761974,212936,924.6656599849754
4761975,1837059,444.96209719081594
4761976,825033,732.0590503818291
4761977,546649,261.7812740798221
4761978,1411394,647.4316491606028
4761979,1882422,357.1455166757992
4761980,1146797,380.2684898402274
4761981,8478,476.5930172381587
4761982,581589,682.3549234968264
4761983,324734,957.5927363733051
4761984,1237110,390.8336130238927
4761985,209269,804.5279600216699
4761986,267612,341.40370652981886
4761987,60953,256.02294837956543
4761988,1370826,880.2342685284117
4761989,1327809,505.6237266389033
4761990,602886,455.31415011772845
4761991,1326000,455.7380372697105
4761992,176379,344.19755211755654
4761993,1874475,682.359098300391
4761994,1187172,93.44161730801004
4761995,825152,54.45001100587099
4761996,1398685,13.99859528273839
4761997,571933,554.0846382116667
4761998,1763344,686.7485657250681
4761999,482577,180.05328877834557
4762000,887361,365.13279342350233
4762001,443179,264.78879067103577
4762002,452735,195.8779791923704
4762003,824308,147.81483861699385
4762004,28975,924.4425082082851
4762005,610258,656.0021473963217
4762006,924351,116.28984097817718
4762007,342786,891.1540083394246
4762008,1291820,362.5076389375227
4762009,1600186,240.11919043124507
4762010,1036344,699.6158138237442
4762011,576226,544.9119883111886
4762012,248628,856.4991999756093
4762013,1206646,915.2448290091687
4762014,1271405,540.9814294444484
4762015,1476610,570.3626234820218
4762016,1667391,936.2341083147516
4762017,1693121,369.8991913459639
4762018,767551,406.6279891869873
4762019,443378,931.1186335601581
4762020,246553,613.2281256645766
4762021,1303262,161.9413607147755
4762022,1162218,55.922049672849305
4762023,1112778,921.5400297157928
4762024,1516829,881.4212910432533
4762025,1985991,270.39850574357985
4762026,1199188,349.97111869754315
4762027,1182542,565.2158370853085
4762028,1354241,628.6079299071043
4762029,341132,338.7643194333264
4762030,1216729,322.52248395379036
4762031,1611852,89.8047729800755
4762032,98570,717.003554301886
4762033,1915825,567.3669259940734
4762034,1347852,175.27923609465702
4762035,1280165,448.29829087480067
4762036,576078,934.9979738312691
4762037,1738862,126.55929727779203
4762038,1818004,855.632050713799
4762039,28877,271.8621908136227
4762040,1956115,625.5547806458626
4762041,1122824,758.1332887226398
4762042,12062,154.1422042955377
4762043,315421,315.85817152464546
4762044,62000,628.7511344423251
4762045,1177835,391.46696386588263
4762046,217536,691.0634968654692
4762047,588707,347.81023310473336
4762048,421556,901.7633200533037
4762049,1440326,376.2682127488223
4762050,1403825,998.0337064168199
4762051,1854526,364.9967902727911
4762052,477686,147.82645684565122
4762053,213455,113.2811687778431
4762054,1921651,407.6759446315542
4762055,627165,574.8173377972718
4762056,978310,239.17427602030295
4762057,1990477,823.5602137249828
4762058,470866,13.391541747748592
4762059,710781,420.00556553263203
4762060,479685,66.50197684180748
4762061,1021304,164.8874939675806
4762062,1779913,532.7367689480523
4762063,1402879,621.0173709299389
4762064,23196,206.7091985593008
4762065,1669463,677.7488606277832
4762066,1063592,997.04497729393
4762067,65143,658.60339713612
4762068,979341,112.07229415681252
4762069,476027,693.2978482522988
4762070,1530203,994.2036660015173
4762071,705324,755.340285813399
4762072,907172,518.0721613899356
4762073,674929,456.75070061842194
4762074,819187,867.7819816625403
4762075,433321,467.7520040795975
4762076,1615534,353.68452268268004
4762077,85960,37.755119381383096
4762078,1588374,112.71021541541704
4762079,1719439,428.1118697196298
4762080,1107724,477.4521731308047
4762081,1395661,504.01025798211987
4762082,1879287,482.04861537526324
4762083,1954195,438.4923715090141
4762084,682829,134.4100652049184
4762085,1166093,22.634739881821186
4762086,885262,156.47663889041107
4762087,1112655,758.6031985698546
4762088,280039,523.3661297442023
4762089,386990,743.48500098185
4762090,816758,775.958203332208
4762091,1760967,295.37128298130557
4762092,578001,20.07392641372674
4762093,1212149,374.5989296888452
4762094,1167885,309.6720581869479
4762095,723168,330.4703030164713
4762096,457621,712.3881105748031
4762097,669221,353.42722495779554
4762098,1800231,262.6630677936044
4762099,1942817,267.1515146557486
4762100,1426125,76.01840235509627
4762101,1906631,677.2763272858218
4762102,1309262,641.9017549158183
4762103,1719648,602.7266091705153
4762104,1855700,890.5274539790041
4762105,390143,109.94170446512874
4762106,683732,42.438578017238825
4762107,1255575,74.33748897359827
4762108,983445,539.7757127122031
4762109,329967,20.12439657678644
4762110,1424882,565.7106516983856
4762111,263001,997.7830822655246
4762112,788057,900.742301008286
4762113,261087,60.98380709328255
4762114,460190,411.16007229766063
4762115,859544,205.0467118470226
4762116,26060,330.5921457278728
4762117,1411371,84.32483739356388
4762118,1447450,306.2549877239943
4762119,1631568,472.462228586115
4762120,642335,704.6496242326449
4762121,558888,492.1451749640462
4762122,1804166,710.705870905854
4762123,240460,25.69584181684803
4762124,1736489,652.3595656043838
4762125,1063373,704.8047125222131
4762126,610874,76.1485916375827
4762127,1157606,459.8297138891093
4762128,1751497,30.432267815015514
4762129,228283,595.7617360773291
4762130,1350313,14.135873991049985
4762131,1645029,297.27927543379394
4762132,430790,612.8303811789073
4762133,1381891,465.2709651667699
4762134,161665,611.4572800556218
4762135,649177,586.2395474843313
4762136,1847885,191.76069803862228
4762137,816679,657.7752759727621
4762138,87577,875.9455470722362
4762139,1689055,539.977499648326
4762140,1216298,592.22304147509
4762141,1308275,635.7967769442062
4762142,584650,120.64933896269636
4762143,398682,510.56415159651533
4762144,333171,476.0063412345902
4762145,760764,895.7132024172976
4762146,205752,651.309059200811
4762147,1533231,135.29543225311002
4762148,1949053,433.826013825502
4762149,1729055,510.5674799882785
4762150,1371968,370.27835192585223
4762151,1761289,90.54879072329835
4762152,1002726,41.11167154682216
4762153,187049,95.46207794984073
4762154,301399,849.4176099190195
4762155,1898870,899.6617159273435
4762156,1556876,49.023825067680214
4762157,451745,187.51004485636525
4762158,395015,893.778752505827
4762159,1891794,811.2616359697831
4762160,1895174,856.1317920079916
4762161,1861131,864.4506121137401
4762162,441768,88.63268153603133
4762163,1393759,282.5262472433857
4762164,844899,290.598686851784
4762165,706373,242.61873719806292
4762166,437717,559.7368571294905
4762167,1937351,876.3807459926712
4762168,1897743,814.8696862756802
4762169,1753271,40.147467429019756
4762170,1044397,920.024474286178
4762171,1175406,421.8613829640828
4762172,1167847,574.2300375794923
4762173,1569511,566.7055960481415
4762174,212526,821.2153415441727
4762175,43198,820.4395601894751
4762176,1175847,859.1226185356173
4762177,6338,965.693814821259
4762178,937656,916.6520485634562
4762179,458179,603.9291367943389
4762180,380246,977.8083231782364
4762181,1994825,497.60644343376003
4762182,119003,806.0741651683011
4762183,1107067,99.38565573920732
4762184,1181262,762.0193993971103
4762185,575777,30.961862499638503
4762186,1289903,91.69210407739115
4762187,1891612,698.793187111981
4762188,592634,651.4927411909598
4762189,324255,992.3743048276566
4762190,840042,479.5062048058452
4762191,237736,793.8405219314407
4762192,278013,924.4499137289898
4762193,1517919,259.86477898134683
4762194,831287,4.268926404218165
4762195,1706063,223.00572714670298
4762196,1665575,8.630305547112304
4762197,755701,3.2068997936668397
4762198,699228,980.1795229151978
4762199,465645,877.8227493614883
4762200,52073,532.1179236044818
4762201,1358133,962.151393976029
4762202,1609923,143.846724554781
4762203,1170103,249.2949914884368
4762204,1604349,50.616172464733935
4762205,1460836,447.7619340650826
4762206,104913,359.7907018639436
4762207,1542183,915.3350385469772
4762208,1038198,248.88561791620378
4762209,873411,976.7305238623901
4762210,532642,483.4700387054468
4762211,1514697,311.21040532704325
4762212,97375,806.6285742239284
4762213,558098,50.48355663215964
4762214,1142518,561.5420612714587
4762215,1791875,390.5653237037486
4762216,670582,839.3497725737902
4762217,1292613,89.35435989290863
4762218,1256270,273.26812392347233
4762219,123608,17.454001893954185
4762220,1444025,320.945054323554
4762221,1032131,163.47609654382623
4762222,690743,776.5861367625936
4762223,732405,246.13161944029937
4762224,77088,151.1576830504946
4762225,551532,579.1016800048985
4762226,700187,353.83767075242935
4762227,904615,115.68894280188857
4762228,1839512,29.288142480084712
4762229,1459524,654.9443553643137
4762230,1158634,433.7575349171696
4762231,1643583,340.55471058064023
4762232,980593,81.90564201190797
4762233,352867,14.155807648506546
4762234,148206,113.45099268767555
4762235,699486,788.926713902761
4762236,1657646,688.2057770222175
4762237,174931,906.7409193789332
4762238,968173,45.14180547863666
4762239,533604,585.692568212143
4762240,1536746,491.32219333609896
4762241,1783656,765.4642671748172
4762242,218892,392.174974274195
4762243,995748,390.589012443189
4762244,119923,394.15257630842103
4762245,762453,275.73028848709504
4762246,491478,200.07772065440844
4762247,755815,545.4521187212434
4762248,1355161,822.3142578775924
4762249,765302,812.9128495870026
4762250,386409,673.7683755246957
4762251,520235,250.24835735097807
4762252,1526370,467.9995961241613
4762253,370893,120.07385810399984
4762254,1679848,263.92017209177874
4762255,1421296,306.04476317127325
4762256,442378,948.1414451431522
4762257,155859,960.2106201362326
4762258,1088322,184.42113606300546
4762259,1068207,844.8266933648124
4762260,1133790,744.7855760697496
4762261,1853876,971.1878681507536
4762262,792391,811.6465667822756
4762263,1530046,412.98999438355577
4762264,1123040,614.2813009369928
4762265,225566,206.36362199629886
4762266,1882797,10.088227548517237
4762267,1826437,231.637316298008
4762268,355089,470.10597958213094
4762269,51416,718.7434556381863
4762270,952073,233.84959161124584
4762271,1116024,983.6263922342715
4762272,964277,569.244985457217
4762273,1893281,299.63920955861676
4762274,1231080,606.6038118065402
4762275,276962,407.0220598067864
4762276,315467,385.5474997339481
4762277,1669972,206.55734837569574
4762278,323877,738.9362235939927
4762279,681593,175.61396226558244
4762280,1972291,178.54442136600247
4762281,547931,235.90302337225577
4762282,1573918,394.5502789827356
4762283,1045976,892.4283131908412
4762284,1463039,604.8165306797846
4762285,1142066,96.29847932748604
4762286,964053,260.6256316043308
4762287,646736,638.8266134248258
4762288,762592,984.3604813597045
4762289,1946515,865.5911847847321
4762290,602490,125.79892658339809
4762291,756937,128.95681492035783
4762292,103518,739.1196505245541
4762293,1094633,761.195961420774
4762294,464643,538.7518789939021
4762295,818735,130.85286916488403
4762296,268193,559.8962970125514
4762297,348362,953.421689102739
4762298,906508,68.56796756089112
4762299,693596,996.4669400137115
4762300,167913,926.6782556915965
4762301,1194341,747.0428943120247
4762302,1433932,867.0915106604416
4762303,1036421,46.706198245675125
4762304,1404917,222.86807266922105
4762305,1864091,670.738429956333
4762306,1498231,355.1526352370776
4762307,730952,624.6783911752193
4762308,33569,712.4716514033001
4762309,1544870,166.37516020102183
4762310,1211338,341.51034575825366
4762311,1777556,283.4556479146533
4762312,630801,787.9339813974283
4762313,180595,700.2402697630264
4762314,823173,299.04603268711094
4762315,1417053,417.15987472965645
4762316,652485,320.5561715334302
4762317,1614267,572.207338772936
4762318,754541,377.0045084809096
4762319,1110783,30.945450345193247
4762320,259721,235.06844991740616
4762321,890559,557.1076651345301
4762322,790346,595.2428290735933
4762323,282469,877.8572626255196
4762324,1506403,160.58588422058162
4762325,1908523,89.17642154348782
4762326,1458784,819.1303231885497
4762327,1748407,683.3687405124776
4762328,977136,954.9375076584239
4762329,551083,757.1668011499621
4762330,1045644,26.32891888489175
4762331,591801,841.7374967231175
4762332,652409,688.9232545452178
4762333,513093,257.38972732529317
4762334,1997684,677.5617401984811
4762335,1036850,946.4418150763336
4762336,1923362,340.4691951838079
4762337,1910072,379.49436545798767
4762338,839733,457.64317587132854
4762339,188483,554.1718121954118
4762340,1484702,192.08973288862708
4762341,370425,557.2519670968871
4762342,295936,373.94094175828184
4762343,258447,332.6521715634446
4762344,735287,375.29712305585304
4762345,544252,393.9449276729324
4762346,87799,543.543054957061
4762347,149018,383.9379599987058
4762348,1751613,524.2498875107931
4762349,1941727,974.8368827717576
4762350,1813652,982.5148713507575
4762351,253552,202.42865326057458
4762352,1860145,277.72020820962194
4762353,1385884,734.5436790369268
4762354,751856,630.3289767748096
4762355,531591,73.40927473898684
4762356,1488758,136.16563857355945
4762357,893486,698.5239619306574
4762358,1729369,695.6723524380483
4762359,1687444,997.5169449225696
4762360,1888740,820.3073650769616
4762361,1837069,256.3260697527702
4762362,1162356,879.2999281939127
4762363,812348,451.88275505276
4762364,521509,205.19022622600568
4762365,450769,839.6985319955722
4762366,594958,457.4444037147252
4762367,1248382,254.41089417021223
4762368,1038240,882.2385779212638
4762369,1451413,103.53565006520526
4762370,753501,631.2799028530724
4762371,1747357,934.8321957424927
4762372,125392,87.25876659865162
4762373,328331,180.29866552154994
4762374,1243431,521.202184122312
4762375,1107494,595.403675137594
4762376,801891,848.012524834139
4762377,228712,831.8927107123405
4762378,374494,700.4504326458389
4762379,1520777,766.1891966438305
4762380,50884,217.86295738414574
4762381,761848,969.5875011454227
4762382,374842,959.2242564923657
4762383,691182,518.3765891325176
4762384,127403,111.38196363782716
4762385,1006103,47.60021777468171
4762386,1917334,145.20238403904173
4762387,1752449,46.243796692930886
4762388,1587250,471.8553640809606
4762389,170858,658.9953906331266
4762390,1345170,750.4323476341293
4762391,1727831,952.9112961486068
4762392,1143700,943.9289556486204
4762393,642576,366.85546026309976
4762394,209980,177.5707380180338
4762395,697511,331.09697415288986
4762396,744216,753.8610783257961
4762397,1210905,206.04147618065448
4762398,676630,284.9949431755948
4762399,213913,400.5703699746168
4762400,649597,67.04416331655672
4762401,1868995,766.744705619111
4762402,1680908,982.683370320294
4762403,1568719,605.1585791952148
4762404,835090,567.5579162809929
4762405,252611,731.0772191454085
4762406,1847620,434.442324918606
4762407,1723878,873.7029959119858
4762408,146766,141.21218218247634
4762409,1020849,870.1687550369147
4762410,254324,338.8707940549853
4762411,1034365,34.431947787524784
4762412,260102,217.9042668240908
4762413,1886172,433.5352387926764
4762414,832048,314.2044401589974
4762415,555171,578.7947980340773
4762416,210573,335.8947093195481
4762417,1318774,884.1431290713243
4762418,269722,799.735458685817
4762419,1361538,900.3943165193575
4762420,1806731,169.46188088550684
4762421,432636,705.016456219692
4762422,1259268,873.5379839562452
4762423,851275,399.37538414851406
4762424,1868469,508.2269679041681
4762425,1870325,950.1686435841552
4762426,1022852,222.46495483206508
4762427,432135,582.9181942846069
4762428,892629,393.60042098824323
4762429,1627458,895.7952713489861
4762430,600152,8.519375792622963
4762431,1550748,424.20518708793367
4762432,448287,665.7115354812418
4762433,1931139,4.483016089762537
4762434,26522,889.9870109172517
4762435,1186456,445.17406359562784
4762436,1642992,28.293446740661143
4762437,1184899,283.99225551428975
4762438,1586485,823.5725632906389
4762439,322875,590.6361423385284
4762440,1482126,789.4954873759273
4762441,81177,771.5506701220951
4762442,724624,387.7926641349092
4762443,1594628,938.4044041933693
4762444,287034,987.2947135920152
4762445,621943,155.67757231569956
4762446,1895409,376.9287152807719
4762447,893620,269.35498506460544
4762448,10419,169.41604290871538
4762449,1707445,709.2291227325921
4762450,453606,262.4022528104968
4762451,186130,23.62328942687897
4762452,949285,822.5921681488355
4762453,1457912,695.6919005796483
4762454,811775,114.03263391511575
4762455,829758,261.99558879331664
4762456,818380,203.1539526406524
4762457,831369,693.2856614122335
4762458,1663089,802.2876371035624
4762459,600896,939.3626857508701
4762460,1852407,375.65829503655345
4762461,1820363,300.54787396088847
4762462,692797,358.119613165937
4762463,1141327,224.3210527239441
4762464,1989427,291.9591423068351
4762465,1023141,571.1333378040017
4762466,987327,426.21594181358427
4762467,295804,269.42716923634447
4762468,852827,369.4081327986518
4762469,841239,165.37817136552712
4762470,629114,732.4410010085451
4762471,1404430,605.7644593743574
4762472,557075,418.7009211719865
4762473,589692,141.0423444430282
4762474,1002972,913.6139510153921
4762475,787132,636.3437310596308
4762476,601274,414.4379137447621
4762477,374475,138.91273331669885
4762478,1740047,501.97028687645474
4762479,1180189,980.5256018095912
4762480,1307398,186.54262934501077
4762481,1235418,941.6251465544312
4762482,1587643,743.6231729886564
4762483,488449,932.9161155772763
4762484,1091045,883.2288739820798
4762485,860993,98.95992998966663
4762486,149101,353.75937370368206
4762487,1648243,878.4906857196238
4762488,1819146,253.15214875293412
4762489,332715,936.1596918039378
4762490,209612,73.4659186864205
4762491,154180,115.81730957826208
4762492,328343,204.13182188956603
4762493,1867204,293.9173666559999
4762494,327578,561.7280182526011
4762495,375342,698.7294425802924
4762496,871296,62.148695788132535
4762497,1701642,724.1518217279316
4762498,1012398,156.80477913128698
4762499,1581798,841.7697838187198
4762500,505399,735.7919505125634
4762501,1361610,626.1222181206027
4762502,569088,905.8182887685341
4762503,237021,835.3923243337474
4762504,1258322,907.5312646112353
4762505,322291,911.6422679370286
4762506,1778430,458.1112885160101
4762507,1281018,250.9323407138281
4762508,374763,313.81602313933166
4762509,1177555,185.72593367068978
4762510,119086,213.2508309148483
4762511,1929242,616.282228929428
4762512,653018,102.0843489757901
4762513,232766,193.91698596479446
4762514,1896811,92.11693047951341
4762515,1701491,314.5318867098774
4762516,620705,127.73424297533909
4762517,883335,992.9629701986895
4762518,1137630,991.6790726080807
4762519,199039,290.69961306268766
4762520,1804828,726.7589719999386
4762521,1361274,197.5348066794227
4762522,441721,28.045629749138268
4762523,1773950,74.95496226048814
4762524,241219,59.75185369158831
4762525,1223154,278.08769609307126
4762526,1200803,577.1225926505864
4762527,503542,888.5582125654115
4762528,928662,54.7930938950566
4762529,1751016,217.39761899628851
4762530,1739266,280.25245909319784
4762531,1014376,88.07426828726672
4762532,995431,947.0258888047616
4762533,1868853,568.5322689899948
4762534,1156464,856.7170868750769
4762535,124576,259.74192431934694
4762536,1016663,886.2620318424578
4762537,586401,165.47659127359816
4762538,1845408,824.7391852596379
4762539,273361,637.6877152909702
4762540,80941,474.67210046539054
4762541,587705,967.9373321402812
4762542,1378516,437.0414489712502
4762543,1340070,641.3148622672956
4762544,329885,117.95809348134001
4762545,276503,59.615814774466756
4762546,218020,763.4857289586754
4762547,909011,479.49087127029634
4762548,219353,543.4544386749734
4762549,854927,672.7136121492302
4762550,1680014,211.52239270667238
4762551,687297,389.06223733406597
4762552,1366604,692.3444065366475
4762553,611529,497.89747139026053
4762554,1063662,224.46137351980377
4762555,579020,178.36045672883716
4762556,201328,576.7970732155553
4762557,1936708,603.5918984326355
4762558,1226550,307.6866040660682
4762559,166977,801.0640693330535
4762560,1718598,595.813767921823
4762561,1629187,659.018824116513
4762562,1983902,29.754468498309315
4762563,1084519,546.0644635928442
4762564,958889,273.1675427196748
4762565,1661128,128.1255420710573
4762566,193747,981.6763275055418
4762567,529085,740.7010290998803
4762568,1956213,569.3424710283484
4762569,1843562,113.1333837645021
4762570,633477,530.8488818141694
4762571,1929348,405.76494570539654
4762572,1862602,201.5412139459457
4762573,1112187,526.8365500750551
4762574,927943,81.20403747757953
4762575,372452,74.98066387001778
4762576,1017493,334.847718810064
4762577,1862653,855.1446771563575
4762578,1702413,121.3569077301282
4762579,145710,247.46662821413656
4762580,1224292,66.79823319449618
4762581,1508079,800.0796135961732
4762582,1573192,26.744854085772317
4762583,1718260,476.05145996132603
4762584,1886689,700.2841627435979
4762585,321297,830.9053230437368
4762586,1368180,634.7777624414736
4762587,445711,446.38674404290157
4762588,1305071,767.1365776103657
4762589,49733,901.906811305618
4762590,1131286,747.1123021712684
4762591,552070,934.6203488598502
4762592,1309567,615.9303420859161
4762593,131305,85.20756029597042
4762594,987778,355.99341621390215
4762595,1913882,863.7450307293886
4762596,133560,590.323516510331
4762597,582205,192.6542596050026
4762598,896407,529.667829790139
4762599,1204596,321.1397508207773
4762600,842097,276.0601142379602
4762601,1805194,389.25804100368
4762602,1168444,199.42517101131295
4762603,1332143,264.87463465843587
4762604,902889,105.61204241185085
4762605,1378640,738.9328884613561
4762606,896642,335.676048932209
4762607,1148860,433.58418852450774
4762608,1104095,516.2439676502801
4762609,752090,401.1410727564586
4762610,799345,940.496149474146
4762611,1970749,344.9958605192011
4762612,1196257,79.82567255538908
4762613,880137,437.6395934311014
4762614,125657,725.4444976929223
4762615,1915444,666.7078468002017
4762616,1546643,261.54752463569685
4762617,1511615,154.07159919058688
4762618,465159,309.95349641778927
4762619,613266,911.9509443655127
4762620,1151206,998.3051618714142
4762621,480747,233.52695169470562
4762622,1434587,962.7756347854859
4762623,1674006,743.9070193774958
4762624,1825036,325.502726001674
4762625,651108,717.5128200391806
4762626,458599,218.27569036860106
4762627,268889,818.3321706209815
4762628,1340794,989.4454920901251
4762629,299244,718.6031588917434
4762630,1860005,993.3851584882281
4762631,271123,895.2084209767522
4762632,577819,564.1481469671761
4762633,1428309,613.6053730839529
4762634,986325,546.3901107970809
4762635,1745850,716.7105267537145
4762636,171154,789.8268057007335
4762637,1265906,903.3790050633048
4762638,737183,521.5352817649588
4762639,1328116,131.47406648535986
4762640,1065721,762.9882764386793
4762641,140351,822.8411980936168
4762642,1566832,280.20809521168934
4762643,831785,78.20267872413179
4762644,1689008,938.7126972446608
4762645,1264308,675.4205831071893
4762646,979918,95.43449372226209
4762647,1949686,468.35623381129466
4762648,1734520,299.68043862215023
4762649,683910,759.4162216592431
4762650,515844,667.5428407193348
4762651,1904540,222.7558711988965
4762652,305467,292.2837065147181
4762653,77848,260.82670643913974
4762654,981786,352.0485641943599
4762655,188662,40.285959462022404
4762656,567086,46.77254781813478
4762657,638286,902.6999590207008
4762658,735123,656.9479177803091
4762659,1522247,765.5738807859684
4762660,273692,32.23355524765425
4762661,658488,523.4020669626359
4762662,806251,935.8792072191635
4762663,1995422,432.7656337037832
4762664,1150329,167.77523846808117
4762665,1418474,436.27489110149173
4762666,1609496,158.37687820552927
4762667,539824,418.14276724818654
4762668,149702,582.1457673756879
4762669,1348913,102.2670233541999
4762670,1340407,31.330464830412353
4762671,1647724,266.87352823744413
4762672,1445972,24.47299960744442
4762673,1217779,950.8680795174629
4762674,342561,370.758203567495
4762675,172396,922.3085994938374
4762676,39681,316.0733777824034
4762677,939958,554.0091056586185
4762678,1366287,527.2433687071409
4762679,820405,180.78655769189734
4762680,1532669,248.65635116794348
4762681,810486,20.531320817221644
4762682,77100,454.92445700658845
4762683,1808958,208.5976478700281
4762684,1759288,643.9615140851379
4762685,911823,509.33459131984927
4762686,621472,426.7366878494463
4762687,1785997,913.9497995006257
4762688,1624297,303.09999149188417
4762689,489539,104.81924419511301
4762690,1163872,482.68093478603936
4762691,470222,859.3405002918655
4762692,301049,288.0812957590645
4762693,1343989,566.274241589127
4762694,1942819,79.25518680102772
4762695,520727,710.09187413647
4762696,333762,517.8679592739763
4762697,222442,58.02056726362981
4762698,1879874,647.4199761849284
4762699,929127,806.6870451177136
4762700,206161,879.014955388683
4762701,124746,841.9161050549129
4762702,261677,328.8730110948865
4762703,1011062,170.03180954723086
4762704,763188,951.9438916296913
4762705,1380766,607.240195492039
4762706,1174947,509.3258592390211
4762707,811230,606.1381716176605
4762708,1124205,689.2005757575294
4762709,1893198,721.1958698486376
4762710,1108212,31.20599577877814
4762711,500191,12.213931219250519
4762712,762342,104.57470957070537
4762713,1791406,431.76717987094236
4762714,1197894,151.67151216849805
4762715,642379,602.6068290608412
4762716,757531,238.19371428094692
4762717,1383335,585.8010123831764
4762718,525519,252.3748489299743
4762719,79526,683.8114176242224
4762720,1141020,181.7422196887668
4762721,338701,26.004114571036354
4762722,155283,420.7158898551375
4762723,777192,831.1401541302251
4762724,1987529,809.8557234221682
4762725,739602,498.7090849817951
4762726,457904,38.35880944514835
4762727,140632,37.461307601706736
4762728,128665,458.16953504741866
4762729,767714,792.9535343558165
4762730,874678,136.50607963853366
4762731,299494,496.73154788839105
4762732,1302857,836.8407731870038
4762733,1598595,112.04948427574402
4762734,1493557,190.1004227158768
4762735,904487,437.0915896077209
4762736,1509660,260.75866368602095
4762737,1641491,595.6947517172175
4762738,485741,662.161224852668
4762739,1953014,107.86286435962734
4762740,1261198,805.1105586887481
4762741,689195,747.3435601930045
4762742,1886384,160.36036875608005
4762743,1441817,700.9144549820272
4762744,31671,178.09480577112248
4762745,1340847,808.6174706784815
4762746,109002,444.3907899115078
4762747,1331713,582.2741492360215
4762748,1653381,892.0626124695648
4762749,1672586,389.3774222532913
4762750,427841,594.0149629804434
4762751,106247,440.92348143140015
4762752,179460,321.0130884791945
4762753,1105269,746.8369176571183
4762754,1492883,659.2157001690294
4762755,1524714,596.7051019464366
4762756,1051774,400.2062584343996
4762757,1741459,974.3879805058157
4762758,1927364,9.303283506938765
4762759,419412,810.4472038111849
4762760,59593,504.69751364751284
4762761,1213086,390.26090872289456
4762762,865895,858.8078054547834
4762763,543829,843.0174851783308
4762764,1457736,759.6209150007551
4762765,280464,560.6486885233767
4762766,1156305,357.63619806286994
4762767,1449672,246.01914251851252
4762768,539036,157.03559580338856
4762769,1862419,604.4635897452829
4762770,1049905,684.2389625606344
4762771,1509733,859.655259933988
4762772,40870,147.32822996041196
4762773,1501429,148.60674525592566
4762774,1142269,158.79143063749436
4762775,1729940,177.7582177376742
4762776,1271452,457.25587114696685
4762777,1371122,756.2075077226204
4762778,1787252,250.89781250324228
4762779,529557,372.7302341276785
4762780,1032249,161.9696727483707
4762781,744895,621.5658012898414
4762782,1730753,685.9723985303392
4762783,464449,280.1702028077829
4762784,1420804,52.331475989038864
4762785,123402,756.4975395917955
4762786,477240,19.801416367636104
4762787,538447,423.2659402667991
4762788,219151,514.8885163659213
4762789,1480030,250.22352028889216
4762790,1442710,852.8840635560371
4762791,179468,240.37338534017428
4762792,886196,218.05484931971662
4762793,820543,406.4980831477578
4762794,1331268,943.433272894282
4762795,306336,641.1184358780716
4762796,1531480,164.64956260724838
4762797,553116,547.8036249087322
4762798,1333395,541.3932620399895
4762799,1799758,572.0213645633237
4762800,1597738,781.2935473214201
4762801,259347,354.59092310474074
4762802,1016319,673.0577627796931
4762803,1658931,422.05732349747007
4762804,1757795,669.2682141155789
4762805,1029936,993.0146076668826
4762806,1854319,856.8491696956394
4762807,1925892,841.7311579463623
4762808,1412359,439.2906933978666
4762809,1555371,531.1927045159324
4762810,1881586,825.5456015674123
4762811,660947,886.1580853123058
4762812,26529,694.2622977889888
4762813,1978306,169.75613301437863
4762814,1136526,326.0343725545393
4762815,1958141,49.85204290814471
4762816,627113,547.5010979819456
4762817,491853,547.7445425359097
4762818,1117083,305.2263555417709
4762819,1588419,738.453075967229
4762820,471772,94.02110253493534
4762821,758790,294.90477504157366
4762822,1825623,407.3074243052257
4762823,1484435,558.5219835710567
4762824,1987457,321.90089334695074
4762825,921643,327.08297725204636
4762826,1052892,414.80970800064
4762827,1281616,169.8615911563054
4762828,160419,725.1954137716803
4762829,914559,216.54968937531294
4762830,994495,342.629072476776
4762831,376402,606.2755200146935
4762832,1099628,633.7124034884033
4762833,674487,80.54599976668398
4762834,1047324,799.8901131879975
4762835,1796863,670.1165116811283
4762836,203395,313.92324169345943
4762837,790074,690.4024772808667
4762838,83983,79.16361919379
4762839,21920,817.0499959300998
4762840,524736,334.3265214259056
4762841,1699766,766.0221971508216
4762842,1751897,45.58054677521473
4762843,665087,606.0735470228055
4762844,1600723,590.092001110856
4762845,677309,330.25822444013795
4762846,1230302,776.6688678139113
4762847,1603353,865.0847366154918
4762848,1416823,835.0512195044963
4762849,330194,242.76189614345554
4762850,1066537,17.304811104831174
4762851,1413588,481.5766722740158
4762852,431191,691.3838525929178
4762853,2015,466.8889478990419
4762854,1850603,887.5327604729565
4762855,589374,90.22349833925125
4762856,1865889,478.3186227946363
4762857,1017799,98.45970273142967
4762858,351364,918.8968307576042
4762859,890916,191.13838593891518
4762860,683569,696.9548521137364
4762861,681189,987.5208565812595
4762862,569882,731.759777589565
4762863,1874139,804.660321629263
4762864,1487902,516.9557102023182
4762865,1035207,354.256243385609
4762866,134660,194.11217818562864
4762867,242,179.33307128132049
4762868,1433541,96.29922938722724
4762869,259398,913.434194686421
4762870,837200,84.95830577581587
4762871,26779,115.97800405895542
4762872,1959672,280.1976854914776
4762873,458691,375.5575597431113
4762874,1459870,834.3130686789248
4762875,201139,740.9941271832288
4762876,1043735,70.21595705136608
4762877,1844675,151.87084761620528
4762878,326023,453.7845808444466
4762879,1558681,274.49121173811295
4762880,1100867,819.5043030223405
4762881,1875431,372.54327750484794
4762882,1592998,280.9082956766192
4762883,1863154,842.9959235228943
4762884,1412369,356.4254139183772
4762885,1908033,605.7596936982873
4762886,110980,696.407889516845
4762887,1570858,650.6603781171308
4762888,334436,108.52745346331527
4762889,242979,731.7315626185629
4762890,1068883,20.17033000068702
4762891,1120221,744.2103941512415
4762892,110152,847.3316782207777
4762893,1689422,916.1216389099789
4762894,422221,622.9049998601078
4762895,1065167,581.1160628063278
4762896,1011753,857.8683100628482
4762897,1313714,398.28160738466244
4762898,1192131,124.14790490004435
4762899,1128388,424.51601050360654
4762900,483713,155.21993660799072
4762901,1969405,259.11764740653774
4762902,1062936,665.8850000252817
4762903,748744,646.6863810298614
4762904,909290,212.46452486165091
4762905,169196,571.7574847119143
4762906,1325725,78.03705181233201
4762907,1875155,542.2469611163533
4762908,717891,174.85158436454785
4762909,1009539,58.67544009608538
4762910,1949024,514.2259840599477
4762911,1107835,665.7977723864212
4762912,764984,218.10002925362804
4762913,89018,664.3653361274892
4762914,217229,883.2686664574072
4762915,845935,812.1171474394944
4762916,598399,468.5608263434522
4762917,1744798,627.1913721983474
4762918,1540091,787.1667059937779
4762919,1425679,570.9018669389335
4762920,1857617,18.602134416660032
4762921,525089,757.6064945721816
4762922,1988548,187.92202539877854
4762923,298928,971.8001857546055
4762924,1450930,948.0472004397361
4762925,947455,432.5287669012707
4762926,1504710,535.3573497594159
4762927,670800,889.0781160900392
4762928,1080491,642.4456209177248
4762929,653431,857.7305323118247
4762930,1974072,628.9949060497655
4762931,1011840,287.8137649308722
4762932,847695,272.17482910115484
4762933,1073630,595.2714870550537
4762934,592166,395.46262458119264
4762935,550310,692.3881923556582
4762936,1009627,262.5450719803343
4762937,510559,370.5980410471458
4762938,323165,351.2944513236468
4762939,951025,757.9666536003841
4762940,43908,76.91975424093268
4762941,757969,755.14801363327
4762942,413133,923.9297075170881
4762943,604253,557.3949942447525
4762944,760083,145.54165137548648
4762945,450147,127.58297522654216
4762946,914409,156.6971919516632
4762947,1158323,897.6438265097806
4762948,901065,374.62260122368696
4762949,107405,815.5936239193534
4762950,1316955,185.19647630224156
4762951,1536716,417.7240797631786
4762952,1277668,72.3302947354253
4762953,1252822,828.342947735469
4762954,1573973,481.37953991107804
4762955,1197901,832.5532203948972
4762956,1108190,95.88601753724913
4762957,180514,766.5504009084959
4762958,1897457,117.00370047110864
4762959,1744512,543.4881797722064
4762960,985981,207.5499622182979
4762961,551529,53.757482294266914
4762962,141109,111.15218773554547
4762963,1374492,119.68130707132663
4762964,1291369,705.9857898738569
4762965,727057,534.3606302505023
4762966,1580338,107.68276172730418
4762967,1893028,537.0613852820571
4762968,195755,501.06709622198684
4762969,1312567,208.2438492387092
4762970,901239,902.1584217377232
4762971,267068,368.1436334356203
4762972,1688456,681.385021310417
4762973,546744,231.135918387535
4762974,526591,100.35023255128728
4762975,1382011,910.6494619778434
4762976,719343,673.6880134363611
4762977,1761371,199.28794052231535
4762978,647103,562.5717680110336
4762979,1002216,728.596290839402
4762980,1555071,440.767848427843
4762981,243499,675.4032429997372
4762982,914892,509.7208249299363
4762983,916771,232.6513261864106
4762984,1812237,296.9494338543037
4762985,154627,446.9360641721482
4762986,1099375,256.5910431067324
4762987,310271,341.74106541845293
4762988,1072031,984.3587004703605
4762989,1947087,483.4420517647233
4762990,1312780,163.10626655048677
4762991,1936983,920.393963414909
4762992,936526,60.03816246230731
4762993,1216792,653.7298412705604
4762994,747255,56.898472821352186
4762995,689407,559.6199750019175
4762996,1608356,177.96711007440612
4762997,1778748,240.03915418000886
4762998,18511,196.53834319315678
4762999,1773767,960.7151855723633
4763000,135264,678.4131574509581
4763001,1835672,565.8138905422486
4763002,1233438,600.5137135518827
4763003,1899061,738.6597696455178
4763004,1678966,813.6116105770441
4763005,970509,547.3639692953158
4763006,378584,545.0414176917818
4763007,814239,731.813032574922
4763008,523770,356.2667481907047
4763009,275751,817.93471439583
4763010,1221527,951.6977858138342
4763011,1683896,534.0707824581249
4763012,311677,326.29006248918137
4763013,402706,817.1563049766962
4763014,392779,725.5328543852713
4763015,708138,200.95485107457557
4763016,1210382,484.51246419271445
4763017,1574619,99.79088888623843
4763018,1985300,494.0847843823475
4763019,1282159,129.38509513507702
4763020,1572424,162.04657366603658
4763021,405771,547.3595311497437
4763022,1061096,178.79533226389287
4763023,1055829,703.4777730971224
4763024,1255979,717.5440713008072
4763025,313443,877.4821701560352
4763026,1445144,687.6281428516769
4763027,1896489,192.70704418556838
4763028,629508,18.045805151801986
4763029,1049850,581.576574643435
4763030,850300,470.8827405062952
4763031,478562,861.75698013076
4763032,1932161,298.65429395558084
4763033,1770197,260.9953967923665
4763034,430286,821.9080136979119
4763035,4078,575.4105252629012
4763036,1300827,574.1769096941952
4763037,33784,469.9956249892755
4763038,715430,782.3288618862047
4763039,1787104,893.1062480234596
4763040,1823055,734.2140981664443
4763041,649057,44.537864440423625
4763042,1576399,951.0944842213418
4763043,1832054,2.7362848178856813
4763044,1019295,368.1628756225951
4763045,720150,987.7067046641552
4763046,492473,571.3461482026931
4763047,1444536,11.647258018866014
4763048,1950165,983.3545593750263
4763049,395863,719.5378975674582
4763050,1120753,622.3736066667633
4763051,663451,686.2457023848361
4763052,905095,2.4170750274933317
4763053,783843,604.653510228215
4763054,1920663,50.79922465130748
4763055,659015,149.6156413483837
4763056,1699759,636.156398105355
4763057,1314229,478.0490604336697
4763058,294473,439.667772128297
4763059,1086684,829.0619727383779
4763060,844272,841.2614873650648
4763061,1357368,884.2645278929028
4763062,1545278,164.6535220276728
4763063,130019,489.0274804250204
4763064,460788,312.60807629896516
4763065,1914411,521.0135317731776
4763066,1537390,771.0703232294146
4763067,322516,16.01448149919671
4763068,1770201,301.1669058945867
4763069,1161517,320.93508701867455
4763070,1123303,829.4404170047465
4763071,301696,559.9374061677797
4763072,1247635,347.9149343023268
4763073,1359933,584.7730011728939
4763074,1211292,137.0619636394479
4763075,86639,435.4726347618424
4763076,1325613,440.87841987469466
4763077,783515,565.4640661222875
4763078,222490,476.8633780006868
4763079,750325,500.89705660294527
4763080,1815663,528.0121672999021
4763081,1462912,862.2996283749723
4763082,277709,39.467708348685406
4763083,797153,208.9140277873216
4763084,1474794,285.5274953657574
4763085,197282,396.4992407986833
4763086,865856,123.63686056043754
4763087,1103570,761.4563693560134
4763088,85186,844.9194220183394
4763089,1718402,693.1626139982477
4763090,1875087,128.62393637999648
4763091,1322656,908.3773831740623
4763092,925615,976.2831416543927
4763093,664934,251.10776299601434
4763094,521340,500.04088390288416
4763095,1259312,125.60185093741072
4763096,1692867,226.37568318667311
4763097,52364,580.5110871723041
4763098,847937,969.6139944026335
4763099,1631745,93.03103628026899
4763100,670584,117.37563139066664
4763101,1230176,333.177666253907
4763102,1185155,958.9428929864997
4763103,1984820,704.7552743704927
4763104,766463,110.96207114534707
4763105,575821,441.9899491962113
4763106,1562916,961.9905339229409
4763107,1089597,158.25014407584126
4763108,1052348,466.55008010924615
4763109,218215,354.02667280289813
4763110,1061872,41.76007342034427
4763111,1512468,569.7561854108623
4763112,1851626,633.9177947098046
4763113,479604,183.85774461779246
4763114,120803,102.98977221442962
4763115,1956522,648.0837045549151
4763116,1380307,971.2409813261711
4763117,1364208,683.1419478523209
4763118,1270566,326.7002427811985
4763119,135520,32.99949319983631
4763120,163161,309.6680944735111
4763121,1684059,349.21459827787874
4763122,1519594,684.9183452989565
4763123,1157215,619.7232051722565
4763124,100724,584.161028626949
4763125,1167392,585.5867081632659
4763126,1388148,798.9688304059991
4763127,428197,104.96168228101632
4763128,1612975,606.5640739358834
4763129,403067,791.4809654804363
4763130,1110072,365.0154466668483
4763131,241549,428.17388717281636
4763132,1228566,362.3069577797978
4763133,1090839,138.24721581487321
4763134,913418,442.12132887107424
4763135,658710,282.9968279094025
4763136,1134298,346.81630654677264
4763137,1629970,839.9625846547368
4763138,435810,477.64739778765573
4763139,1434707,33.01496665232895
4763140,83071,249.7502280021866
4763141,14004,444.6599574289538
4763142,1368125,208.95064360089367
4763143,554486,748.1185076905122
4763144,727535,529.2495571521766
4763145,1183390,50.769368959342366
4763146,1051952,870.4174657494171
4763147,1157099,214.58021573469898
4763148,1795700,455.67305366738555
4763149,839021,316.65315582416866
4763150,1567290,496.5331391344715
4763151,1257465,941.9849782075589
4763152,19061,524.2876424164452
4763153,1271573,730.192557490765
4763154,600586,884.6022050523744
4763155,18621,30.019086330569266
4763156,278100,215.3721943894321
4763157,1823038,823.2046160788515
4763158,1368063,905.5818537512641
4763159,1978380,776.1504850638894
4763160,1071666,558.7725954913363
4763161,845697,701.6017640814646
4763162,1164146,507.09975315542977
4763163,152756,48.89211550898065
4763164,1098649,49.27257372044613
4763165,1228589,209.83397548454798
4763166,1104512,137.46081355446992
4763167,547076,468.40068647482224
4763168,1469468,151.0598322305021
4763169,1682474,403.3408030916259
4763170,1714965,231.12560139856674
4763171,1620289,562.5841521143116
4763172,488879,593.8936681608844
4763173,509593,696.0517871726876
4763174,1126618,233.22935409266898
4763175,1724757,244.1271488994383
4763176,552544,548.6921152340971
4763177,1836961,402.6446677376734
4763178,1118640,109.75927388113294
4763179,1575574,94.77841687419864
4763180,733267,614.1399841404825
4763181,271286,850.0771183623805
4763182,1123443,198.11989082933056
4763183,818777,773.8228600500746
4763184,1495062,34.02377639107124
4763185,341717,372.97342923072677
4763186,1229581,984.9491947228673
4763187,973192,326.58720640128547
4763188,1699340,823.2611306391376
4763189,583451,24.31584932959774
4763190,1523538,510.92152645554955
4763191,1510711,395.90574357720567
4763192,667986,31.390308224735207
4763193,1836191,610.8093713565858
4763194,805348,690.3055935006707
4763195,1478572,699.8964054821786
4763196,1659740,704.2817506014293
4763197,687145,246.74671869319133
4763198,1987981,195.60164667552903
4763199,1364299,614.387955347691
4763200,1748727,464.74015420463934
4763201,1266179,665.0835328580417
4763202,1083552,844.2959607620812
4763203,1563361,102.87836635471737
4763204,1154557,36.267281086650115
4763205,313647,132.96899393197037
4763206,1312743,924.9772935960679
4763207,545961,32.818774438583496
4763208,1898537,185.49522753276315
4763209,1598446,157.30884439648185
4763210,84227,168.9424437060828
4763211,291063,508.3800810281186
4763212,242309,98.82712461542941
4763213,284157,411.6267628426875
4763214,226382,289.19260543743377
4763215,1483979,885.5016490011332
4763216,729389,933.2542840662475
4763217,1914000,972.9242996956467
4763218,513118,525.7952000423135
4763219,1964938,755.0590535801607
4763220,1105548,726.5019794267834
4763221,1002655,655.4669368861952
4763222,99082,547.9722330695331
4763223,701569,576.0077984896252
4763224,1128657,351.1659797783683
4763225,1880449,783.6146065961296
4763226,331167,725.745250762952
4763227,806316,567.2072253474712
4763228,256501,839.2845270351824
4763229,1474527,532.540945052436
4763230,746492,81.00429183578251
4763231,1863657,529.8485801958939
4763232,1992679,920.8358129823197
4763233,1600170,518.7474949834024
4763234,1858345,501.87259555061416
4763235,1673130,808.4401320039815
4763236,646122,927.8971472533352
4763237,419748,573.3117323931721
4763238,1380731,834.889790875366
4763239,52812,899.0481184405918
4763240,1793880,317.65035334154976
4763241,429593,232.06533360013114
4763242,960522,307.02321855363857
4763243,685534,791.486823927526
4763244,896905,787.8225713582774
4763245,832393,124.62572450908327
4763246,461385,800.3747609614696
4763247,364341,17.366334239356295
4763248,1236874,984.6796610192549
4763249,1166956,191.63687964171584
4763250,110964,395.7641028982224
4763251,929763,266.58230856699817
4763252,1024650,412.4760841374376
4763253,758509,232.20714414694243
4763254,111875,328.5364216319431
4763255,474205,280.98752826386806
4763256,517197,728.4492270072486
4763257,1245279,648.6927263367331
4763258,372986,558.4852383555149
4763259,565482,136.1709607237246
4763260,1373634,420.36465872333764
4763261,1009323,868.7397640071867
4763262,281382,27.911375599679488
4763263,1364120,90.9756412358821
4763264,679606,537.0689175710058
4763265,875127,344.1975248587211
4763266,217989,4.434080086140324
4763267,266924,809.0819405509922
4763268,975127,238.57788092845433
4763269,785046,260.8593933462302
4763270,553685,535.3274815667602
4763271,827465,446.52591030753297
4763272,250672,824.3692242928686
4763273,864413,659.273382809623
4763274,136089,576.774501944868
4763275,964040,806.0290825480608
4763276,1258384,689.0188686192031
4763277,1941841,510.98443974666907
4763278,791159,598.8822297518576
4763279,265086,721.6553347301734
4763280,915347,177.02093189813962
4763281,1383505,24.626038454861444
4763282,1033504,301.89323700336377
4763283,531765,518.0230664524497
4763284,1741102,266.90641714874465
4763285,1562997,150.02398205271504
4763286,1804552,260.0192359692592
4763287,123555,729.1023873176272
4763288,514863,777.2036535046097
4763289,154528,616.138521481239
4763290,749675,678.5220981099401
4763291,1668704,396.34345915409654
4763292,780291,821.7930969007128
4763293,230492,371.8389430640988
4763294,1979319,858.2788331441778
4763295,739,435.49627004715086
4763296,209229,364.4323095725153
4763297,1011928,989.3477177808454
4763298,1722286,52.22630752579194
4763299,322075,42.18228756934983
4763300,224131,952.7263900506251
4763301,1712312,594.114525996304
4763302,561566,619.1882865223205
4763303,1992104,73.19653093074274
4763304,541540,663.386224377965
4763305,530125,160.54004562649715
4763306,1594210,498.03682760399823
4763307,391562,847.6071353748545
4763308,1054706,916.9877840333271
4763309,1887768,706.2519866550585
4763310,151951,190.52825027575037
4763311,12335,663.1874233882064
4763312,1614476,720.3891748590862
4763313,519761,161.76410004141417
4763314,990774,750.9087058810172
4763315,1021989,799.570760032727
4763316,1107411,248.33866698779494
4763317,1870808,80.79894115321828
4763318,826528,408.59255705008144
4763319,699246,814.923909698159
4763320,419626,314.0743902734762
4763321,1286084,281.460674123842
4763322,1215329,566.179357974106
4763323,1524655,299.55956220463855
4763324,1832500,672.4957440355378
4763325,1701267,905.5479260603165
4763326,780803,922.0171319997362
4763327,1694993,461.35166633828794
4763328,1706120,915.4039301106363
4763329,282055,639.0149927576011
4763330,1999709,587.8713652612562
4763331,489174,467.5799070515083
4763332,796305,411.83141839318847
4763333,696380,644.817407993735
4763334,1004164,275.46540188201806
4763335,1477004,906.8401961337734
4763336,1157395,625.3793530393972
4763337,701594,842.6333895739403
4763338,1079461,161.95523174906356
4763339,1407709,230.13297235664209
4763340,1424924,600.7997835654427
4763341,1442995,377.375133100034
4763342,1198379,576.8597699492295
4763343,440844,303.5083308436223
4763344,1168511,751.4578635243297
4763345,351069,612.4169003962297
4763346,1347791,592.7818502929146
4763347,1025957,14.32118599138754
4763348,685391,248.45917699764897
4763349,729264,685.9747667204692
4763350,1584242,832.6872884199973
4763351,1455757,476.244537898337
4763352,1170151,965.7575007833941
4763353,1695414,584.364615267654
4763354,915540,109.9466894658322
4763355,281529,37.75423764691044
4763356,1360687,274.50037368263804
4763357,1683225,870.8794288366237
4763358,1149818,69.39701838058576
4763359,1828796,68.8551776743248
4763360,332495,435.2816946972461
4763361,1712852,437.3656319231682
4763362,1058400,138.556654176339
4763363,529925,437.7899458386728
4763364,994933,719.5704606317088
4763365,1655633,198.410005127989
4763366,277418,231.88246272800518
4763367,959196,991.3593969722339
4763368,1361415,176.91776301651507
4763369,1656995,277.81491091749257
4763370,1766652,447.3625439155304
4763371,786348,837.8912342902364
4763372,1916692,631.304748590264
4763373,1361151,15.938194591224919
4763374,370649,37.9589751219207
4763375,207986,232.29787523315593
4763376,1437765,210.22630958916645
4763377,1368823,821.5064971402572
4763378,72582,420.277799888773
4763379,1855672,35.11908483129533
4763380,1948145,156.53474081531516
4763381,1629002,833.958193060145
4763382,1404766,461.6975691587
4763383,207671,92.67387542014171
4763384,1757722,20.601918263879583
4763385,963547,975.279737294274
4763386,202278,883.1036954970699
4763387,1342391,606.4739135516013
4763388,1570126,16.012343241662563
4763389,1587754,365.07103227048157
4763390,1679323,83.66731763599466
4763391,480045,352.8365506727642
4763392,1919310,637.7953247927558
4763393,1964762,293.61435776902687
4763394,685035,950.4086601971451
4763395,1647323,166.95456972856348
4763396,503933,202.54326592249816
4763397,1360801,378.8640927463348
4763398,1824063,96.55870005241118
4763399,993608,563.607665274098
4763400,618700,172.02721026715452
4763401,1287368,244.15783957930103
4763402,1383877,513.511127903934
4763403,1459913,592.540030108125
4763404,1325913,721.513237821207
4763405,91933,597.6127666623981
4763406,1344771,802.473747121394
4763407,278942,201.96183197431517
4763408,1241153,119.78688950276673
4763409,1011540,279.5469414613102
4763410,1133826,425.21037708413024
4763411,711759,520.5119525475752
4763412,1064738,310.47161200045235
4763413,352303,181.9518764325534
4763414,1496301,96.80273699441844
4763415,1797276,923.1894375975547
4763416,1259790,7.450774765105028
4763417,1511686,859.0706312032157
4763418,799699,522.4653414602708
4763419,772295,742.4936832046416
4763420,1363809,706.1017593734682
4763421,668483,619.9174451366968
4763422,518629,979.2900834033156
4763423,1082113,639.8424134046994
4763424,134157,657.4359711456043
4763425,684571,867.8324009665215
4763426,843983,840.6707241294033
4763427,969718,539.5114790560767
4763428,921061,556.1622191361311
4763429,906464,593.6555204985002
4763430,248451,645.6128935216451
4763431,1357269,319.59408718233783
4763432,1665000,75.95402256558582
4763433,159491,303.1508882782503
4763434,1089060,397.95420930022283
4763435,1266572,961.0111300482471
4763436,117296,739.9828893428041
4763437,1515315,177.814088070253
4763438,1181822,465.4562934475405
4763439,746852,185.51844822679476
4763440,650015,901.5902655355872
4763441,1109128,641.8192347962541
4763442,1215518,26.721481555860404
4763443,964022,746.9959814794754
4763444,931742,2.9993484557019334
4763445,1951493,650.7207380995237
4763446,1050133,782.5613810457384
4763447,1567153,416.14068543746805
4763448,1355352,663.5634388316779
4763449,270645,418.7305626697364
4763450,1085300,962.4810025470349
4763451,1365125,1.3565036588388812
4763452,304621,729.7677298785043
4763453,1211013,849.4620728577124
4763454,1292940,567.0533572939601
4763455,1922181,535.0287830365147
4763456,960263,262.01673866157546
4763457,1441806,47.72683502149378
4763458,1523950,849.9611221868049
4763459,1824019,321.08412999734327
4763460,25737,106.29716636107678
4763461,94770,646.536050523058
4763462,519101,924.4794480454917
4763463,937366,208.1869208995475
4763464,1923794,419.7604425651286
4763465,569141,8.848794482209765
4763466,1511179,98.00915351620243
4763467,1693619,324.0329698785639
4763468,1849175,939.9606775703584
4763469,524522,888.8344859338866
4763470,597539,339.3451675866713
4763471,361901,433.9417440346578
4763472,448764,276.52675240571324
4763473,176402,841.0245899366324
4763474,1476633,151.63416643425043
4763475,1648293,449.3057470422085
4763476,329703,541.7041120822801
4763477,975937,279.0795897872188
4763478,110832,352.9654022036996
4763479,338376,600.661589323626
4763480,1359771,21.119877999692505
4763481,1753545,557.554565174522
4763482,1351395,609.5641166971936
4763483,1368748,710.7583719516531
4763484,116541,818.3803450515363
4763485,642486,318.69459414235223
4763486,1415276,627.5042040142208
4763487,197063,302.5753526750642
4763488,1420860,393.78135723002936
4763489,189384,141.96839627776282
4763490,729830,551.0121712533582
4763491,836795,809.9702948912109
4763492,697613,57.2488701151741
4763493,1097151,138.28534449457652
4763494,1902267,365.35861862452504
4763495,1109882,9.523081255428
4763496,1182423,358.9037293309157
4763497,768357,596.6701046453803
4763498,121694,432.39315697819615
4763499,1494922,149.06885286868666
4763500,836728,607.3670451525393
4763501,1298385,356.7980145063469
4763502,891103,487.69565703423535
4763503,30091,514.5611613259836
4763504,950160,399.9132410972004
4763505,300145,758.0918792666685
4763506,981394,450.20505161405544
4763507,954064,520.2079225047876
4763508,1928097,865.7686873498269
4763509,1529741,335.8507757778313
4763510,605237,324.78827914783284
4763511,459444,435.34206717088875
4763512,158788,510.97370908856544
4763513,1556488,156.66555925738868
4763514,1389417,105.87843664979214
4763515,1255189,542.3186256552361
4763516,1124548,375.2440207793613
4763517,1009379,956.8876635216071
4763518,1622710,693.7376452862596
4763519,992007,464.46855223768233
4763520,1879944,616.8908494427507
4763521,857244,489.60488240946944
4763522,1495356,202.78550998011536
4763523,1131629,820.3278118560349
4763524,1975611,802.7467266579913
4763525,245487,81.60574536186438
4763526,1312459,943.7241203423985
4763527,276977,447.30181612817375
4763528,174300,916.4854557861928
4763529,1339781,168.50870548224117
4763530,883892,839.1537960658046
4763531,1783323,259.3315915337454
4763532,562115,236.18351423693983
4763533,294644,697.8965030181496
4763534,1332858,89.3997920142281
4763535,454940,250.7302944047316
4763536,553802,133.72613587332415
4763537,235460,593.5949295263036
4763538,1536424,870.5487366680832
4763539,652936,58.41525611653853
4763540,495997,201.44312477818715
4763541,26588,133.89835664224714
4763542,1666581,797.5106577526085
4763543,871445,973.9804088469867
4763544,686888,351.5238062833137
4763545,1735727,683.1813557400684
4763546,402025,372.16256182532106
4763547,690683,620.0255577968192
4763548,293216,507.30905916137704
4763549,1440428,430.80940544070245
4763550,235708,266.2355247753473
4763551,1849512,610.9778739863793
4763552,701108,656.2821995261722
4763553,996672,429.1052726171123
4763554,1892816,510.9388410400367
4763555,1386390,168.650190073111
4763556,1190140,47.99683680418898
4763557,18938,423.7752277819373
4763558,552693,289.85330648649096
4763559,1068485,173.76533087605884
4763560,1810499,406.82329440743933
4763561,709844,562.7780041484821
4763562,1400320,26.685268541536523
4763563,146509,869.4366917105237
4763564,1118812,853.0375289495303
4763565,512154,746.6102315112437
4763566,1178864,170.53717619754315
4763567,397063,912.3954798482382
4763568,1091051,946.1417093986782
4763569,774948,471.0720826838257
4763570,783589,549.5962243512757
4763571,1221900,835.0453032434184
4763572,540377,122.47574913701908
4763573,385907,318.45964712170706
4763574,1543126,201.38619316548235
4763575,262640,968.1757986349003
4763576,665644,779.0231603682436
4763577,1980593,649.4930939604096
4763578,512181,236.0312588438982
4763579,1770300,975.0256666706061
4763580,1415463,398.9605105112205
4763581,1001980,948.8999530339925
4763582,274654,156.86863539539652
4763583,1533935,727.506437315585
4763584,1375106,826.265491393596
4763585,235632,156.56476365870543
4763586,1182882,778.0731697506512
4763587,1895185,81.90180966435146
4763588,610528,935.1842312139648
4763589,734319,290.3742855671494
4763590,162651,712.4809184601795
4763591,867260,858.7263176258266
4763592,1859054,707.183678748249
4763593,266299,867.6251327602696
4763594,1985356,752.1286040950591
4763595,1779790,195.5731346791011
4763596,187463,272.54681846285325
4763597,1203987,37.94850633317848
4763598,1837029,414.3689026301247
4763599,1629019,578.3484134283716
4763600,454009,778.3923702978284
4763601,72666,837.8038776029366
4763602,1919651,420.57417524551346
4763603,1897371,755.157933317598
4763604,810966,337.1118706230195
4763605,753612,26.608121582017862
4763606,1263221,358.343637987922
4763607,953936,662.079377323364
4763608,1041805,432.3318500831228
4763609,1141527,647.6597485255854
4763610,568628,646.1798460564462
4763611,1179241,499.48163028165584
4763612,1405101,607.6429445010955
4763613,694427,111.55958363370011
4763614,1811256,400.6392638391273
4763615,801504,355.0202297924844
4763616,1867750,948.9608312147136
4763617,1335735,683.6083920828465
4763618,250778,170.03366037971867
4763619,1255212,135.93153338836183
4763620,74456,525.1393492593519
4763621,1592764,452.7449213811245
4763622,611360,808.7397501132282
4763623,164417,885.9076014144017
4763624,588970,774.8980733161555
4763625,1363932,464.9767226027879
4763626,1014323,36.710811598017926
4763627,44312,45.06605876962677
4763628,908585,342.25797227128595
4763629,1513251,141.44168134456504
4763630,1972730,67.91170259175472
4763631,1784877,233.48574481807793
4763632,1566396,372.48938033150057
4763633,1606632,360.9839461627061
4763634,712905,989.6850269174964
4763635,1264207,446.3262462856828
4763636,449000,960.5056121280835
4763637,1563657,154.4933412505557
4763638,1885778,255.10325378895493
4763639,532825,95.06776288651353
4763640,827272,818.5942316063777
4763641,338548,59.988309012300014
4763642,1410802,207.6146620334204
4763643,1343022,475.3690403639317
4763644,1100254,496.5957342791014
4763645,1937167,346.7277172097208
4763646,46336,439.255711713515
4763647,1232381,967.6935748037193
4763648,1000633,919.9699017226808
4763649,885027,115.94512639504883
4763650,904680,37.93165140720056
4763651,768700,743.0351261642224
4763652,1519005,107.01504720062272
4763653,364516,876.2447479959158
4763654,1801743,500.43647738577147
4763655,578384,816.777422474468
4763656,268536,10.811425618512672
4763657,502512,373.7771873912912
4763658,194459,920.8182737491546
4763659,997970,229.4744000221115
4763660,1667189,621.9775756852858
4763661,350478,639.914549681861
4763662,472078,483.23719885766405
4763663,1198017,524.971403355453
4763664,1269033,162.46275778286656
4763665,1477555,75.94267171016655
4763666,896011,891.8087378883492
4763667,1669979,164.12632229107217
4763668,1723744,521.1297211138988
4763669,1720745,319.6369494986634
4763670,324012,565.5871364613876
4763671,1240333,460.2496673501922
4763672,1172748,692.1527994101355
4763673,1560147,307.98226971090645
4763674,917124,364.7741508761607
4763675,1574546,516.8098611251429
4763676,313170,200.80206013360592
4763677,376852,509.6125708523288
4763678,432959,525.9853192971301
4763679,1586464,990.560221131343
4763680,851513,783.0168240700043
4763681,243158,97.59187836137573
4763682,654939,863.133554104265
4763683,1601349,556.72938517749
4763684,474359,473.14678541785094
4763685,1820591,29.070327741349654
4763686,469130,301.23484299022255
4763687,75225,589.3498242402022
4763688,865506,593.0786552684992
4763689,1659814,488.63254211592346
4763690,1775151,540.1208338301938
4763691,839158,669.661455489713
4763692,627002,69.15814093303263
4763693,723981,617.7010241592691
4763694,1804613,979.2805179482377
4763695,1757063,109.35697886065066
4763696,339322,167.57238585203328
4763697,519322,744.2327529422462
4763698,1299981,568.8538749780016
4763699,693969,705.1773391216285
4763700,855909,679.9435370186999
4763701,1534130,279.4636570975388
4763702,314553,445.30331997859395
4763703,134672,115.14104378808642
4763704,390027,85.4814334381463
4763705,1813544,958.0298588241465
4763706,1714359,549.5735911427905
4763707,1510013,394.19179858650256
4763708,597096,917.7602802412401
4763709,924956,836.5282334305141
4763710,1965567,587.2374678779428
4763711,1090916,189.63140915299635
4763712,1577120,167.87975660016207
4763713,1402648,940.616002844026
4763714,939012,21.196365453226672
4763715,379194,865.3113384523932
4763716,1618697,255.55365211923808
4763717,969003,552.0276042080438
4763718,791782,137.51078256083792
4763719,1294658,186.9704256258924
4763720,926892,44.14808311309959
4763721,822569,592.9862470450985
4763722,1968970,386.5192197729437
4763723,839520,58.14088845954502
4763724,1171569,886.7382170251879
4763725,1346055,592.8262839019395
4763726,958930,113.05887285829841
4763727,1931780,189.76352634883997
4763728,1460447,517.3313360661533
4763729,1149535,116.84929615062123
4763730,804785,700.8750354730528
4763731,1816509,109.27115072928717
4763732,1630089,542.7987569298042
4763733,837253,855.6778076044533
4763734,112734,324.35543702500047
4763735,1971039,851.273141583337
4763736,547853,810.0293529240081
4763737,1979213,870.3101378951962
4763738,1633137,0.7442282654953614
4763739,72538,632.4582347768716
4763740,1298878,492.99708529614526
4763741,1158243,491.258108368623
4763742,1020833,705.1512505058656
4763743,700365,728.9781855975951
4763744,1655356,861.2156200250752
4763745,142015,672.9592169556424
4763746,1834288,129.5243812324176
4763747,1836623,342.79061107012564
4763748,361154,28.10032069014334
4763749,629023,795.2676429553732
4763750,1603270,467.1277457129304
4763751,858570,638.7518281483227
4763752,863496,501.50510719515574
4763753,721268,344.6121461897277
4763754,1318425,844.0201522922747
4763755,1269532,534.8929798512632
4763756,241021,78.84357967374368
4763757,192379,539.0618000720376
4763758,259161,53.459514512729896
4763759,1345175,252.11915836892683
4763760,1722314,542.7792855196859
4763761,1329248,569.577500281341
4763762,1418850,147.61890855814175
4763763,1830587,30.8099944128557
4763764,1651258,755.8480201088189
4763765,1528744,884.3503296357902
4763766,1116632,706.8166652631372
4763767,1930978,208.1076140985375
4763768,1733288,581.0463202981391
4763769,196878,962.128182371466
4763770,1796989,350.8381453683783
4763771,1506331,982.8531373127275
4763772,1126867,575.9715680118944
4763773,1981523,321.1251910215544
4763774,397731,563.8439147960887
4763775,462279,524.5926190676494
4763776,1740210,410.2553012818519
4763777,113636,629.1635565760203
4763778,1908713,841.7383963408664
4763779,1886435,915.54539789634
4763780,1549573,810.1872949971067
4763781,833802,509.2022117649916
4763782,1888242,834.1739518871242
4763783,1019573,79.64374087077842
4763784,1752357,125.73573795781311
4763785,187491,795.5739227571205
4763786,1183602,258.61576606535965
4763787,1047383,191.32714518009797
4763788,1154791,325.7012214666296
4763789,26706,552.5742016106462
4763790,1237681,949.1466719179701
4763791,243020,652.0933650607268
4763792,1019170,284.2602820497306
4763793,1357347,524.8887713250849
4763794,1602735,265.65004233186227
4763795,1669099,205.39735884971222
4763796,1974170,763.671880495184
4763797,200939,419.36994823480353
4763798,1653621,354.7675434126214
4763799,1630566,13.782837844255713
4763800,874316,398.4205618243194
4763801,935187,950.634335738909
4763802,1159913,696.8488896876144
4763803,922077,803.5265840854523
4763804,757394,801.6615964983408
4763805,1548113,514.9470646527592
4763806,646313,927.1481424128042
4763807,404725,894.2814566138255
4763808,1666412,784.2371036121149
4763809,1306494,32.44609448172731
4763810,1242585,733.6856132777972
4763811,423050,640.2311262083987
4763812,720655,363.3331544379471
4763813,1803186,45.41958811393376
4763814,741111,24.147834499565036
4763815,1706408,699.0889595856128
4763816,1479807,899.7749942614208
4763817,1184763,899.9654621407484
4763818,1032369,478.4759814660954
4763819,642256,157.2621470864799
4763820,435808,542.0030985190938
4763821,113869,674.3590126645232
4763822,268222,211.41094566587205
4763823,441007,256.7586648305288
4763824,1969176,432.1594507303733
4763825,201745,980.1693877029469
4763826,1083372,264.8471330035758
4763827,1990510,663.7840046783306
4763828,204365,729.3326947830437
4763829,854882,476.7887976690446
4763830,1195622,551.8324705523464
4763831,1361651,605.6491352409761
4763832,1103151,835.3778770089632
4763833,651312,305.2194929098598
4763834,1136100,971.7792597142361
4763835,1825864,962.485296197798
4763836,282374,392.17471539942215
4763837,1924179,217.724753098251
4763838,1293983,719.7642329220702
4763839,1488799,411.39313720875003
4763840,1083587,994.5050809249999
4763841,1198603,894.9142592896089
4763842,464645,875.1948435245239
4763843,335853,632.3513794790368
4763844,1696368,826.6480844044268
4763845,957933,461.45879219104427
4763846,1667737,892.6727444263026
4763847,1318154,913.8542192777043
4763848,951210,872.5220189311768
4763849,435752,612.0705182021384
4763850,417267,549.5623624598063
4763851,1873532,105.19286840381925
4763852,156181,680.6278539703095
4763853,515525,70.18051107224998
4763854,1229835,629.6232702282161
4763855,508343,105.66137463594949
4763856,108473,738.8932296838609
4763857,1234409,240.21022628409173
4763858,457221,819.3372038590492
4763859,734585,433.4801775169469
4763860,1887223,177.70348835504302
4763861,1743104,800.0914403986186
4763862,941243,164.81604825655515
4763863,1765136,478.6495061504761
4763864,1497252,267.885306407446
4763865,548470,321.793828433803
4763866,379289,944.3681042033014
4763867,1660531,56.52933249058123
4763868,777367,272.02557120417737
4763869,1167051,678.3644233973512
4763870,252004,819.7760405997267
4763871,1824396,671.0827350264449
4763872,1277268,876.9524502477932
4763873,16396,101.60156195568516
4763874,1437514,437.27866806665315
4763875,103727,405.5773846990435
4763876,327836,352.7519559787843
4763877,120762,39.3608778627631
4763878,363162,393.99018426125696
4763879,914274,835.2869206191344
4763880,1467675,687.2458539957724
4763881,1261248,278.27494907872807
4763882,1655777,725.1903858948536
4763883,1682900,904.5885154666499
4763884,784294,482.95341715540565
4763885,528321,553.7028650536363
4763886,1605085,385.4180583277651
4763887,120339,966.392053488379
4763888,146474,869.5735682616405
4763889,893524,56.363404023006105
4763890,1178365,536.7505499125631
4763891,470578,610.972019554143
4763892,1948423,577.655400613155
4763893,561064,143.36631602454165
4763894,1303001,454.2896024818797
4763895,1296210,541.587612902568
4763896,250799,65.17739036287907
4763897,1775423,227.4819629469601
4763898,192509,87.18358696772144
4763899,925090,824.259638338825
4763900,1431031,286.17187261624156
4763901,303252,198.24516788240032
4763902,1689758,182.9108275029686
4763903,137641,472.61580900497324
4763904,653414,512.6187339065657
4763905,68715,602.1721298104018
4763906,419000,665.7185936356474
4763907,178299,713.3101904417056
4763908,1862219,223.08390891844942
4763909,408878,511.08866213996896
4763910,1834576,51.030336027900745
4763911,48046,358.54574697205476
4763912,1792426,196.4119662304532
4763913,926125,911.7463454152079
4763914,952565,286.49847504354807
4763915,300913,250.18502937464538
4763916,443597,720.2705559984186
4763917,1356172,330.6810944250803
4763918,1208926,601.2579372791644
4763919,1102021,215.15153610773552
4763920,1389933,619.6409953267868
4763921,1309252,586.6103040151573
4763922,419363,536.6081690983242
4763923,630987,494.54865510120726
4763924,1150980,130.45169851679395
4763925,169288,473.90710879093325
4763926,821410,317.1953265805888
4763927,1582789,238.0316931110914
4763928,1874873,156.70804446546416
4763929,401105,722.2445148921248
4763930,1261560,231.23084046438157
4763931,494496,246.90617319682008
4763932,957550,172.28523893548052
4763933,1207995,754.248412580147
4763934,871840,605.1558975996478
4763935,1151670,670.013710057311
4763936,750193,774.4953865664833
4763937,888086,814.1952332969706
4763938,127284,588.1095789630496
4763939,1521434,130.89992438976762
4763940,1396934,525.9687374654122
4763941,1388098,690.0706733706271
4763942,467910,282.11872355730014
4763943,1411348,727.6074534089516
4763944,576278,391.5289350344434
4763945,765882,956.6782278570543
4763946,1945955,664.5145650409484
4763947,28340,291.64637887428825
4763948,1465278,491.69291791794643
4763949,1895341,320.98490842646754
4763950,1542282,123.58596455334236
4763951,680579,432.7428568506905
4763952,1034364,401.9770612062503
4763953,1671044,829.1625758665506
4763954,170553,462.0304781743634
4763955,1911325,922.4957307419655
4763956,1399480,641.0145622738092
4763957,1596608,997.307928065596
4763958,1886145,687.346269414275
4763959,1117679,740.1841073032975
4763960,83518,430.0512261084277
4763961,152269,62.98288595777801
4763962,744101,374.03196404841424
4763963,379559,260.42614071775074
4763964,1756370,402.80786475160824
4763965,1856151,278.03178991312603
4763966,207493,114.08738166771603
4763967,1782385,368.2164529155417
4763968,984266,30.602290991510237
4763969,1344453,109.98344715115593
4763970,483220,148.7177686681561
4763971,781503,984.9782435549124
4763972,1169964,776.1012878171535
4763973,1918898,513.5093069418774
4763974,33492,175.49554339428664
4763975,1861059,180.50255536290817
4763976,1463140,246.40476673514678
4763977,1078702,494.08966840711275
4763978,175800,695.3508888595159
4763979,297145,64.28107324200427
4763980,868487,383.51823043979937
4763981,1266972,993.5397126202614
4763982,752705,348.77755637291676
4763983,1085011,102.25464072573031
4763984,1022640,729.2079108627411
4763985,437713,542.1161609375941
4763986,510913,125.65332295835286
4763987,195923,702.4398122572428
4763988,1661697,953.7607853083467
4763989,493896,855.259828931579
4763990,1164272,616.2601500676834
4763991,1060073,239.92223205107487
4763992,1357697,178.3148629005854
4763993,1363547,173.92751707788756
4763994,718511,613.186116651802
4763995,324759,458.69334281196626
4763996,1077110,479.74186884731495
4763997,1952968,628.7139505952301
4763998,1132338,425.94559573377643
4763999,989972,437.923517658289
4764000,1394982,590.2103684062619
4764001,1856114,816.4658322768987
4764002,265314,850.9462621954668
4764003,632443,726.5769307232599
4764004,1274456,129.35868121369742
4764005,1732288,244.54970105613006
4764006,507796,823.5771789130551
4764007,1943250,113.8307704813466
4764008,1197957,6.610976381108635
4764009,496676,49.89282726429889
4764010,1151869,262.7179933298881
4764011,1158983,484.04858570237707
4764012,1422446,207.41663205523565
4764013,1021434,840.356305808587
4764014,1162893,865.8677594926834
4764015,598659,165.12011442138984
4764016,1879477,960.7341825799074
4764017,840356,888.4768837199018
4764018,1225455,778.0888432567467
4764019,21243,116.0745614068205
4764020,1828317,399.87827928476594
4764021,370115,222.74115840673824
4764022,32049,764.7100062749462
4764023,1024107,908.3202653670407
4764024,529206,397.9828605349464
4764025,291269,263.03841135093353
4764026,1921230,577.9891402427894
4764027,1412171,866.1625730593594
4764028,504548,54.638062912077515
4764029,929622,82.01050517572239
4764030,1628080,39.08993071254696
4764031,554337,245.8686171191633
4764032,1584897,561.0190310527029
4764033,1133573,92.48961627959218
4764034,1620347,508.8129536704914
4764035,1902580,929.1921211181334
4764036,226691,809.1083969385218
4764037,563270,504.1841832324817
4764038,847010,43.897899703795986
4764039,275482,641.7787570273098
4764040,1163085,988.8507830966049
4764041,179778,543.0102011205989
4764042,983782,217.17740346206637
4764043,590881,131.31621470389265
4764044,1018819,944.9309722812876
4764045,1204195,433.92601026770416
4764046,367575,744.2187927374039
4764047,897795,747.5226742215243
4764048,1809608,643.702391612196
4764049,1473351,655.5744573800785
4764050,1140450,175.41794020641044
4764051,1200977,513.2095411017366
4764052,684142,80.07250556156609
4764053,5487,874.988651489839
4764054,706908,411.78046001219747
4764055,1732407,774.9846786282527
4764056,33511,860.8057493298681
4764057,557025,307.495688358417
4764058,527672,570.1635179075952
4764059,903188,599.5960508138286
4764060,1536796,665.4099193698376
4764061,1715852,588.660537986437
4764062,1315044,600.6642223635386
4764063,653696,309.2666735515731
4764064,924103,803.9520727439676
4764065,1962523,201.7107447740113
4764066,1761414,724.7475581935752
4764067,1252608,228.7976492027828
4764068,1333413,700.9504867091952
4764069,1858823,489.0809483683861
4764070,1974114,192.48682655409544
4764071,1983,2.729949172851298
4764072,1599620,922.2963768225076
4764073,633203,213.63363858421502
4764074,1856950,358.92799399034305
4764075,332521,271.55178929692056
4764076,1067309,136.13045916901146
4764077,60876,796.6426021658325
4764078,585131,765.9969313970875
4764079,1221106,802.0500233672242
4764080,310008,689.7317228863762
4764081,246108,533.9080701830164
4764082,1266243,946.1827967786281
4764083,1134757,797.9810457701069
4764084,304523,379.7692593674005
4764085,1342150,915.0161718803561
4764086,339881,209.16581658621502
4764087,104920,81.28930535313872
4764088,377820,724.3830378808808
4764089,1300775,980.7536984893866
4764090,1613711,363.4816156818582
4764091,854073,336.74879264040624
4764092,1134542,543.0561830210039
4764093,1677772,54.28597155227788
4764094,262443,113.45647699855543
4764095,1370838,104.31859284502298
4764096,177913,890.646448618564
4764097,512672,712.8774546220977
4764098,784472,462.9885849733371
4764099,343524,702.5265539977686
4764100,1118285,968.820195623473
4764101,1728429,470.50535924217763
4764102,1055362,564.0416449537536
4764103,786548,911.185744976965
4764104,1284176,909.0029427194511
4764105,1781297,309.9598104514394
4764106,1068834,936.1776408736503
4764107,1207755,8.358687242251083
4764108,1240838,730.9851716707778
4764109,1155507,666.4185349311862
4764110,771349,861.2481895190347
4764111,1455456,793.7642401008031
4764112,596423,24.660805387177852
4764113,1886414,846.80877431526
4764114,1266122,241.47413779724934
4764115,1195349,345.15772590684
4764116,1722678,159.11650114791908
4764117,980993,461.13315283785437
4764118,959627,176.52941989215697
4764119,1911641,594.4076742717954
4764120,1797603,478.26115331895403
4764121,1462943,120.06464508560666
4764122,303540,8.004388553886965
4764123,147766,856.122315989264
4764124,512942,730.5873093876419
4764125,853054,34.83867016774889
4764126,78126,156.0743015900735
4764127,1232650,470.1533550635246
4764128,1145734,238.13311981023966
4764129,1672864,968.5447790087478
4764130,571155,925.037448148246
4764131,1862956,432.73196498612856
4764132,1442496,251.6471933513057
4764133,1343091,433.7059762820895
4764134,99952,352.72895785833714
4764135,334395,672.2819121219001
4764136,999322,570.5992090131894
4764137,573375,254.0220333853288
4764138,1144886,303.1550770645467
4764139,1058575,251.84894431510264
4764140,572995,912.7298745791526
4764141,588422,187.26009072392046
4764142,1972967,605.4061599679052
4764143,1405537,486.4090865455921
4764144,1782752,92.20273224273889
4764145,1613573,127.94601847940402
4764146,1005566,281.91569985298105
4764147,444397,303.63005514263
4764148,1847906,507.92489492621615
4764149,357581,572.4891393494119
4764150,1958019,418.4964216621058
4764151,111486,44.58033713006782
4764152,41541,166.0607273627789
4764153,1288896,48.666036438782314
4764154,1894871,788.832211606256
4764155,1605343,680.1433533229076
4764156,258872,794.9849062362271
4764157,446785,356.62861877399024
4764158,1846596,174.5401990191906
4764159,1268595,926.4212328055866
4764160,26176,701.3235018132848
4764161,36341,292.7717543559868
4764162,267313,327.19261847725323
4764163,534758,480.4506202990058
4764164,1055306,271.2586438485428
4764165,1865468,502.17603502889375
4764166,226892,358.5515510244087
4764167,1886869,950.5916608814567
4764168,1315296,747.3375567805915
4764169,1117624,313.87369869175683
4764170,760764,941.7227537111335
4764171,329155,364.46782704705504
4764172,1177987,7.388108729211917
4764173,406363,244.28473095142522
4764174,742742,26.621440778543892
4764175,816981,697.0503331622233
4764176,20901,685.0172882640115
4764177,899234,865.9271797569185
4764178,1039663,409.4801476315988
4764179,1279077,178.28972719092772
4764180,1881404,905.0228467790224
4764181,294116,782.1791502469823
4764182,1120636,785.892664531045
4764183,783440,846.2815430307783
4764184,109514,433.4095725013809
4764185,1480687,353.906149636811
4764186,1492002,594.9601175184887
4764187,26731,494.23453288615536
4764188,399725,192.93517417179595
4764189,1891485,279.3455818407552
4764190,1643339,741.7993600344188
4764191,1674963,488.2567412455282
4764192,1358165,365.7260617041821
4764193,1717077,795.698667807531
4764194,1868987,390.753488828265
4764195,166247,667.5299809265732
4764196,195100,903.2253906303408
4764197,1903828,532.9434623551866
4764198,874503,703.8798467586151
4764199,1110606,193.82885475542665
4764200,1408125,539.9932134504744
4764201,862585,199.56057547102301
4764202,1432022,934.6214571383734
4764203,1762611,681.4133709466038
4764204,1971508,935.0192027982891
4764205,1382384,719.7025272781457
4764206,1674316,801.3951648242007
4764207,1070231,789.9178965114604
4764208,609465,47.065298013981405
4764209,294338,489.27720608295346
4764210,810106,483.82192398266386
4764211,75992,310.33086321956506
4764212,1748583,565.5070459859442
4764213,166580,850.6351785693198
4764214,498947,286.5742139222232
4764215,1837437,288.6617332750527
4764216,1791510,180.2408289543328
4764217,1130508,504.096431457661
4764218,154833,641.3269837104334
4764219,1744243,731.5867602529089
4764220,965326,88.43650323494944
4764221,478777,343.1986026116174
4764222,340754,324.0499939853809
4764223,295821,567.7781080197373
4764224,1100487,694.8817159424451
4764225,1208939,696.5188345335513
4764226,495097,17.269740049761893
4764227,572208,195.1422176173093
4764228,1232033,219.39172414863594
4764229,1216728,218.4155730362243
4764230,522901,774.0903212021437
4764231,890024,492.49814243193055
4764232,265848,973.2283896035135
4764233,1437005,13.055537722501676
4764234,925191,810.7324343905021
4764235,1197504,425.7162187122393
4764236,881706,655.0447342590267
4764237,1901042,220.39971885172903
4764238,525174,973.9637730422501
4764239,516424,501.08595651836055
4764240,293092,861.7859267807687
4764241,1758616,807.3495969416068
4764242,80471,98.49455252666084
4764243,1477583,406.7856078669916
4764244,538551,205.06373004612433
4764245,1581584,170.94211440932162
4764246,1942066,503.00989737814336
4764247,956034,437.76030626506656
4764248,783885,448.1731006885167
4764249,541931,358.69808511161904
4764250,1780276,713.2371335963289
4764251,1171144,568.0626370835662
4764252,1905019,684.3615542106058
4764253,768034,741.2966794453926
4764254,765735,824.4102899522204
4764255,636140,691.4461208542959
4764256,6487,89.81712645840977
4764257,1671326,6.114884394409881
4764258,1432563,974.7739244596971
4764259,439669,735.5210191852802
4764260,164600,101.4472386967903
4764261,561265,120.79353192543807
4764262,1832384,44.46798308938904
4764263,482173,84.74742000338343
4764264,279790,147.97028477039197
4764265,55123,281.26444319532783
4764266,38250,712.713698230801
4764267,1694942,580.6700963070397
4764268,448941,431.1301807554916
4764269,625025,790.2975527861771
4764270,1785897,749.5281148847803
4764271,1284982,335.20340213555136
4764272,1488168,466.6651397048256
4764273,307892,205.36559863690317
4764274,1928630,515.729242702381
4764275,1127025,4.433198635147351
4764276,380831,926.7421787741262
4764277,650269,600.8126223266742
4764278,649758,362.81820833122424
4764279,1046597,255.75417595461315
4764280,175763,310.3940334456504
4764281,130195,802.0098396399338
4764282,482419,435.1436822363546
4764283,423360,88.54936137701507
4764284,1942650,602.2694549320961
4764285,307956,585.6005235630412
4764286,1114716,266.65183757385256
4764287,1571831,321.89814812010167
4764288,808935,848.7915736083415
4764289,130747,335.00661682373334
4764290,1863924,232.39796726581807
4764291,1844936,312.1589361649026
4764292,1548937,826.2634116493467
4764293,205838,395.8383762535289
4764294,1975935,569.8354004801456
4764295,226700,2.7872762246763383
4764296,209934,379.6012808281984
4764297,553378,642.5177195665412
4764298,1675866,95.71854254929623
4764299,739974,645.6831086493328
4764300,1235901,835.4567935626818
4764301,1753827,234.966053811007
4764302,595270,140.74645031216326
4764303,856914,899.4830167853835
4764304,1267060,575.2736593371661
4764305,249130,499.6607869948602
4764306,1014885,544.0367676830268
4764307,1434539,995.4371350235319
4764308,1349575,852.2318858095919
4764309,1765758,187.93867827276856
4764310,1010866,85.77174964586342
4764311,1219022,865.4817003550547
4764312,667561,566.9339263594584
4764313,515475,628.9597899494505
4764314,1509167,726.9937996255688
4764315,1649059,9.902278363454808
4764316,498336,862.2296108794044
4764317,291790,253.74844991766577
4764318,1837216,51.921397851467546
4764319,978454,750.1483910109167
4764320,1871568,283.8239601223775
4764321,1120012,713.3249050410219
4764322,543588,329.3300002990821
4764323,805507,3.0151727973749542
4764324,1591755,92.121609895504
4764325,1108633,875.6799330229389
4764326,907235,289.4933572198338
4764327,1902487,439.43844160310374
4764328,822749,468.2527044786783
4764329,156944,361.69304976283036
4764330,1773905,43.54594026676828
4764331,355049,518.2266455709139
4764332,1659742,96.45902008689544
4764333,716819,767.262619259378
4764334,1444267,707.6127865992105
4764335,3044,972.18491513116
4764336,1543458,446.6034610611376
4764337,1262918,169.46261845272926
4764338,1490193,155.6284460599565
4764339,1613498,259.0053503310965
4764340,1357895,527.3741875464614
4764341,1670759,460.24014634116105
4764342,550533,858.9601627004579
4764343,572763,397.2292944837863
4764344,1273524,231.30878267922304
4764345,374449,145.94766128211333
4764346,698238,859.6972538137846
4764347,600112,604.617597237144
4764348,73575,770.0730737360509
4764349,1126574,193.32858835321244
4764350,564544,795.8185228111882
4764351,1387036,552.8682122432901
4764352,1899970,393.07860452104705
4764353,622939,62.03147420828614
4764354,440856,445.6434567440967
4764355,304846,436.617048888781
4764356,1497941,492.07715417141964
4764357,431978,996.4637772096455
4764358,1160746,775.1985697804691
4764359,314336,497.04545783727184
4764360,538609,814.4784444364959
4764361,1512420,188.69877601285646
4764362,458066,793.7265899419367
4764363,1016635,887.3965218742384
4764364,1281729,182.01143863167724
4764365,1390211,987.2534323858115
4764366,1494586,325.6481270568845
4764367,1328124,159.86297385766923
4764368,1344940,269.1544295493078
4764369,655038,352.6163159919585
4764370,384668,467.8136323859634
4764371,1189034,876.0719534328701
4764372,564513,211.58335310980513
4764373,829178,67.82822135691646
4764374,1234995,747.3480642538656
4764375,1299315,91.18889326019818
4764376,4908,49.195341530724576
4764377,1064708,462.00021697942185
4764378,1816957,651.1963880085182
4764379,1408765,275.5123709714679
4764380,104055,916.878601023151
4764381,749508,357.8806092062242
4764382,775268,951.7343247190884
4764383,1379064,323.06641725100604
4764384,1121211,892.8908789900181
4764385,532909,478.82361137087
4764386,410463,449.7285743698567
4764387,247891,262.82784915326573
4764388,912674,41.25550457324189
4764389,299037,705.7355974854354
4764390,1586343,959.7425522735479
4764391,1022365,410.0218098872238
4764392,1972300,827.123296514304
4764393,1308483,723.3391272494532
4764394,1981416,377.51016603482634
4764395,1873762,930.4192089766663
4764396,1126247,428.89647819098144
4764397,310035,954.3735618797809
4764398,1415179,358.9561143083372
4764399,756123,350.2302382758122
4764400,1864011,821.9122590023229
4764401,1441203,905.567870320102
4764402,462915,876.8410000853169
4764403,1245833,873.410034245582
4764404,392043,587.6242651426817
4764405,866547,699.7985107543127
4764406,1628980,473.3059365807378
4764407,1752178,911.9875344535603
4764408,563690,519.5217993811832
4764409,741520,38.75015228380219
4764410,278832,747.2533639869824
4764411,149478,248.3825226522801
4764412,929815,193.21073797829825
4764413,278707,405.0403874460986
4764414,1245295,376.2305313093572
4764415,801260,285.0584775104363
4764416,237755,924.3750590852046
4764417,217093,569.420769646652
4764418,387719,138.49095071829754
4764419,1293226,745.1377615312274
4764420,929228,607.1673596533648
4764421,1627633,128.65565243814726
4764422,321325,598.1647496914843
4764423,542157,581.2956697109918
4764424,1444802,422.3733495792856
4764425,1188702,813.7841505592294
4764426,1567686,305.49153277452433
4764427,1775478,881.9890125363139
4764428,1549729,609.9764769546589
4764429,366064,211.20911180738045
4764430,72649,919.0318250858737
4764431,1340128,595.5882553471694
4764432,1221359,278.02694601118304
4764433,1991406,837.7933397250874
4764434,1832156,872.2848533820221
4764435,1015410,769.1241859563629
4764436,67600,331.14463800598736
4764437,1320443,608.0768152467068
4764438,1937309,241.46121648026153
4764439,1564389,115.52347038906996
4764440,1252291,366.26233754190173
4764441,1628637,795.32722392864
4764442,451270,253.69157478546566
4764443,1142313,470.1989292522437
4764444,875924,158.08887921268067
4764445,560980,955.5458706815662
4764446,70036,728.3326896070728
4764447,678221,258.39125943140596
4764448,660594,543.2740830827408
4764449,551079,328.90671863019503
4764450,1464715,397.5253999540254
4764451,849091,429.966495239395
4764452,25781,421.8647886408681
4764453,196334,433.1343421204181
4764454,1095852,100.41336689498814
4764455,723849,411.8428138943514
4764456,1499548,927.9690782149742
4764457,1016732,755.8345014967467
4764458,665085,225.20953149970134
4764459,232755,948.4333108299021
4764460,1583872,748.4378526473819
4764461,361752,444.6996934370987
4764462,100811,793.4699178140509
4764463,231492,286.4529734128116
4764464,1977407,197.35963779230582
4764465,54137,272.7405828619125
4764466,4620,380.72868177724405
4764467,1796058,748.7279287689264
4764468,907608,161.9942896085248
4764469,385695,936.4881308777248
4764470,261365,861.7176001571615
4764471,1232293,769.2229126230969
4764472,1193321,795.2091995025933
4764473,128766,913.6625316188513
4764474,1243861,212.4294220012195
4764475,1086808,126.5446876026829
4764476,898407,848.1474680166831
4764477,821532,953.766065253762
4764478,1397237,347.08115624306737
4764479,1865275,282.75620594528306
4764480,1581444,871.3981818289415
4764481,404880,837.6069762767355
4764482,170875,19.25804911105311
4764483,63778,452.95461677293025
4764484,1621334,917.0902549738086
4764485,879943,838.8785054803653
4764486,449130,601.3108997180084
4764487,1003145,978.562668089217
4764488,1650767,871.1309076074083
4764489,489218,987.960239931823
4764490,526980,173.43626661795153
4764491,410995,841.4044166891198
4764492,1585319,364.6424249152517
4764493,813278,523.7577558947177
4764494,255676,673.6256460994633
4764495,560309,581.6993225189618
4764496,460377,519.5629299014361
4764497,1140845,649.7455319239631
4764498,961455,145.97835031315842
4764499,1791598,276.73423905746773
4764500,1384255,75.3052135675164
4764501,993286,648.1526881780422
4764502,889853,414.0072323427361
4764503,166751,855.0209664731593
4764504,756405,129.82078649318098
4764505,556843,848.0437060244101
4764506,80015,413.05593607747085
4764507,77432,533.2980017873942
4764508,367272,938.0503692230836
4764509,480063,870.268231654016
4764510,1579816,155.91748988407693
4764511,236583,123.78482951131109
4764512,691664,959.5613925892662
4764513,651976,665.1796287805631
4764514,64529,752.554582297804
4764515,424162,452.99799243227824
4764516,1063100,744.0507097384561
4764517,638966,302.98918314413305
4764518,866320,438.19406447360734
4764519,600739,320.2839853821705
4764520,545204,803.2587501163608
4764521,440562,949.9447291541851
4764522,1725966,611.4390588124389
4764523,1081285,282.1634985268167
4764524,1223940,902.158185481729
4764525,1672930,346.9540350237408
4764526,118447,801.9605131975553
4764527,930210,816.146043117805
4764528,1636333,667.3763310441905
4764529,1703355,385.7526076045037
4764530,441513,461.3026741139112
4764531,279172,319.4165640922271
4764532,621345,128.6903277719267
4764533,1566179,793.9744214765328
4764534,595279,126.55602540991762
4764535,912521,353.958806651947
4764536,469656,719.0562577872475
4764537,1997307,917.0747803521214
4764538,1178762,758.544417425378
4764539,1395640,68.88440528820638
4764540,1859485,863.3225803572193
4764541,1246918,925.1032766602628
4764542,1014907,409.1449893536181
4764543,1903798,576.3305849544346
4764544,1433470,425.5189277485888
4764545,384809,664.3509924799623
4764546,315317,803.5360494443167
4764547,1717534,886.7554161409028
4764548,1194838,839.4474515739308
4764549,1766746,891.0963037057683
4764550,680994,587.2348707948746
4764551,1100151,396.86920618379975
4764552,1375104,12.901646762835783
4764553,417311,858.1213629685865
4764554,477562,230.1605799782055
4764555,1524295,672.1159505427555
4764556,99362,688.2793259176045
4764557,1833652,304.2503809715112
4764558,1874146,409.43028521998724
4764559,1160140,466.3836004271014
4764560,1674460,300.1180678851981
4764561,96086,187.1269597151448
4764562,1107248,39.82830551526606
4764563,129619,24.667420433430955
4764564,1337364,978.5135016212744
4764565,1833409,588.4222084335452
4764566,38957,291.78576476497
4764567,532023,496.14456436085953
4764568,172358,453.9178702397857
4764569,1371955,781.6653374499765
4764570,1748361,753.7219742082036
4764571,155728,787.1783070387596
4764572,566656,206.06866509772325
4764573,514922,60.05122359156323
4764574,982607,154.73604258569716
4764575,1036783,904.6958213754549
4764576,1944247,463.27824375653415
4764577,1371075,282.6064126272809
4764578,167888,132.38579698687514
4764579,782737,96.02567433964526
4764580,1249924,10.825000087110848
4764581,1151870,74.37198575011972
4764582,402654,222.71580588061514
4764583,1137604,166.61708489106798
4764584,408049,886.4726248755053
4764585,343924,183.41972880824932
4764586,1559996,543.7127958538061
4764587,929707,192.3818661892379
4764588,360391,573.5162862530033
4764589,1465154,29.65580418092506
4764590,777907,697.965328268771
4764591,486829,230.9985546855844
4764592,1807340,159.6978656059247
4764593,741801,438.1810651530825
4764594,1323626,440.18170532190516
4764595,1545226,204.30551446992672
4764596,1244437,495.16401845890135
4764597,393529,455.22152808625316
4764598,48942,910.2026204730643
4764599,59302,343.7834063384723
4764600,29687,603.2881709130269
4764601,1552515,838.214702732387
4764602,1304515,579.1462402464084
4764603,705749,70.20444923003765
4764604,1046519,570.2425254541258
4764605,293731,961.5747538865081
4764606,321241,969.280170255495
4764607,654217,356.70725525311053
4764608,1181397,813.2313967241503
4764609,1111696,685.6588519781805
4764610,1092121,421.1830067421561
4764611,921162,213.6206994459242
4764612,27357,550.0541647714748
4764613,1324528,292.02885091010467
4764614,150492,588.4101087010151
4764615,1726071,716.0813607271443
4764616,958866,564.8303384892844
4764617,1884335,489.1731180994745
4764618,281473,820.3786829401049
4764619,11913,833.7953183351497
4764620,63060,928.4901136929599
4764621,1220508,712.3723786402693
4764622,1241312,403.9743860294196
4764623,199563,836.309211656448
4764624,980386,683.3427674860257
4764625,1165350,924.449667438445
4764626,482660,543.2145025797664
4764627,1633057,48.44580410430055
4764628,649861,767.5294327977148
4764629,1539323,33.39299564945863
4764630,1452734,128.25794929576563
4764631,1490490,373.9648613734491
4764632,1582997,946.792978722781
4764633,13894,390.5602248118858
4764634,620475,36.47789362726472
4764635,1975900,610.525510015103
4764636,1380509,751.3331254566045
4764637,1129228,324.63490248437256
4764638,1195326,603.7782040031876
4764639,1142162,52.87573185214178
4764640,1636707,592.5666023124073
4764641,917163,951.1117851848021
4764642,308818,547.7870352560598
4764643,1303932,677.9826073601482
4764644,1343115,550.7627542180206
4764645,1014903,396.14353084051544
4764646,1281120,669.3184011240486
4764647,1285372,576.5173292353884
4764648,1363745,206.53240347034142
4764649,580985,330.2357571563892
4764650,384007,117.2521432150273
4764651,823168,537.5754098013197
4764652,679997,248.14547455035697
4764653,367181,236.57861900957167
4764654,1513360,496.8136806178388
4764655,992249,402.4692944468963
4764656,787785,68.1474789942883
4764657,1686047,977.6623618932163
4764658,134496,120.48287594422192
4764659,967399,796.6203522057638
4764660,1830887,303.0968233063526
4764661,1077015,171.2332638188495
4764662,1202891,468.7366573596362
4764663,378646,732.8423380899878
4764664,1367443,972.4703937494962
4764665,1431586,923.0574109440878
4764666,1916142,726.541399377532
4764667,867710,658.4983089323808
4764668,1551432,534.9702309589874
4764669,1240263,366.4561619003408
4764670,1936710,419.6755950652933
4764671,1556110,936.7816730301066
4764672,1359734,336.86784313968786
4764673,274162,631.479103626566
4764674,1233260,946.0055406409042
4764675,825911,135.87665129512595
4764676,1055985,319.2919166044361
4764677,434415,87.37869355044192
4764678,1922722,310.7662248426103
4764679,1929539,156.12816948648666
4764680,1908195,212.58921402868646
4764681,736943,1.7884601013321566
4764682,353136,920.2742364793621
4764683,932146,3.989444777364848
4764684,339111,442.8448734949242
4764685,1582177,922.8527578535643
4764686,1051048,384.0444200667641
4764687,844266,884.5984272583021
4764688,394950,802.8067526219021
4764689,1059084,590.0828458166328
4764690,1125548,654.8024411775722
4764691,790743,508.71470283057243
4764692,570913,992.643424014619
4764693,740683,674.6644857709701
4764694,1224556,119.3665451043312
4764695,1125014,519.6113832719209
4764696,1526403,318.35573996937427
4764697,364382,636.8176837377508
4764698,1128234,421.9408339711326
4764699,424164,827.6569321987283
4764700,249630,180.10782686389305
4764701,1565129,145.5074252491031
4764702,1501505,162.33805003635072
4764703,668927,691.5523031838355
4764704,1161474,413.2799707397533
4764705,162975,278.9075457288306
4764706,1783218,339.128449877706
4764707,1661317,993.3049843306162
4764708,1726751,377.1463060045754
4764709,650981,470.5234448065589
4764710,1368003,933.1035866643331
4764711,1399917,135.61719299864993
4764712,1591978,368.52366060362465
4764713,1191113,839.6929572985746
4764714,295313,31.22412885358361
4764715,1407885,182.7268331220878
4764716,1853397,528.1854212662374
4764717,812367,824.4629042215946
4764718,881846,195.28875203443275
4764719,348885,360.2603289479858
4764720,914404,827.0308223110256
4764721,693952,250.9527150469505
4764722,648009,636.6434825782118
4764723,635696,875.0737910184687
4764724,1006692,655.2504347358182
4764725,719129,635.3736802514459
4764726,458078,363.39848229017866
4764727,709750,955.0568811069497
4764728,1519968,821.5677347630245
4764729,1293837,706.2457272611897
4764730,1179178,787.5342679122291
4764731,958488,911.7054492139696
4764732,226202,297.2899506198846
4764733,1404762,346.3259386089029
4764734,804737,996.6127422370173
4764735,1040602,636.9330190347696
4764736,185161,40.34060435495579
4764737,1425791,476.3203757113021
4764738,1600655,850.9436641202423
4764739,1481749,574.7934943214395
4764740,6859,370.6392946890844
4764741,1262494,786.8265045621698
4764742,534905,492.3449681746236
4764743,1211673,29.5876770674518
4764744,1091026,977.1320161454207
4764745,859562,837.7984671447076
4764746,1631737,84.99358668807733
4764747,1718899,750.1585423162312
4764748,960128,85.91169127180054
4764749,1715405,950.314891762459
4764750,47315,355.16469732531255
4764751,275323,363.4126626178731
4764752,510323,773.8546837783406
4764753,165193,185.38072966678288
4764754,1843406,616.881158875714
4764755,1362253,488.07415038106194
4764756,421148,50.127581670105556
4764757,1983357,810.3166992052488
4764758,1085499,936.2072878400174
4764759,1718256,495.14582824284804
4764760,1938573,718.0194114757775
4764761,597127,588.6867219278172
4764762,811650,933.2088377023911
4764763,326572,891.4028368260033
4764764,1486896,472.44658239646486
4764765,929581,712.6406632308298
4764766,1841884,695.6029403528812
4764767,746624,910.452188778976
4764768,391145,270.58803773890025
4764769,1975908,851.2229295583312
4764770,965688,175.59792008597185
4764771,1738180,831.6442572816621
4764772,228045,653.9033146168372
4764773,1379417,481.1561510738815
4764774,1462333,528.968795653202
4764775,856370,546.1761376890018
4764776,601681,647.5923164801128
4764777,1878983,494.68254512641
4764778,1439337,842.5773858705126
4764779,345143,322.1948256884487
4764780,727245,950.6622357521176
4764781,1194640,820.061030686877
4764782,1678753,258.1977906334695
4764783,169246,788.3422932498977
4764784,1223680,788.7957334386356
4764785,1712850,851.6045965755281
4764786,53004,949.7144880629537
4764787,753081,148.77482202918802
4764788,706595,823.9884278891202
4764789,1802761,650.2090943808256
4764790,835887,406.1913972233657
4764791,1710905,490.9124990706931
4764792,1618575,321.5564525202963
4764793,1538759,385.6608657329158
4764794,1413618,668.6251983399078
4764795,1812728,839.4504632961471
4764796,894304,13.346168940510438
4764797,1661166,444.36730467798446
4764798,1337957,776.9014840010844
4764799,1530385,718.2908853262292
4764800,1418410,246.87629523373755
4764801,129933,734.032095174854
4764802,1524827,96.2075235893346
4764803,608521,382.2072311781205
4764804,175845,114.33685197702748
4764805,1547562,375.2919133617743
4764806,1753885,95.85014729590613
4764807,1555333,407.2565436764867
4764808,1695164,823.2590891728123
4764809,802071,344.0507073157679
4764810,1532860,871.3290617552589
4764811,310113,401.31742459677565
4764812,1990412,585.2854959814625
4764813,1286514,15.977243815979648
4764814,1270748,748.0354942638813
4764815,1578425,251.7347084800231
4764816,100558,95.80610446901517
4764817,641167,756.3076022439094
4764818,1531352,875.5864307341144
4764819,1410053,862.3401210895632
4764820,1511781,363.4022906330274
4764821,1428305,973.0211978366399
4764822,1853025,251.91444359155125
4764823,443789,437.0538161706665
4764824,408003,686.1107506897478
4764825,690097,819.9729070502411
4764826,969347,257.02198309575874
4764827,1215218,90.18989581732329
4764828,93859,817.899780172186
4764829,17633,228.66095684300615
4764830,1722590,514.9023830339786
4764831,1321237,466.43983079430785
4764832,899480,974.760522276086
4764833,707547,531.4603143692747
4764834,872256,869.5708462887644
4764835,215735,172.11992664591747
4764836,1733927,401.1658541500087
4764837,502789,889.6314320608697
4764838,1577565,807.2716608016318
4764839,1870187,639.7577960932471
4764840,1210209,893.0998343999524
4764841,1667950,577.8398706242025
4764842,1013386,492.5872967156802
4764843,686030,56.626512807287924
4764844,916217,465.19651871639854
4764845,621774,978.4192132047383
4764846,290593,272.3372838370057
4764847,434994,37.91788624222336
4764848,1994395,433.83295241942
4764849,5031,441.4014498667035
4764850,1708418,966.1576047073364
4764851,689668,580.1206818611732
4764852,959784,178.01276584188886
4764853,1396183,613.7185722923268
4764854,334936,743.5810614183322
4764855,1080662,169.41495677821106
4764856,1331422,196.28471807529047
4764857,140912,425.48521643899164
4764858,1616796,362.39605213039414
4764859,1413708,180.89995484240472
4764860,1432437,101.59678630690982
4764861,586479,792.728569919909
4764862,1410921,32.99288088654362
4764863,1276315,213.41654797485398
4764864,873442,157.67198275154482
4764865,1512162,177.816159169768
4764866,1280452,194.48656019728915
4764867,1672648,187.71211741355054
4764868,215786,186.64347596334963
4764869,1017030,67.74853322791729
4764870,1929155,616.0143367068947
4764871,1140003,164.19794314382497
4764872,451957,410.3427521040419
4764873,1969953,507.20458577221825
4764874,1905658,678.0258230016703
4764875,859826,251.72047551358324
4764876,129621,759.7917555833417
4764877,282369,140.2931966124208
4764878,61851,408.5110754386321
4764879,271931,67.46386519563796
4764880,1462957,136.4905171707147
4764881,565788,706.550658395109
4764882,181794,514.6500170747444
4764883,1307513,394.4840479645239
4764884,1766517,912.3269090741335
4764885,383628,574.567445981772
4764886,478262,610.5918391436085
4764887,22887,190.97758065195603
4764888,1167778,803.6790451844829
4764889,1313069,569.9729282657772
4764890,896147,908.6804475566988
4764891,702378,806.044988423839
4764892,246890,734.3339975844782
4764893,1835293,551.469898535042
4764894,1321772,670.8811948325315
4764895,1614894,416.09299219626485
4764896,837846,675.2507424579939
4764897,1807991,547.4492773848954
4764898,1986355,57.235972459537265
4764899,844684,175.78198593969972
4764900,229702,363.68534474648817
4764901,1596321,269.8188159760263
4764902,1268575,880.7031243969515
4764903,603230,811.555824336751
4764904,1241399,896.322360133418
4764905,895803,701.8013690532465
4764906,1797131,46.14845561345715
4764907,660761,565.4229475467357
4764908,1061153,886.4188913990165
4764909,32216,735.1925997556078
4764910,1048851,57.66446670805392
4764911,376596,679.488632458148
4764912,636279,607.9033493288508
4764913,1633214,489.8647072510085
4764914,645753,735.2141883911281
4764915,526472,617.3390939287782
4764916,511021,859.04802033933
4764917,1823881,570.3701156335084
4764918,1098163,106.46221855858673
4764919,1609314,633.6738714368588
4764920,694255,605.9557075723504
4764921,1592353,735.150862680583
4764922,38481,747.1142590147074
4764923,1486023,90.27835962312925
4764924,824364,626.9656652466872
4764925,1764059,578.2471003402194
4764926,1160456,706.7702797732262
4764927,543558,579.6472693416216
4764928,1289393,823.6357252289502
4764929,1425633,752.6963451264266
4764930,1224353,513.2692536527705
4764931,1334957,62.2505887679895
4764932,913013,919.8503945973882
4764933,894118,734.8166741909578
4764934,1968,848.8589335394814
4764935,1677011,384.88108224106287
4764936,1506679,303.1477256436723
4764937,1790560,290.56849458662583
4764938,671296,268.43712293048895
4764939,928924,965.865865131675
4764940,1814801,660.3035107935834
4764941,1818936,257.60706527845656
4764942,1224555,849.8981083127223
4764943,1037907,719.0566997485965
4764944,1364289,428.8734530692465
4764945,495512,853.9059868434485
4764946,1414588,585.6370778203521
4764947,667777,96.79857020159122
4764948,1724869,938.7140946634175
4764949,1317405,442.4509147607109
4764950,275149,470.0174937918983
4764951,707299,779.8079559305869
4764952,553885,968.2517102122039
4764953,713138,570.4210411976374
4764954,925297,574.66027622965
4764955,24166,424.78553565786035
4764956,1235825,183.79570990823746
4764957,139105,160.90361445033219
4764958,747932,822.116770403398
4764959,230163,725.7739788809447
4764960,898027,630.4650586199848
4764961,98468,987.0943048885952
4764962,1980797,829.207194682699
4764963,1746719,213.92476944643056
4764964,1844659,335.80931434865226
4764965,1047039,709.4499275755517
4764966,1630334,581.6359421908702
4764967,652615,828.7095816031892
4764968,1215519,494.8260586039789
4764969,1249584,818.9963415470938
4764970,805098,300.7503001400913
4764971,14896,849.8875314290981
4764972,1837408,440.540254926967
4764973,1186686,638.8398268201407
4764974,1831045,698.5189528434481
4764975,1731090,539.1004400102628
4764976,815140,211.74939654549297
4764977,1966464,971.7610507062915
4764978,1872122,753.7519952638402
4764979,142054,213.35507295019673
4764980,438731,63.973747239089775
4764981,809692,855.3717303702903
4764982,1844889,450.97759393540525
4764983,1009995,136.5327500818321
4764984,1706021,919.1066206355143
4764985,29687,11.034399040006914
4764986,1308777,603.9908417571097
4764987,1565373,140.18031024861997
4764988,99990,587.8832191261824
4764989,760825,32.68406575300109
4764990,463365,345.77092428106283
4764991,750159,488.2191347014514
4764992,275060,386.05552047452784
4764993,701527,197.48684097852666
4764994,1131418,243.21383690403962
4764995,634510,84.22587852959518
4764996,1192594,737.6255792287634
4764997,1629123,644.879049200435
4764998,1158521,665.3993072641949
4764999,599707,265.3220478989823
4765000,1721766,961.1486708859851
4765001,1866994,378.1654840221007
4765002,1668400,919.640159797879
4765003,234284,406.70566071470427
4765004,1710015,518.4246192864905
4765005,165523,930.5618780722407
4765006,113867,978.1214706523373
4765007,1945764,241.95034597362576
4765008,395294,290.1317204641696
4765009,238576,868.529975467927
4765010,1631705,248.92180765305017
4765011,1418846,934.8452442135568
4765012,950096,174.36787626983684
4765013,1657417,224.93383621577877
4765014,1980039,747.7615356788838
4765015,292114,820.5239957613984
4765016,149291,863.0242530681732
4765017,440837,624.3825489220434
4765018,374733,823.0913516601283
4765019,391486,272.5303335817951
4765020,913936,833.2711114313453
4765021,159496,314.96242360563366
4765022,1694663,439.4820952416868
4765023,899373,520.5860624705203
4765024,1313850,368.7245944726286
4765025,1659612,194.41215371298938
4765026,1260733,241.69664627951448
4765027,1840883,521.6124834205586
4765028,1504802,5.041440672239328
4765029,353598,29.98669470850823
4765030,794098,950.9056837201374
4765031,937362,563.0311575237596
4765032,75412,178.62246120628146
4765033,1147525,631.2187865866526
4765034,320879,485.1824665061867
4765035,528559,38.47147538300844
4765036,1376192,124.89903468338991
4765037,126048,590.996752861802
4765038,836239,526.2018840725457
4765039,1884049,157.21794795638334
4765040,934053,872.7604956631104
4765041,1244876,414.86033275526324
4765042,1053628,305.59735106814054
4765043,960859,355.08627047358823
4765044,404731,124.58096556848864
4765045,185456,975.3449255027173
4765046,1565151,455.33697447160114
4765047,534443,501.770517794638
4765048,315830,691.4167056595481
4765049,1944099,19.046500772390896
4765050,811887,863.4595345148052
4765051,1133427,641.1876261652495
4765052,1624063,679.2029869348393
4765053,1530465,814.7516627547847
4765054,1610443,245.54065589895103
4765055,825544,554.3417652058497
4765056,1535879,767.4671435677768
4765057,61012,924.3535224824498
4765058,1222995,758.1715167223446
4765059,1764820,582.78461249205
4765060,1638420,825.7297015538021
4765061,1242489,524.3561766251337
4765062,1532679,310.80212118041663
4765063,1637526,532.7422998799481
4765064,1227879,651.6180789512534
4765065,1887941,41.69266791213499
4765066,233710,786.4662135639417
4765067,1392610,649.9428306790269
4765068,736398,281.08546190085957
4765069,716097,571.2243831885739
4765070,610205,500.33022488378185
4765071,1531068,631.9568114722151
4765072,416372,201.88481565520033
4765073,366877,550.4506183294734
4765074,682593,164.01846894369154
4765075,1142615,45.354455971345686
4765076,439054,413.8012819508219
4765077,1474335,391.05093942937816
4765078,307443,983.7717346586662
4765079,799319,354.44579993790893
4765080,813857,891.697595695115
4765081,329844,163.31143016780348
4765082,1263269,516.2378328093961
4765083,588026,822.5001952275779
4765084,1040987,527.2680161224192
4765085,1912175,746.3042925823971
4765086,807517,571.1324421968228
4765087,1094047,201.23149419571874
4765088,1666487,560.2018099171823
4765089,307564,246.50553082921155
4765090,1450026,690.5874304738046
4765091,908090,933.779637521824
4765092,902870,962.9500430994933
4765093,1814124,40.75870614921973
4765094,1878940,56.74901265421861
4765095,1626363,465.582169402201
4765096,1136842,86.13159458018337
4765097,1884629,350.6226312086835
4765098,512535,324.176104704176
4765099,345930,625.9903748610841
4765100,1518002,760.6278197806083
4765101,1034623,874.2486609356922
4765102,757957,405.6575438835859
4765103,951397,563.2652800277468
4765104,400743,258.35504563465514
4765105,406802,762.4498809780549
4765106,206301,428.4206744868598
4765107,1555133,190.9505789277367
4765108,1216756,366.24359532142535
4765109,1074807,294.1387078858896
4765110,1958577,435.3511935829937
4765111,654284,817.2824600349101
4765112,657448,25.235823253834553
4765113,324256,734.8378724138227
4765114,1700822,326.3749324991434
4765115,209578,831.6812972636785
4765116,1382783,329.45376666724854
4765117,1121313,991.4580956654409
4765118,1440935,312.2448884428385
4765119,1253367,621.8613238918699
4765120,201082,14.936998683863223
4765121,1677633,747.3439890324544
4765122,1094290,653.57810873399
4765123,1210708,849.5340558293542
4765124,1749182,181.200617326426
4765125,607702,600.8655754716066
4765126,1665777,126.04035020641436
4765127,568193,566.8528353281738
4765128,1299399,334.1488272973333
4765129,1084257,202.99159807129774
4765130,1851166,629.8204576467907
4765131,1425075,102.32889298790737
4765132,373029,752.1924272300315
4765133,66466,685.7584514825969
4765134,610545,259.25693577980013
4765135,1666339,821.3837977783946
4765136,784680,129.15753230512271
4765137,93095,110.62217046413858
4765138,498121,268.0600060383479
4765139,764772,238.90681749060371
4765140,1136815,495.4000221277206
4765141,440865,593.5144987895408
4765142,757894,702.0207129663293
4765143,99027,352.2999142347796
4765144,72080,248.1507458881391
4765145,1925039,258.75502692848795
4765146,1858364,169.70434066170293
4765147,157342,852.0195851105466
4765148,1286300,458.32802510190675
4765149,1048208,798.7613460580541
4765150,131794,434.5439717524874
4765151,489640,878.8603349530284
4765152,1819511,984.5636093893202
4765153,356420,376.22770266356787
4765154,757832,46.946225207334045
4765155,1643871,931.2504883077396
4765156,736029,706.405450330266
4765157,1379719,746.4106265890988
4765158,1121826,524.1778980398261
4765159,1382668,133.01723122269183
4765160,900678,262.7591512350137
4765161,455585,357.0930875697369
4765162,280787,699.8494132360448
4765163,303790,277.12710026893564
4765164,1580809,451.05225844885075
4765165,162924,188.44463562991098
4765166,683839,170.63077436067564
4765167,1030818,906.6912040019072
4765168,1014368,594.7869642311298
4765169,1817071,662.4044732563765
4765170,1601732,941.4965810912686
4765171,671769,952.1636934249224
4765172,508447,79.69675018834532
4765173,329870,300.3011331725006
4765174,1336302,665.5870212015345
4765175,33608,399.2664262503836
4765176,915535,195.66367664472617
4765177,1590385,179.13251276843988
4765178,1836809,716.633443331117
4765179,561793,180.47264297545863
4765180,566270,573.6612321298676
4765181,421630,310.71635750841955
4765182,1664823,23.599929478695493
4765183,507609,110.99696410319915
4765184,886611,665.7002659832143
4765185,929771,568.6499577994629
4765186,635924,536.0731377602915
4765187,949650,962.79481620715
4765188,359310,777.6027103003823
4765189,286578,95.00110208677658
4765190,1535092,284.1031001153661
4765191,1922899,73.93627414303027
4765192,515592,413.2859103938511
4765193,564380,54.038271243830096
4765194,1690919,534.1600791465663
4765195,204403,607.4331907224238
4765196,1240312,384.2988936124632
4765197,1147258,791.1968868883248
4765198,338487,571.3282934514443
4765199,736174,186.17339234064167
4765200,1298617,544.4913926415187
4765201,200920,353.3178140653171
4765202,1771525,57.5294888036918
4765203,355546,476.2459073552534
4765204,911819,738.5086703861892
4765205,735514,496.83164052260673
4765206,401611,242.4055470458729
4765207,1590862,631.7642198023929
4765208,727681,793.9951680609928
4765209,1306878,494.2141723210868
4765210,899228,244.11764681264214
4765211,1578062,326.3911781208465
4765212,501269,709.1428513508799
4765213,678113,85.29333545308614
4765214,1870691,1.5550222801422597
4765215,1950049,458.91000698214503
4765216,237109,191.3071028259572
4765217,996065,352.64758447001356
4765218,677892,380.22381126204874
4765219,1611761,521.6688484448892
4765220,1739939,697.0777963368205
4765221,545961,862.7015128362681
4765222,772101,256.87532572690276
4765223,261410,131.02434604832246
4765224,1007399,250.1109244007318
4765225,1732510,321.87604513713785
4765226,305393,432.2054861200176
4765227,849008,418.434477413165
4765228,1657367,710.1219337509368
4765229,1829875,439.3841746148397
4765230,390171,88.86798144315865
4765231,1659974,689.3375783137674
4765232,508386,308.0312069177974
4765233,967493,22.146525604790025
4765234,1704757,300.9586295705886
4765235,419055,844.1776212668133
4765236,220044,288.6400902284419
4765237,220323,891.2416231941208
4765238,899965,497.10306842273
4765239,150271,171.81365089154232
4765240,1603941,108.00499416915909
4765241,556702,316.5624428704526
4765242,945211,735.4206585291258
4765243,1653,131.8733357057843
4765244,1479803,825.6531110515114
4765245,1884370,297.82857510875107
4765246,1475892,368.9962421137849
4765247,614905,682.9714263437336
4765248,206263,253.3903822389264
4765249,1444204,193.97925043592613
4765250,99235,626.4129756487337
4765251,1040540,539.8534408137216
4765252,1050266,871.5422127902201
4765253,1970496,264.11103452334805
4765254,300611,581.2029557460197
4765255,1958515,822.5616571225377
4765256,251209,429.1966057366089
4765257,539078,529.2731978645695
4765258,1017541,84.3901213487509
4765259,969797,906.3253347242452
4765260,377618,615.1943270158386
4765261,208085,130.56497223761843
4765262,1458798,164.87367894634696
4765263,1176728,875.1500002272205
4765264,836912,389.4358829560476
4765265,1733470,25.76613390313276
4765266,785284,161.96434152895756
4765267,1022815,403.284356992752
4765268,766468,802.0819595889717
4765269,1064506,528.3783462589572
4765270,158275,614.0652912546501
4765271,1136428,572.511857834623
4765272,1747454,748.3687514207714
4765273,275906,843.6024906591703
4765274,1744150,627.0931487574001
4765275,589317,207.00505028331372
4765276,1926734,593.386395207792
4765277,1300255,311.9397140004678
4765278,1867777,185.0471447968176
4765279,1746796,901.1094207312115
4765280,1127960,976.0085671816735
4765281,846045,581.5891684749112
4765282,143730,211.59470077914733
4765283,1629267,878.573949255679
4765284,885339,667.1089839773745
4765285,759203,504.63559924177235
4765286,1859813,860.7905127854204
4765287,1194560,743.3491849726365
4765288,946397,338.03872948354865
4765289,1508865,43.541518103766386
4765290,161505,827.262736551055
4765291,50560,902.823978714796
4765292,280727,948.6501648468582
4765293,331690,647.8087555500094
4765294,366849,588.8103602069277
4765295,1315933,767.1017966741326
4765296,726260,221.19734376935818
4765297,119988,729.826548374557
4765298,1758511,398.403136729669
4765299,171495,419.442949488007
4765300,747920,521.1552502247275
4765301,57558,356.74314330923215
4765302,1202911,329.7365767119442
4765303,1105555,606.4525425563826
4765304,1453052,613.7184267626077
4765305,1007913,622.4417967007385
4765306,663297,197.03809672434048
4765307,428161,235.63753791561592
4765308,54516,620.8520413598416
4765309,1697565,725.8572304394663
4765310,1990614,835.1568349926431
4765311,1344440,930.6233988819289
4765312,1581230,162.16379723103003
4765313,593329,648.8818194232831
4765314,736796,191.19457647607553
4765315,1107048,397.6959957496036
4765316,950031,845.0958203590314
4765317,984771,318.4462194455918
4765318,1776026,491.20300523213456
4765319,807054,748.7193951070238
4765320,1544875,334.3248983993612
4765321,1342974,8.339540636971732
4765322,453674,639.8407978762551
4765323,1911107,286.18768298690014
4765324,568551,325.9619149288748
4765325,982691,686.4510435126542
4765326,908323,316.9422838570576
4765327,417251,453.08910689552073
4765328,1726643,62.543669559731455
4765329,953919,277.2581716081327
4765330,1303204,357.69604155966437
4765331,1125512,794.1859872152123
4765332,1654246,910.0543928674809
4765333,1723878,322.39400507597384
4765334,630296,591.0096463665964
4765335,1559731,733.1286381063903
4765336,719221,725.826370286978
4765337,593784,454.26203750236857
4765338,711269,146.50646033121262
4765339,743695,269.5415991012319
4765340,964522,298.6998250809142
4765341,1647965,451.57471447042286
4765342,615213,590.5029621321493
4765343,115635,217.8663987680398
4765344,919532,928.5269202301358
4765345,1301073,507.21669066430155
4765346,1122873,892.5750321988205
4765347,1488478,284.4628912003597
4765348,1710108,373.30818557098524
4765349,1243514,662.9875209394487
4765350,1562926,890.9302311993351
4765351,1582333,899.3197572989968
4765352,1013889,266.6223986936943
4765353,1921631,633.155439442107
4765354,730144,804.9839240678036
4765355,826810,989.061631537993
4765356,133194,610.8435376596262
4765357,1170643,967.0669127905215
4765358,309320,898.0974024823511
4765359,750479,322.50409607174026
4765360,645156,920.7047218086461
4765361,391095,110.42087540978396
4765362,1689799,836.3350053448858
4765363,143312,852.1942611105318
4765364,3338,445.8971856906475
4765365,393098,959.5099294377183
4765366,477396,344.09192593762947
4765367,68160,821.7858854861405
4765368,1565878,333.4203739246449
4765369,1689323,0.9783466573530797
4765370,770970,690.3250654798748
4765371,12417,614.4627586017637
4765372,1737630,827.4757784076089
4765373,851549,421.763603137168
4765374,154362,8.082461010294972
4765375,308329,651.2900108221884
4765376,548173,452.9562151188219
4765377,1280367,311.4104637645647
4765378,950889,674.1850665142379
4765379,1763451,129.44061909627715
4765380,1714760,470.64763833155666
4765381,809731,284.6072806281044
4765382,1757675,999.963764643864
4765383,210425,35.936784057254314
4765384,954913,226.24110344380588
4765385,1152308,468.11654569566554
4765386,377139,229.44196095785063
4765387,635679,872.1382771275731
4765388,545572,960.904990422739
4765389,859225,494.4405722800148
4765390,1021919,73.35198037324476
4765391,1105138,769.8342962607283
4765392,1240494,495.50493676502026
4765393,843327,731.0226831727795
4765394,1206939,176.36071482917905
4765395,1889576,999.2365883677282
4765396,1985395,117.44151023225902
4765397,307624,893.1242042475064
4765398,547302,259.00851260162074
4765399,1853852,218.76809843617772
4765400,252020,882.930230538124
4765401,479242,584.6645770671038
4765402,779613,269.056863892869
4765403,708695,57.98045787046669
4765404,889730,199.0075405426791
4765405,1742868,331.3109112501942
4765406,125447,13.80970720399899
4765407,1558155,171.2200895666156
4765408,893993,801.6047335045569
4765409,417878,647.1734538829289
4765410,879304,406.43991583529595
4765411,590247,718.7469147321184
4765412,384501,131.575650033533
4765413,295147,473.0261664945973
4765414,1280952,255.6912056850631
4765415,1624222,659.0924645445347
4765416,1247583,799.8450395249087
4765417,1744920,698.4507229492547
4765418,1328470,942.9117779318817
4765419,1803972,202.4252989004667
4765420,983958,539.1468995416578
4765421,92746,736.1476537309932
4765422,1226613,95.42793939140893
4765423,1680506,511.56632251191337
4765424,1907225,377.292513711727
4765425,1838297,754.8476787102952
4765426,420166,221.02050994286014
4765427,250599,411.83428954000925
4765428,1911538,904.3674466525248
4765429,609981,23.31150750649258
4765430,876897,844.4281289414802
4765431,748206,610.135160893926
4765432,497901,515.5110338620269
4765433,1018992,823.9123366830122
4765434,131504,322.9937482327199
4765435,1611375,417.82826106899984
4765436,253330,954.7448277844388
4765437,1032841,929.3213829161816
4765438,273949,645.0415337378281
4765439,1268264,694.6179182821344
4765440,209607,62.071495710953826
4765441,458041,78.92600963755592
4765442,1705972,623.572734942027
4765443,1266286,926.4365497859137
4765444,318498,420.75234718892284
4765445,1601190,133.32282414230136
4765446,801338,422.12825256572063
4765447,159120,337.5385551332033
4765448,137930,173.33160329658403
4765449,1608097,718.0465150644404
4765450,1006245,885.6933421160409
4765451,1638220,237.75170260038092
4765452,7081,548.4782244729564
4765453,469156,269.36633918275663
4765454,1240372,714.2535881819188
4765455,214397,922.4564897979792
4765456,1405223,94.00147050200458
4765457,746873,577.4587792695722
4765458,52352,715.1315102319742
4765459,1466929,378.99191831866676
4765460,1725436,231.53116342231718
4765461,529576,732.7789483097392
4765462,826030,737.5262907843885
4765463,575249,532.1317114485971
4765464,1896272,19.00089928253257
4765465,1167204,984.5840157733213
4765466,1953777,6.986611982437219
4765467,566060,557.1430856951293
4765468,1778737,452.4251813656186
4765469,1419239,848.971494698572
4765470,463291,39.283271035890465
4765471,1676294,685.6158224239387
4765472,1363765,382.123184453765
4765473,1793837,970.4557700932576
4765474,1134031,928.620156308017
4765475,1886445,194.90491589262325
4765476,1464642,90.6224485479743
4765477,128069,58.65982373586742
4765478,520993,44.035568764991595
4765479,978262,177.0292732833705
4765480,1658690,142.3125052945482
4765481,1564881,948.7578504257564
4765482,1278466,55.72350678261417
4765483,369300,440.60668033578463
4765484,1166691,911.5078940556652
4765485,344124,377.20215124503596
4765486,1091623,800.8704692811242
4765487,221402,407.32766766615646
4765488,20897,510.2425276488408
4765489,438993,342.8548583529899
4765490,1261070,314.21802379841125
4765491,958810,228.18146121238414
4765492,1726083,678.7667890728139
4765493,6881,171.09092246115821
4765494,416257,859.6181430656546
4765495,1778690,483.9184128436689
4765496,1533292,736.7557450487722
4765497,55319,515.4959483056863
4765498,1966272,875.510026905435
4765499,1805276,194.08288693866837
4765500,687119,77.28148307794969
4765501,806114,659.9297417240854
4765502,1096260,352.03377139553214
4765503,531850,563.4826309385446
4765504,249485,334.9145564972864
4765505,119623,648.9725701557398
4765506,722485,888.2018121018884
4765507,521632,156.02414895825945
4765508,824500,595.8924315610176
4765509,1256732,183.7101791741945
4765510,693778,676.8355616313333
4765511,369235,471.45471313219014
4765512,408508,865.8806759761179
4765513,929559,511.9506235110278
4765514,287093,604.592134674777
4765515,1372111,874.7648010090971
4765516,667242,875.4817561719722
4765517,1552615,273.730941552898
4765518,846062,898.0364584233768
4765519,1966618,277.14519534051306
4765520,931946,919.3373554746581
4765521,859613,444.0135430955555
4765522,1580648,415.5461582110381
4765523,595468,771.2205803855546
4765524,768179,264.7812662892496
4765525,1623537,901.782006198973
4765526,807205,271.0178997221568
4765527,1380474,374.44136013614957
4765528,1334758,478.56555641777544
4765529,1798543,83.63164734672945
4765530,220770,83.51264473015252
4765531,228925,29.465456254607837
4765532,1239244,394.6590094210649
4765533,1839903,917.8075899315116
4765534,1438433,756.1550885711356
4765535,1299783,43.72483300158792
4765536,1246813,154.70994710528663
4765537,1115684,950.8897438638226
4765538,1363757,175.04319219508312
4765539,1315656,225.58400016087475
4765540,1710568,588.9968620789224
4765541,1823821,813.6990615842205
4765542,785292,107.80727117785405
4765543,218488,526.9505428650032
4765544,1773974,935.2303925385703
4765545,968706,225.55085202753867
4765546,117165,303.4541955540075
4765547,613060,408.1512508849875
4765548,12733,610.1134004404204
4765549,1523174,420.85750488811124
4765550,1630464,95.27346977910179
4765551,1362151,355.86252542545515
4765552,191114,749.081368072941
4765553,1058615,702.2555585544167
4765554,493759,157.51984579506583
4765555,1554938,148.71796511656498
4765556,1754960,623.1454206000662
4765557,1456031,609.403587269131
4765558,291576,590.7781516669043
4765559,68585,650.4422374206086
4765560,502017,356.39202096194043
4765561,1620945,503.2944167151042
4765562,1739167,42.010331415910926
4765563,646846,296.31145427181514
4765564,1953212,635.5572729789139
4765565,391719,900.4792272405842
4765566,516563,27.057850364055945
4765567,955825,448.52631052795147
4765568,1566966,306.1810012299422
4765569,1899398,511.6576742372706
4765570,1775775,312.79402058697457
4765571,1930757,697.837352071366
4765572,75115,114.6150254426448
4765573,1747467,608.5425915086124
4765574,963707,313.15106887126507
4765575,609637,936.3924374060156
4765576,612465,853.9039925309861
4765577,1582679,162.6924116830767
4765578,1724173,791.1221807932933
4765579,1378773,57.93014964842702
4765580,707224,74.56367723015644
4765581,1661140,893.4259186423038
4765582,1567040,653.9061278996853
4765583,821126,522.9602810743484
4765584,1829841,988.8874819076865
4765585,1236124,348.9181033243246
4765586,409337,405.1906290725983
4765587,380346,504.42936984251673
4765588,1194860,915.5687057881399
4765589,777113,291.74736544608106
4765590,164562,231.26661396102122
4765591,982780,471.7343657542358
4765592,239865,159.69277099915413
4765593,389066,118.40927825321224
4765594,748878,682.1070537505865
4765595,1059134,168.91868044095514
4765596,1338652,38.86206502605205
4765597,1866785,889.261389725938
4765598,503398,609.7489666892383
4765599,1227876,564.906936131784
4765600,1661240,592.4900901369459
4765601,73980,494.66036684725856
4765602,79172,387.1589041438315
4765603,895781,794.141559795083
4765604,73544,929.111289791743
4765605,1901332,958.6246383190181
4765606,439434,556.9929775864797
4765607,1146318,156.94131219277264
4765608,1369038,258.43252943223825
4765609,1489762,583.9578475310054
4765610,1669032,194.32449798903951
4765611,508049,281.4188579194982
4765612,1651298,991.8789309843661
4765613,888437,919.0118605567073
4765614,1922660,115.92780698630878
4765615,1718698,306.7570675551915
4765616,916730,961.9348568068177
4765617,605272,906.1365793298271
4765618,630221,483.32327908434127
4765619,1710604,120.60615367575922
4765620,492671,400.10466659334634
4765621,1863719,382.934466817743
4765622,1054510,310.8027266844042
4765623,188604,506.39455830907264
4765624,1836426,383.5984517152271
4765625,1731315,769.3606397480776
4765626,263666,693.3494694501175
4765627,146281,792.3929069903546
4765628,1405860,53.152000265505485
4765629,9292,802.857061988199
4765630,1032262,378.5444272154733
4765631,1132987,448.4242157504563
4765632,676190,584.0748096409753
4765633,1746586,284.1643239336866
4765634,1446110,154.79826282408104
4765635,1221446,192.4237327389342
4765636,1690083,311.7175664081109
4765637,133279,491.05358368019955
4765638,1686415,829.977484811059
4765639,825106,220.62990746780187
4765640,1886351,910.0995608602544
4765641,764840,868.6625706822313
4765642,727082,446.28914589869396
4765643,341350,525.9048184493321
4765644,684794,221.71756760759155
4765645,1831436,768.6658285693228
4765646,1954146,779.6868894665923
4765647,63297,943.9203529906263
4765648,174998,238.52960720607308
4765649,530222,870.2321259368825
4765650,977658,75.49326489355256
4765651,1387166,906.1623550608739
4765652,819365,544.018246909115
4765653,913054,648.1413219010893
4765654,16750,727.4562723161433
4765655,1238705,710.4438596615814
4765656,88090,570.4546543434361
4765657,1200363,671.8338922367695
4765658,1592146,806.6595406711552
4765659,1440459,897.7529248923009
4765660,689863,116.97054214911573
4765661,570651,939.0523858687499
4765662,21420,948.0094525300915
4765663,1517292,828.2773391355682
4765664,617618,518.2524839581419
4765665,1565727,851.042277976169
4765666,64612,368.7358410791415
4765667,5674,870.7245615399137
4765668,1568405,159.2699252021873
4765669,1019650,888.7675288774215
4765670,1059124,786.4186519314827
4765671,1758059,529.5504761576038
4765672,917533,107.28528141012272
4765673,245913,723.8677665355523
4765674,100487,143.3088145098206
4765675,399865,587.0556207629566
4765676,1411435,129.03630010733625
4765677,113590,979.3748771389542
4765678,575493,303.9954400184406
4765679,39441,556.5061974252008
4765680,1663484,416.23749420635534
4765681,858738,655.8898495040773
4765682,1518587,995.9839860347662
4765683,1599281,764.2087787536909
4765684,1267869,270.66483034602305
4765685,1012142,380.2768106715897
4765686,1549756,463.4862510747956
4765687,1514567,168.2172030006951
4765688,180755,164.3035018778176
4765689,1230965,273.1452329249385
4765690,1989847,697.6331555909243
4765691,706824,227.96888651603896
4765692,1828634,413.5370429351385
4765693,1211357,786.4851184416837
4765694,1949215,437.3638772833451
4765695,560963,998.7187127749581
4765696,128983,778.9561668515947
4765697,516277,277.15153510448033
4765698,437393,339.62805535504725
4765699,1376057,719.328178989776
4765700,780378,679.8752681141611
4765701,595178,710.3356920720212
4765702,421216,184.61124791064364
4765703,146001,625.7119380065287
4765704,792478,990.4132238379163
4765705,1008798,191.05207856163776
4765706,1370255,313.40940100590507
4765707,1823008,79.57142610945544
4765708,1540224,879.1739672653928
4765709,1652847,441.39189260489974
4765710,1009384,817.2694893789653
4765711,1405521,453.82172189739146
4765712,1827780,483.1817196846293
4765713,1283381,826.234658089216
4765714,1867912,752.0918293317021
4765715,1510301,511.06750920723954
4765716,176785,22.85607441102777
4765717,1155681,949.4936277330552
4765718,1066579,807.3956791051309
4765719,461089,226.8939768253989
4765720,253060,879.0508685246355
4765721,1768623,666.4980657300375
4765722,1630961,686.8201837233607
4765723,1798142,380.2340700927529
4765724,1576150,619.4783223779444
4765725,1858873,785.0674039585008
4765726,1029380,20.549016692963274
4765727,51431,764.6746061404575
4765728,124279,140.1080381158032
4765729,314452,225.60354989829855
4765730,253000,588.1966943855966
4765731,1517379,11.540730305142688
4765732,468686,440.1205917323454
4765733,1805755,657.7063772396697
4765734,1058467,156.2659622274144
4765735,1641500,869.6197830460713
4765736,1130631,2.645223727827939
4765737,186905,343.1298704525658
4765738,588699,612.1026870459857
4765739,213573,831.3782089340217
4765740,1685807,811.9063428994878
4765741,80583,786.9435128572632
4765742,1477628,469.0849704265623
4765743,1951283,128.0525781735543
4765744,296435,671.6135533255947
4765745,517777,405.9265703538252
4765746,80436,466.5868227725035
4765747,973841,77.13773281620328
4765748,1355471,354.4248875009467
4765749,1418054,122.17687852383175
4765750,594787,141.0726098653955
4765751,239425,115.2869947073829
4765752,963079,170.07736345867798
4765753,1988191,152.41801986164316
4765754,607029,934.293293656664
4765755,1266244,301.5493935914376
4765756,1109512,303.3353185732659
4765757,1883159,905.0488913247189
4765758,1793251,812.0576294175372
4765759,912326,983.0247370033893
4765760,1097953,147.02142435297128
4765761,665765,671.3764237097448
4765762,1361743,331.79515834168274
4765763,1506309,665.6960311930388
4765764,911638,795.0336079472056
4765765,466180,390.3693063808118
4765766,1446260,729.8873399249359
4765767,1171095,552.080850539225
4765768,687421,291.10385967365136
4765769,446457,131.0463666528734
4765770,1509724,816.5000356112445
4765771,1606909,556.648640903106
4765772,1785726,411.75899387562254
4765773,600137,517.4134591053044
4765774,822019,749.9775258976531
4765775,1057930,610.5219566812799
4765776,179337,465.0787113804551
4765777,934604,971.1033390262663
4765778,722453,951.0357519180401
4765779,995064,290.1294445380005
4765780,429166,976.8140213511177
4765781,1130795,978.7490996080057
4765782,1457115,876.3566161310429
4765783,1334389,292.0348640452404
4765784,534054,836.8264414060847
4765785,1771903,731.9700452683387
4765786,1347872,119.77962390562624
4765787,428131,564.703194391178
4765788,1630321,115.84472096057563
4765789,479186,413.29151205076533
4765790,455379,991.1243012065898
4765791,937079,622.260403332714
4765792,1150608,503.0025911557414
4765793,1249482,499.27781633746
4765794,941659,473.3353249635891
4765795,111687,935.347025751501
4765796,1988605,357.0060076534267
4765797,351530,252.54957503236287
4765798,1138837,70.06796579050823
4765799,504140,240.85209756562287
4765800,265209,874.1896755225487
4765801,1284308,138.48315264883226
4765802,255477,341.8376551658379
4765803,963950,344.24125593752206
4765804,1737725,963.0840016014166
4765805,1873419,947.0529067305009
4765806,1755320,165.5739345059707
4765807,1267266,243.80787145697624
4765808,1777238,336.2870538422975
4765809,853368,800.9227952050326
4765810,951317,811.036019768775
4765811,142178,952.0542284621927
4765812,1466514,997.7338969202254
4765813,1045118,828.141561703617
4765814,1894181,962.8328717946943
4765815,1781263,669.3937679258019
4765816,181086,262.29236851090855
4765817,1758390,702.5885870943914
4765818,1767192,511.1374088363063
4765819,1163601,456.0126765858523
4765820,1342082,454.4167685160946
4765821,66309,713.0399630865635
4765822,983779,960.7792443354872
4765823,1735805,447.8028864261141
4765824,287847,957.8316356177012
4765825,380502,266.54099261001005
4765826,976712,616.6888121077477
4765827,662893,143.95853747056998
4765828,1190020,541.5594750631013
4765829,439115,786.9955085926318
4765830,1220918,200.06736689831118
4765831,1602212,545.3486152227903
4765832,666343,954.0356391540073
4765833,1742492,265.5247670193627
4765834,777623,402.9571547343626
4765835,860612,442.8682505297689
4765836,404696,279.39624748971914
4765837,1511652,853.3594510718312
4765838,994078,495.07839483277405
4765839,1954543,154.72834037018245
4765840,1383854,412.9423854228598
4765841,48520,589.2598537404839
4765842,510258,474.0938976919484
4765843,944787,490.36627788758756
4765844,1153798,524.3191716420843
4765845,1930086,799.4795116618143
4765846,1309312,704.3822203709927
4765847,1184448,670.3901958446672
4765848,1860537,34.05089179855925
4765849,663665,826.7050767710281
4765850,1213739,798.1337931659563
4765851,351676,593.3093568429612
4765852,992005,593.9455031571067
4765853,1547420,789.7456979998769
4765854,946560,303.9581451873713
4765855,874729,578.8383738399043
4765856,1202205,560.144791634655
4765857,744188,602.5717347750149
4765858,309452,37.89146127733278
4765859,1235980,493.9158182929826
4765860,438614,413.1835123347263
4765861,229779,94.05250480883376
4765862,1635472,40.07908341284505
4765863,1829786,795.613673660356
4765864,646216,527.5180901989685
4765865,861474,529.1651656183835
4765866,824581,664.200079611903
4765867,152896,164.0479443673347
4765868,1206905,292.47573407513204
4765869,223380,564.4813208555598
4765870,1892387,216.7116739207774
4765871,1995371,439.08653894275386
4765872,1067109,365.8139647192099
4765873,1466204,504.0726859633943
4765874,88641,89.11966970725604
4765875,1719219,268.6893787744696
4765876,865740,380.9678431392668
4765877,1713868,238.00436115137524
4765878,1706970,790.0332601544441
4765879,1635766,510.3888174256147
4765880,1994043,346.92969115790527
4765881,1543383,516.4380032378857
4765882,1549526,28.626537010549068
4765883,1096685,754.3185105645709
4765884,703866,592.9995542353714
4765885,33736,350.20862862132054
4765886,1637645,658.628650742935
4765887,1358562,214.00806029793972
4765888,944185,158.16308707101402
4765889,71122,132.33479668618997
4765890,1138159,278.3206113655745
4765891,1392111,735.9571092606201
4765892,660496,813.2524171329659
4765893,236266,623.6399760482436
4765894,1051034,609.8097400075533
4765895,69060,394.49487690103837
4765896,1331815,440.2869503935835
4765897,1924855,866.0413996556224
4765898,1609688,619.2588150566834
4765899,1167179,500.216770189833
4765900,494398,812.491961274235
4765901,945369,263.1741610744539
4765902,493042,942.390490772336
4765903,1078385,155.79717136167403
4765904,1565749,185.19063445994576
4765905,1580362,270.8085629982432
4765906,1230704,187.60877458021153
4765907,274252,767.4059845880081
4765908,55432,649.4862203228577
4765909,1697195,576.3589281953034
4765910,1983919,108.22651558070406
4765911,1459955,734.9735250142883
4765912,1493383,410.49322376121677
4765913,1831408,304.1477779238296
4765914,274279,695.4855356990595
4765915,849046,132.38277833830935
4765916,650847,866.3294312101134
4765917,1716922,207.15155179187016
4765918,54306,479.54208215046344
4765919,1999003,395.6836928733567
4765920,561686,462.19947238451084
4765921,251048,937.2476750310022
4765922,751261,612.1406672268616
4765923,450497,13.244515058301598
4765924,1167347,637.1251694271767
4765925,763022,636.7715826088032
4765926,150264,314.68563768929636
4765927,228488,968.8054189485039
4765928,1548377,387.6184005242267
4765929,1658023,107.80042424528003
4765930,1865132,942.4527130415755
4765931,1650795,826.5025573474119
4765932,1376789,114.55675927241926
4765933,663876,956.6714581134089
4765934,866178,77.31908647808694
4765935,508771,962.9159048038534
4765936,1155244,607.7135404635192
4765937,680120,26.524026244785226
4765938,1040003,144.91719635513334
4765939,1645959,996.8306453282222
4765940,1885840,712.9396497039068
4765941,1780840,262.52466187335045
4765942,31282,646.6768173737175
4765943,1370022,704.6556850222696
4765944,810523,160.81752281214656
4765945,1623563,859.4834463667939
4765946,1550939,996.5218777277034
4765947,309848,258.2085325033493
4765948,1100537,48.21960893747013
4765949,1285974,332.9398138695873
4765950,1635622,908.5325195982304
4765951,277050,331.64604006855956
4765952,1490367,164.65294071998682
4765953,373355,341.46425831891224
4765954,1644416,598.3126846106975
4765955,1834272,428.26025952860545
4765956,1267188,212.5561868543806
4765957,867861,212.24997551806524
4765958,1820039,273.96377123742576
4765959,1299084,397.12955111270185
4765960,1086771,838.7221118775321
4765961,552553,713.0776495596104
4765962,910301,259.1346291584621
4765963,1323224,623.6335791403452
4765964,188320,315.19205013934595
4765965,1562742,187.09721224278343
4765966,880275,252.77806914165023
4765967,904544,454.48005747785226
4765968,1407617,188.20858344772574
4765969,1083963,16.447461478553027
4765970,499714,187.29060259969245
4765971,1740531,205.65290501499888
4765972,295981,117.55811587807341
4765973,520580,213.1658856477494
4765974,97666,191.54386580724181
4765975,1709661,706.5818534239238
4765976,90977,266.57868851813583
4765977,1247555,306.1724345299086
4765978,1865977,850.4217290389387
4765979,1321711,801.2376462938952
4765980,82751,214.6528858243073
4765981,456479,806.8948894250666
4765982,267221,427.0191467769768
4765983,743185,219.80793037482104
4765984,263185,358.76773692106923
4765985,234008,605.8061959975063
4765986,519951,336.1953316686155
4765987,1111654,833.1985397827357
4765988,1226365,684.2198579257241
4765989,221742,698.8858479710503
4765990,1986432,70.49375426492166
4765991,132989,326.58984514491874
4765992,1252016,505.4612053200416
4765993,1005292,602.9230036187628
4765994,586390,732.09658331704
4765995,875936,644.3607428852436
4765996,945277,458.4787303002148
4765997,1948013,218.632874249885
4765998,168433,238.98849805042522
4765999,563702,211.60355307109947
4766000,1642243,63.28567830100851
4766001,1616804,492.3618440972374
4766002,1170128,885.9291636647764
4766003,470713,172.992672791651
4766004,1528372,68.23978955743148
4766005,1194720,896.2560115397877
4766006,1924509,885.5029816793356
4766007,1639949,641.8822336440091
4766008,1073136,404.02116686735525
4766009,733014,82.29606101803388
4766010,1332305,783.1419882643881
4766011,372871,209.36045173019457
4766012,1571320,173.16128434954314
4766013,951282,74.420651526375
4766014,1362372,997.6141273378374
4766015,603804,764.1374925570341
4766016,1129380,337.43935769605383
4766017,1242490,500.12455930289923
4766018,1984273,889.7890024179063
4766019,1973692,224.23226407074125
4766020,958546,17.624487355003772
4766021,286769,372.3529152633779
4766022,830308,49.19155173803258
4766023,822386,970.8603907629556
4766024,978793,944.8023081652508
4766025,901685,304.7206768242312
4766026,797821,61.82614033048206
4766027,244153,281.6153811516765
4766028,1424507,992.7149624300844
4766029,1773131,229.3688607854153
4766030,1848460,647.0118263500317
4766031,1213120,799.4422933432959
4766032,1918390,625.0782451716607
4766033,503156,801.1976265487372
4766034,247391,326.83331654330397
4766035,1598696,716.6044489737973
4766036,170164,985.3420483582098
4766037,619854,317.6767582402355
4766038,1632094,709.2612941409467
4766039,693688,962.9884684990282
4766040,1922924,437.2708702015173
4766041,1088382,267.3533945742347
4766042,585037,120.75949180140289
4766043,1100872,0.2373756138436267
4766044,1324764,301.7086976057184
4766045,497316,313.33090754101846
4766046,201415,780.0422644040349
4766047,1502553,435.566570169095
4766048,957017,232.26562165305353
4766049,702046,238.3256002689099
4766050,376725,723.9367675875886
4766051,1686853,380.20612197150814
4766052,1071445,920.195724207688
4766053,273249,66.89124812472791
4766054,1973351,195.28069912339797
4766055,1571425,0.5384207610386049
4766056,779779,976.4424857964176
4766057,505729,818.8273689730869
4766058,12902,445.5825942159769
4766059,1821722,938.6505365122802
4766060,866169,764.8717777788037
4766061,1835611,433.54219535121973
4766062,1610552,200.38384795516316
4766063,1856705,66.78015058705743
4766064,1840863,705.8353480602642
4766065,1707009,645.214689340249
4766066,1037820,634.7138720560284
4766067,1170970,542.8832245164431
4766068,1147148,117.39777277037811
4766069,458911,733.0134962838417
4766070,1685154,364.7098434461622
4766071,1052960,127.96603107437521
4766072,179572,295.2381397497478
4766073,3648,444.06560552636086
4766074,806748,422.2206329578453
4766075,404949,620.6870159503102
4766076,1066051,135.52148162685606
4766077,664071,410.42400874605636
4766078,1558790,391.04724358149167
4766079,832239,585.0434475363854
4766080,1716896,886.3082621316429
4766081,1673229,1.8655542861181207
4766082,442374,780.8456492558735
4766083,1699728,407.6373476009607
4766084,540169,745.3221819511074
4766085,925273,745.5974581902194
4766086,761233,695.852087806066
4766087,1253132,805.0232441288367
4766088,260682,722.6809811001091
4766089,1163219,136.86731688057574
4766090,454526,29.262061208224722
4766091,804739,154.4371489825641
4766092,1715040,912.5088195716822
4766093,1707858,939.1705939107428
4766094,1946586,100.81987394444847
4766095,1287405,821.8717262343604
4766096,1023809,500.960927723873
4766097,650484,992.7447173035579
4766098,1564324,327.2502700464235
4766099,857543,610.9885201103775
4766100,1843602,494.31447075048607
4766101,371215,288.73629288997273
4766102,1511615,123.41780797124247
4766103,894934,521.3212368323689
4766104,1517366,101.35004091996214
4766105,1720908,841.9648015058475
4766106,1140043,796.7583438268731
4766107,1485963,721.7715262631549
4766108,177039,634.0065864793761
4766109,1406228,965.3602635995268
4766110,295758,324.4924464591209
4766111,349230,252.63637008119167
4766112,1082087,469.09919749159224
4766113,1012003,731.0240365736074
4766114,216794,551.5372555243159
4766115,1723910,454.14260397150343
4766116,939864,425.0016355388074
4766117,1487495,764.3540156355449
4766118,1513647,859.9392445061993
4766119,1849269,714.4440654328461
4766120,621690,159.78272603440357
4766121,1698576,18.14731953893922
4766122,417305,180.3392694852104
4766123,714358,961.3835598625977
4766124,1974983,307.43295534207726
4766125,1435277,217.50701469884902
4766126,1558567,6.996090239797637
4766127,423887,128.97292501500468
4766128,253964,131.59562488623888
4766129,1564642,663.3379291043066
4766130,468400,946.4239646327572
4766131,1404181,960.1099601167545
4766132,1119926,791.5783551303786
4766133,595100,732.6400439949429
4766134,342209,393.57210543451725
4766135,1383502,32.84284086610123
4766136,1485580,172.01822864561368
4766137,1461177,940.7975545880557
4766138,925764,159.29056214798055
4766139,308504,644.1731937887482
4766140,553651,772.6277605943466
4766141,1117366,112.72079912186739
4766142,656839,286.86351461738036
4766143,27406,936.9493674824657
4766144,1824128,209.04825143704053
4766145,929655,352.2345000636794
4766146,772300,41.310478564630216
4766147,556089,366.2909725323117
4766148,242558,944.0203680078349
4766149,310227,419.36352348736517
4766150,1055920,469.3569847225595
4766151,355361,638.0492620045959
4766152,14016,952.2747289291619
4766153,1493242,707.4340431149075
4766154,312804,93.2325488745993
4766155,1689056,908.1644314943708
4766156,373042,71.4410071768079
4766157,1767497,677.6430703022507
4766158,1638689,529.0836757213302
4766159,124756,56.011574608776705
4766160,553647,829.2804563869678
4766161,1884683,847.4783013845796
4766162,969011,431.1941932174318
4766163,846437,455.8624369745595
4766164,1711857,755.046649280314
4766165,1252268,325.3617752484805
4766166,719947,326.4863222367157
4766167,549883,286.45686830319204
4766168,103284,382.8010708471258
4766169,1504914,910.1049293050872
4766170,1369379,552.9303955059594
4766171,1671525,973.0369238356714
4766172,1717060,680.1357918686978
4766173,1226858,233.40083794532273
4766174,183291,316.41120244856626
4766175,825779,179.70924796157428
4766176,4995,182.43477398529973
4766177,1088667,204.63058209469042
4766178,1983186,177.71268187932776
4766179,1075296,165.5681570289248
4766180,1472412,21.957474000571132
4766181,916368,84.95797322893328
4766182,464364,604.2687835651847
4766183,92024,750.8710777315148
4766184,406543,377.62303878646765
4766185,1372635,788.582885715892
4766186,641030,79.08572689939398
4766187,631688,718.6937735431803
4766188,663332,861.7705699408613
4766189,1135848,826.9136172497614
4766190,473284,527.1605216194633
4766191,1733083,667.9843514310378
4766192,1353660,603.4650809452369
4766193,1836932,700.4357002856285
4766194,1266902,353.93791711300713
4766195,1373149,2.579477412229192
4766196,867731,453.00451238358386
4766197,1610216,584.0024402170587
4766198,871069,371.0655839012238
4766199,969922,323.3488015116441
4766200,1757017,938.1793976025937
4766201,244433,250.01773720284325
4766202,1869480,362.18242501350795
4766203,1850004,436.51350663220154
4766204,979401,203.35217889436674
4766205,402573,139.73137520943746
4766206,1744977,55.88975692950904
4766207,745557,411.4066111529943
4766208,626253,89.45740606448538
4766209,397765,241.310479086562
4766210,756350,52.068717532080086
4766211,363844,699.3996038649749
4766212,1337695,244.53003587762623
4766213,278807,966.7420082767851
4766214,1460795,525.8229386754404
4766215,615226,462.2851411233566
4766216,1991615,790.3745774462
4766217,736196,568.9902750163869
4766218,762452,504.9752014641439
4766219,697808,174.94102109813724
4766220,395684,607.8555991672921
4766221,470507,319.5474787636221
4766222,1633118,129.03790730118615
4766223,1734831,256.08130100723315
4766224,515197,209.66852266692504
4766225,62445,443.27892754323636
4766226,1243153,532.4847706007879
4766227,1929038,928.3356194244565
4766228,782081,459.86295488292404
4766229,714211,820.3797223411062
4766230,286997,616.1414277285411
4766231,1288413,72.04907694463492
4766232,1186408,685.2254726787435
4766233,1809113,408.88707894831435
4766234,1727036,894.4724818707776
4766235,1129960,24.510907328135765
4766236,67185,174.44725777795279
4766237,1431651,719.7879714677425
4766238,1864090,363.9809101444296
4766239,1875718,436.46114187679694
4766240,1740891,184.64323501550106
4766241,427590,105.59101764989487
4766242,26477,578.3911288864142
4766243,1983109,425.48683704956545
4766244,1370387,153.02966322712354
4766245,378054,439.16892592186906
4766246,680899,567.6534261540578
4766247,133095,767.4510980779285
4766248,1846027,763.9032388592541
4766249,354561,151.85379747389382
4766250,1002626,802.5641968711578
4766251,720049,95.7892883014576
4766252,98341,201.88328425806924
4766253,776976,154.12003197400094
4766254,1271738,14.360784933225567
4766255,928807,750.612411781501
4766256,1185781,399.2888882053683
4766257,614389,582.6238839920824
4766258,120273,538.0860904235312
4766259,1250196,535.3470982479296
4766260,840835,73.33861883593417
4766261,1063168,108.35761870745797
4766262,1302801,26.445703412494524
4766263,333567,851.3404203192888
4766264,452359,447.6735667454318
4766265,866213,908.8258652645212
4766266,1000963,340.5285008346806
4766267,36177,964.551458750612
4766268,201759,851.4220585180972
4766269,655479,459.1786418000845
4766270,1921740,33.653360944911114
4766271,122784,197.74207974813817
4766272,1621440,59.597828091739856
4766273,1850774,883.7497096965371
4766274,615327,629.8337572961176
4766275,825452,870.697472941022
4766276,450326,304.2750842598221
4766277,1681349,26.211650469761814
4766278,1527612,136.8017587470848
4766279,1405162,467.0819371281353
4766280,1627624,238.04058521373105
4766281,1476862,824.5090891281587
4766282,1017439,753.3144329307576
4766283,56714,955.8989679509498
4766284,1876235,336.4139683027393
4766285,785134,57.52568211075237
4766286,1684889,657.6847213397795
4766287,76178,249.3030890472425
4766288,810376,130.43506104915238
4766289,1725987,590.5291178753605
4766290,105931,847.8432872285969
4766291,1526324,861.6328307055936
4766292,1421331,853.2460918095636
4766293,1703576,188.06790027985576
4766294,1791424,423.21134178481026
4766295,1652454,674.4784231467561
4766296,308972,142.87189523545618
4766297,1948689,506.37276916155594
4766298,1602076,177.84884101486077
4766299,146996,845.8738908058931
4766300,1809548,842.9269899203085
4766301,991549,570.0056242394953
4766302,1610014,491.6917905917523
4766303,879948,1.6059199076962072
4766304,1399911,607.693816979639
4766305,572658,328.2425041371525
4766306,842846,267.3533007756488
4766307,1161758,149.51415941349234
4766308,507306,415.6036376554393
4766309,345971,987.4050776242249
4766310,1510158,491.92557908326506
4766311,133296,636.4698408207016
4766312,440757,578.3095618859925
4766313,1041885,90.85215267416258
4766314,1599331,269.61833742660014
4766315,938296,323.3184938915948
4766316,747567,71.8457422416191
4766317,1264050,818.2559070668915
4766318,31756,228.36005649511714
4766319,631913,65.57430925649189
4766320,716622,825.7693447631926
4766321,44103,706.1726174593355
4766322,1509248,65.95834018372571
4766323,1016668,889.3879955974464
4766324,1001791,789.802540117995
4766325,649236,890.5782885347571
4766326,555187,630.9682023933401
4766327,562431,723.6133330347388
4766328,1363364,617.4557374768323
4766329,1789502,97.14408039454526
4766330,192717,40.56469610555868
4766331,1784894,4.015492413627197
4766332,1482341,419.0820515938165
4766333,933977,312.8934149325321
4766334,1362272,124.19679855182153
4766335,556445,967.1938669259448
4766336,1097703,738.0403490644209
4766337,209203,743.554385504621
4766338,346858,496.8312277050683
4766339,143625,186.54929211746742
4766340,1524093,248.47809648577757
4766341,1462501,271.48148450066026
4766342,1169327,321.4780966981996
4766343,78962,554.1747052638427
4766344,280815,462.97522869475637
4766345,372498,152.2607821066364
4766346,1160431,738.3179887824701
4766347,1390653,145.60923358662947
4766348,1828388,915.1825097493866
4766349,542455,357.09725838033023
4766350,1448420,142.62527938940494
4766351,160573,532.1662255322912
4766352,661042,253.92075336888587
4766353,1388643,254.49084884963247
4766354,842602,741.7603286032805
4766355,1668110,94.35640846583537
4766356,1284183,547.3630743641062
4766357,1232567,886.7633166263962
4766358,1608698,213.5457010256183
4766359,1190351,210.26518997518195
4766360,1956100,408.19671653074874
4766361,268996,51.8679084622572
4766362,1634266,692.9994785654142
4766363,1382205,577.8011012622337
4766364,1716949,978.5483330159175
4766365,1548980,154.28106787625907
4766366,1912722,997.6920350669594
4766367,1942856,182.15554734018923
4766368,830928,881.5509930360948
4766369,818647,830.8717579250413
4766370,1300501,746.5550779362659
4766371,1309996,914.6825358626148
4766372,1437754,654.6391390921737
4766373,1478214,244.71384758959437
4766374,156482,323.85967391356263
4766375,1011584,106.35859424967798
4766376,14734,84.18527485592531
4766377,65908,870.8356961314321
4766378,1386140,380.37695024359294
4766379,1435487,755.8705842753566
4766380,821806,62.54169607629845
4766381,871106,519.6026003504347
4766382,742392,570.8466588639324
4766383,802659,61.7352975456853
4766384,896922,751.1614929477138
4766385,1398598,584.0043387074628
4766386,689794,440.6812784453874
4766387,253975,456.5477483465773
4766388,234964,551.5913979158731
4766389,1923384,584.2254328953514
4766390,1839176,452.515946672149
4766391,29546,299.47452284891216
4766392,25269,584.5073293120676
4766393,609937,555.214766492415
4766394,315616,653.5639826768299
4766395,1342902,860.1064576509225
4766396,1520458,862.9059193458374
4766397,338941,332.3105654260129
4766398,844563,728.1967030602059
4766399,746937,764.0866720052397
4766400,1730617,498.97361836119023
4766401,1696306,49.125897880287205
4766402,846702,985.2872189397644
4766403,1628357,722.6712944594868
4766404,1450369,629.9052978149955
4766405,796687,828.1791727477338
4766406,112989,502.7431516663944
4766407,599802,956.9555290181665
4766408,140546,896.5970037914569
4766409,735176,654.6782384756068
4766410,884369,947.8219307278141
4766411,571051,814.5801398210566
4766412,1721889,769.0759804862072
4766413,1284202,259.833927091496
4766414,114473,239.92821763380923
4766415,691885,371.5473727885106
4766416,796596,204.37923688872038
4766417,956166,941.3023858595938
4766418,1405652,783.1864863903231
4766419,1689387,575.8408998231463
4766420,341874,795.3985408340523
4766421,705642,632.5699386560982
4766422,1033567,113.20776692867418
4766423,88521,299.09610539368236
4766424,1534404,912.4852286699931
4766425,1958102,772.2125439007672
4766426,429364,182.35212810556112
4766427,1745426,347.0248700446782
4766428,1905757,279.7580262709134
4766429,184234,965.7107141610437
4766430,1473985,228.69823488629459
4766431,333144,573.6911408113081
4766432,812369,24.817764476336656
4766433,604820,285.6590759425674
4766434,1765253,86.34405735597228
4766435,629308,721.403221994613
4766436,828797,955.9734895773423
4766437,168808,388.5876920622422
4766438,1350001,329.6708643282069
4766439,31367,808.9698692679317
4766440,1310807,607.0035727671019
4766441,28252,958.0058216871015
4766442,1260461,115.35135530136343
4766443,1789249,680.4153174822225
4766444,1377490,538.3080045559235
4766445,1940478,58.41627308073394
4766446,1945662,349.4265777969545
4766447,1953548,417.7050346712484
4766448,505900,402.9595163366614
4766449,595008,832.0917456515531
4766450,192476,118.16277109733042
4766451,136462,492.8541303476567
4766452,1791396,192.0868037175758
4766453,1751266,644.6467317415044
4766454,1810928,600.3367791730743
4766455,1229053,635.8701432094292
4766456,223235,153.18312262486046
4766457,342963,425.7968998359382
4766458,1224168,387.6220781016495
4766459,331170,277.979250240331
4766460,1425625,213.13019769914354
4766461,12929,271.71730868277467
4766462,1976621,194.93087378311802
4766463,746006,211.3584798385978
4766464,1439108,216.6225644804163
4766465,562999,894.3433492103029
4766466,1320754,584.4530383164717
4766467,1052375,583.4249820963054
4766468,236574,622.9623620491544
4766469,1358036,155.06838864878137
4766470,1299917,832.0162477316612
4766471,871399,813.2825606279489
4766472,1714462,426.47814957008126
4766473,1806744,783.1601273057098
4766474,1571677,853.171659481183
4766475,1954584,805.2692772611248
4766476,1500633,88.18964510185646
4766477,758196,175.47288780308114
4766478,1529206,552.34088440764
4766479,942253,560.6511882099112
4766480,286437,859.3576438212118
4766481,1942160,797.3641546261243
4766482,490288,826.6791300097681
4766483,1479825,828.6704661672568
4766484,1616602,390.18247431538254
4766485,1601792,83.61039391034053
4766486,1234366,226.49727422051978
4766487,522924,56.82131614298813
4766488,1862681,80.29446082549508
4766489,697420,596.831792853286
4766490,675116,875.3175729643866
4766491,1825592,961.4657327455299
4766492,1437521,275.62885030221184
4766493,862285,466.43127169620857
4766494,1805692,901.62172165393
4766495,411887,834.5751279202531
4766496,1824774,951.9536678855729
4766497,191499,54.15544401299055
4766498,622847,653.8575132765284
4766499,1548523,625.4046222383861
4766500,554149,937.9546445864139
4766501,380295,249.0049335869764
4766502,980436,677.6152866047894
4766503,122890,599.4937716383097
4766504,260373,456.8527195013431
4766505,1241509,597.5498360932509
4766506,351341,408.3609811474559
4766507,704239,431.08720194079444
4766508,296263,441.54145870795094
4766509,565752,49.70736441174262
4766510,1677052,296.11018378190244
4766511,849769,758.4054052350979
4766512,93559,923.6593547723421
4766513,1759643,135.9921861008071
4766514,1925789,581.5123867392705
4766515,1221582,356.86135448147814
4766516,453641,943.7598245589847
4766517,1114807,868.1703737873005
4766518,685361,338.76248679092333
4766519,1568226,617.4671974220079
4766520,65918,163.54862861685916
4766521,601811,627.1351783717698
4766522,760762,224.0461232519241
4766523,636172,945.1358466392015
4766524,241985,988.2430139608165
4766525,441418,681.5155686684394
4766526,565703,704.7928078786192
4766527,338556,27.392211283899126
4766528,790164,555.4481205816724
4766529,1042233,716.2945179570438
4766530,738887,187.23577292739802
4766531,829269,586.1146935004225
4766532,757905,132.03311253384297
4766533,21034,791.2932566668379
4766534,379561,538.3069991103298
4766535,1571684,619.3272421758169
4766536,1249945,726.7196750102758
4766537,1883973,954.8577780037891
4766538,975866,189.96329087842022
4766539,1870933,899.3648007074523
4766540,715472,871.5599027386369
4766541,482635,164.62825019066995
4766542,1398111,333.44979702261725
4766543,713944,694.9730824782137
4766544,278636,860.6339691229844
4766545,1051532,276.39999983167985
4766546,1426298,551.2939100039874
4766547,1324414,653.3802398357058
4766548,106796,527.9725654340411
4766549,136530,884.8695634280451
4766550,957290,243.3924033668221
4766551,840298,723.5759953979226
4766552,230670,310.28199951153067
4766553,1010248,373.1664657921905
4766554,897134,257.91362165884215
4766555,164417,219.07595192935793
4766556,159971,605.7629510188767
4766557,1234609,779.8839441457267
4766558,1763355,783.7487349338743
4766559,1844353,319.64865776140806
4766560,1481487,156.37965275008048
4766561,898207,284.2793370161063
4766562,184478,213.57687609759867
4766563,1964508,125.11318606196609
4766564,1323698,347.6889097325635
4766565,876185,839.8089505494837
4766566,821403,563.9917634858998
4766567,1978717,762.5751541931972
4766568,1653231,241.13082979771028
4766569,170252,941.0053266860119
4766570,81511,264.11868606312584
4766571,1631664,58.820033332429354
4766572,1885070,313.27737519454877
4766573,1664506,851.1439406817367
4766574,612807,832.3032328745551
4766575,730053,900.964828448649
4766576,1241515,887.4090471651921
4766577,1213068,555.9042906899308
4766578,1105356,299.4453474487361
4766579,992947,234.9898437028476
4766580,1727873,287.4628400996886
4766581,221597,378.2139811879641
4766582,1176412,747.8865629640484
4766583,85483,739.321700339783
4766584,364663,747.6885008305043
4766585,1288199,408.96544333801387
4766586,264796,497.75099456910533
4766587,1418130,720.8319230525829
4766588,1400746,517.7310245775702
4766589,929390,179.8480935544611
4766590,349573,383.90499130024045
4766591,43077,247.67195991544654
4766592,1322556,679.833549796395
4766593,477112,616.4955494435325
4766594,616655,963.957049163285
4766595,1579982,125.6136998049826
4766596,535210,57.39993666750964
4766597,855312,6.692506313213276
4766598,1776034,919.1177815692657
4766599,291545,141.85314954658324
4766600,1055062,560.180720583845
4766601,1895887,587.4085433776642
4766602,1636204,541.7500793998721
4766603,1837229,729.7652860452866
4766604,1486281,468.36263691583434
4766605,287110,160.0151109223975
4766606,768086,229.6298930340994
4766607,1240500,287.9166876091803
4766608,249794,653.7068137004308
4766609,1500252,413.2439357444082
4766610,418098,924.1424659504156
4766611,1056059,898.9056701056619
4766612,110986,869.7279075940595
4766613,1307472,346.26876637093926
4766614,1292612,132.53921347418918
4766615,1300927,897.1237737450971
4766616,826405,539.7074222932912
4766617,1911047,185.12132405401215
4766618,1378832,597.6243370135776
4766619,1850831,465.33904286008766
4766620,1039539,906.7128216530263
4766621,822930,515.6204088289893
4766622,1652081,633.9988904123991
4766623,605289,764.4280697430843
4766624,450926,84.57330737987778
4766625,1623173,770.6440499209643
4766626,1335627,494.5233161224098
4766627,404422,479.14698340997097
4766628,1965491,64.32775386428169
4766629,432544,100.89270622165103
4766630,683544,171.36592223703562
4766631,22657,425.8397547286319
4766632,1365276,393.5261582890723
4766633,1555689,699.4820038644388
4766634,1243059,893.5892334541395
4766635,1430314,454.98663209891555
4766636,211790,771.9209352936102
4766637,843253,507.00369960785474
4766638,1767156,222.8099744154678
4766639,1017721,191.48033779453976
4766640,465196,855.533470855954
4766641,471446,979.5475582151274
4766642,1795580,21.97201102942159
4766643,1672786,93.35538095094232
4766644,1860119,723.7579577247658
4766645,1820938,768.4817250366691
4766646,1485382,856.899339118545
4766647,1611411,119.87430943744882
4766648,784545,209.08828101781717
4766649,486209,228.19821622384896
4766650,559402,682.264907003255
4766651,802319,731.2392624132046
4766652,1421976,447.0570441189959
4766653,932371,377.5297043065323
4766654,716042,396.2985084667506
4766655,873601,611.0037203630152
4766656,1413702,175.70485665893654
4766657,601417,347.4072179124962
4766658,765350,546.3653388609397
4766659,314601,802.6584032467262
4766660,386917,189.63649559089833
4766661,1156197,728.884828213729
4766662,618407,460.27583312607334
4766663,1902203,555.6269054606154
4766664,862066,825.7323369975954
4766665,358360,192.500911334192
4766666,1733129,87.42875427792285
4766667,1074809,116.54550256415241
4766668,473240,468.332910098791
4766669,1325386,257.4483932483163
4766670,1695014,254.54792711494045
4766671,871206,691.5400715618348
4766672,1604786,682.197787778889
4766673,1722901,619.284304753278
4766674,1056435,656.7666922217359
4766675,249914,867.3060029456872
4766676,1392946,983.7986200689741
4766677,1743507,578.8165507391991
4766678,268353,400.84595375777286
4766679,404761,713.9579829049417
4766680,952885,248.44303293197723
4766681,1517471,98.01862803335027
4766682,746128,529.9939484081624
4766683,221410,100.48998880722249
4766684,1007655,372.4704158963822
4766685,1889685,312.8426627620943
4766686,778281,93.15070277169934
4766687,212481,632.1434978395005
4766688,1166297,36.38708751691966
4766689,1526692,371.7829674655189
4766690,330602,333.7431318771571
4766691,1333805,15.742006014204835
4766692,1454469,986.1821719351949
4766693,707527,481.9655743669002
4766694,445558,777.9487625041214
4766695,755368,392.6687770410133
4766696,1407990,977.2353035267338
4766697,1833167,894.8359128991572
4766698,906355,966.6051936540686
4766699,299378,765.1705778316664
4766700,1269287,558.5062607422108
4766701,1839254,578.8479224886805
4766702,934803,854.6842734834976
4766703,20687,110.44739870022336
4766704,222697,298.0103288357832
4766705,1254574,388.55116298974957
4766706,291337,352.2520279200101
4766707,1167303,45.79147609190359
4766708,476913,729.0658876613448
4766709,259243,921.6825100065619
4766710,1518644,569.0324592494255
4766711,246769,37.88293101318241
4766712,296075,171.05090413110625
4766713,601886,338.68405017093306
4766714,1461607,318.51943322271717
4766715,704012,557.5092246795323
4766716,1435442,440.2365085854283
4766717,1246905,9.72583125707871
4766718,820117,830.1386395693524
4766719,1536554,308.60415061958935
4766720,1129304,123.8082782423221
4766721,902529,658.7498526633003
4766722,160522,625.1970917535142
4766723,744065,123.96865196810647
4766724,574332,652.9084849122258
4766725,644631,496.37482383000076
4766726,380602,44.38090935941719
4766727,727059,669.1613491261564
4766728,31799,326.03910812519786
4766729,27949,516.0250123016025
4766730,1404504,688.9063329160055
4766731,1115519,84.53451265151124
4766732,1835180,948.1459852020372
4766733,911890,932.837261007902
4766734,494789,374.1809530852407
4766735,609731,337.2162198044091
4766736,1921069,276.22432238080575
4766737,556311,5.710996882402952
4766738,1543179,329.59241521878204
4766739,1598043,269.47904484525196
4766740,1217906,907.3630152531694
4766741,160115,853.6299113534889
4766742,1381108,588.5063101753489
4766743,1810664,829.3300276078934
4766744,127676,772.097190922728
4766745,743315,244.86716956718658
4766746,1045835,18.783023167386336
4766747,1723995,194.18585451293592
4766748,616747,7.020768818213896
4766749,1292148,716.7689365253683
4766750,1995518,206.9191826793577
4766751,1059045,99.20336087785608
4766752,403144,762.3550317866798
4766753,1987563,41.19058365867711
4766754,405423,359.3459422486052
4766755,1023401,706.2425038434318
4766756,38941,783.0293414408187
4766757,190096,82.3333686125003
4766758,71175,522.2221663253583
4766759,500376,531.159432864167
4766760,566897,334.9713659779213
4766761,719075,453.88460412039
4766762,65394,796.0292527830217
4766763,1287927,235.98226342870586
4766764,1048201,72.87126672021749
4766765,1816960,823.5746812446804
4766766,198266,880.664622506146
4766767,1829297,791.0284617563893
4766768,1239229,272.94457455520325
4766769,1847986,602.4040682902917
4766770,609168,21.534731733107936
4766771,1517332,216.1648313268637
4766772,1624924,478.5582298214709
4766773,679205,313.65332153261403
4766774,1467121,368.03139941189664
4766775,1527859,597.599704422137
4766776,1338661,777.7400618094116
4766777,1647305,738.216488745521
4766778,339205,685.723793385827
4766779,1860597,285.34487009772766
4766780,361633,458.29919301489184
4766781,1928995,742.8517894260258
4766782,1852003,313.3747020396577
4766783,1069962,771.1241921166057
4766784,1663822,860.0514019799456
4766785,616602,576.0829780942206
4766786,747702,925.8445927074755
4766787,1200021,658.7098431371563
4766788,580759,850.5431304194361
4766789,1647217,745.8404957149615
4766790,1946240,86.98446476109922
4766791,1155154,305.9769868842219
4766792,1399517,158.18925340954027
4766793,939387,341.1457781606649
4766794,1248290,403.70306160171975
4766795,77209,218.9917659886179
4766796,909179,389.89126868349376
4766797,978907,29.71419925837504
4766798,822526,837.4475395515384
4766799,518422,98.64080202945735
4766800,1371206,278.96125782532454
4766801,1767533,720.0935069343873
4766802,914575,23.968452863019408
4766803,1520224,570.6341926936024
4766804,285432,191.40487207587876
4766805,1319200,735.4484208459204
4766806,1292708,354.60161896790663
4766807,1163258,933.5209553966021
4766808,464031,109.13704618358678
4766809,980665,558.1245129009737
4766810,136722,776.9254090034515
4766811,149362,109.42645533368834
4766812,1319956,178.3323218238444
4766813,1215517,199.91307136514226
4766814,968746,961.4158579939791
4766815,1428809,216.97930750442563
4766816,163727,526.5193313744759
4766817,1517296,431.71164839585987
4766818,800549,783.8853893835617
4766819,1084421,916.8327460452641
4766820,648302,473.6177501596165
4766821,1620163,496.7067851401474
4766822,514524,723.1084706411021
4766823,1523879,481.38676578766524
4766824,1368024,705.4051633863401
4766825,1917090,818.0545897395912
4766826,710898,247.37073159858915
4766827,1698799,987.5447316051723
4766828,1055756,732.8584175697073
4766829,892567,359.6700849922914
4766830,505056,74.1885178311088
4766831,1738082,821.9960708547675
4766832,40402,714.9630032743969
4766833,405786,61.32649876777852
4766834,369477,928.7004899222452
4766835,1375682,365.716879910114
4766836,1013729,399.41106862923516
4766837,1035776,61.68652986542455
4766838,170240,835.4223669837072
4766839,1688934,332.0456793108032
4766840,441620,781.5694084697957
4766841,63544,873.7343650760256
4766842,115764,401.19007238763794
4766843,440914,771.7969847482519
4766844,1588554,941.0110322054609
4766845,1236909,662.3150860560726
4766846,89374,629.9366428037291
4766847,1546633,521.1472564322687
4766848,471655,440.4088615141313
4766849,481324,243.25548505969473
4766850,962462,322.0956226012677
4766851,186449,386.6147318974452
4766852,6269,123.37879336330526
4766853,1913508,96.96336758905977
4766854,1308078,787.5687183346129
4766855,1539570,841.0915276155612
4766856,1578774,950.9347136144756
4766857,622695,427.4877114718857
4766858,1861390,674.0017282147704
4766859,1865697,328.8171457318825
4766860,1915717,185.39701564905477
4766861,1196861,564.4785937190504
4766862,12369,898.0079509766989
4766863,945783,544.8048933716709
4766864,1170620,503.6704202772987
4766865,1399699,634.6162849828321
4766866,305279,298.3679753719797
4766867,1466355,839.2360413143509
4766868,867249,476.4054476938192
4766869,1733998,963.9740279569734
4766870,62817,10.766243680762289
4766871,1658925,137.38697865412698
4766872,1686265,727.9473468738333
4766873,617691,508.74416811645216
4766874,1187631,364.03060304685164
4766875,235626,158.79800534455902
4766876,640294,478.39782902221697
4766877,314555,336.69440431715867
4766878,1964044,810.7590648825342
4766879,17789,426.2501535620343
4766880,1622631,581.2306447038815
4766881,1452869,426.8271772435258
4766882,40240,866.2956339515325
4766883,46010,971.3133875673759
4766884,934094,540.714348715855
4766885,1906193,835.3500273227241
4766886,122658,140.92501610568232
4766887,73082,839.9402578413832
4766888,1504484,21.39201473451646
4766889,1591235,537.3434196281133
4766890,1841440,59.30917263618485
4766891,1833483,101.13307585085496
4766892,1121628,744.1432687370865
4766893,612398,691.0578319860549
4766894,1025084,18.971069551842913
4766895,1995712,52.30398243658308
4766896,1960411,363.5067921123869
4766897,1635678,248.08255069992967
4766898,1223477,604.0147996906608
4766899,939851,310.53289332565646
4766900,1961996,774.7980752255289
4766901,1053815,354.86973474295024
4766902,770673,534.1523416342062
4766903,269710,893.2241946320984
4766904,908010,950.1705555042179
4766905,188217,845.7968118407549
4766906,62357,867.5204311852474
4766907,129027,530.7635329048463
4766908,991586,390.97240720646033
4766909,1084703,788.7841946470738
4766910,174018,168.95299039440403
4766911,1676128,667.8502250152285
4766912,523937,394.74837679618645
4766913,13862,848.8251348043793
4766914,294893,658.4771839177282
4766915,1553546,618.9199128804987
4766916,736322,128.98163577855982
4766917,1665066,120.97389469841413
4766918,260698,893.8075306104698
4766919,1031207,793.5542832578459
4766920,1166410,621.9825665606785
4766921,350481,638.8163420092679
4766922,148743,634.6523884896518
4766923,1049167,980.9028107212957
4766924,914230,190.27783961035348
4766925,1062992,317.62459065892256
4766926,1600833,624.3487940412094
4766927,176816,552.857272129269
4766928,207231,125.90051370969712
4766929,51894,928.93199921059
4766930,79239,3.829447539429043
4766931,691397,447.07909343451325
4766932,1357165,785.6621710256608
4766933,1942461,383.59766015764194
4766934,1521757,899.0369393203176
4766935,773166,181.79327819030644
4766936,1016101,746.9116681407224
4766937,1997378,982.6952447764062
4766938,1130196,109.52652165412324
4766939,350201,848.4784994122194
4766940,327024,784.8480609418459
4766941,733772,453.04302624572114
4766942,1604014,242.12024586315252
4766943,147510,980.3540591357018
4766944,1341808,285.45050851913646
4766945,1297195,626.6850470121776
4766946,1940944,707.6662934003605
4766947,1896261,407.39037780324315
4766948,552064,390.2083164088345
4766949,120246,25.961379126458574
4766950,1705400,354.71293133467395
4766951,548564,122.22390519780824
4766952,89033,703.2172387950374
4766953,1181410,723.9675166674688
4766954,1086647,271.5926845604095
4766955,154251,308.06583082238893
4766956,663802,829.2316777119102
4766957,1454853,108.55413951796922
4766958,599343,408.72971508977474
4766959,770503,457.84184185048537
4766960,404103,261.1140960689851
4766961,1358431,661.8252665728354
4766962,1353226,140.52137887951477
4766963,1878541,587.4257993557599
4766964,222578,780.0059922515777
4766965,1765804,994.281053841676
4766966,51048,748.7444997414416
4766967,140100,264.3547372782775
4766968,1882982,519.6000188172309
4766969,284983,60.04459002986173
4766970,787314,876.5400861225114
4766971,972046,822.2614786687814
4766972,611835,833.5228738601145
4766973,1051624,511.86913553218835
4766974,1799575,23.143214419794944
4766975,1827328,552.7216275557205
4766976,821979,53.50926075941476
4766977,953457,378.59645859832483
4766978,160094,197.8718649708491
4766979,456349,329.5865780674897
4766980,293123,735.0488390014166
4766981,1909543,902.8120781448749
4766982,558189,521.0536363530247
4766983,1238485,950.1244166228812
4766984,1602564,879.79312252425
4766985,724427,771.2620513659251
4766986,1945724,591.8892441818363
4766987,645674,869.629109283832
4766988,1060997,279.6002407800905
4766989,1192905,285.28429447484837
4766990,10318,806.8351042425884
4766991,465780,431.8482354967067
4766992,228448,971.6147090785595
4766993,647276,530.9055584969703
4766994,540606,882.4824150975512
4766995,1928793,859.7455534583335
4766996,1008069,565.5086311167523
4766997,1254555,865.177858844171
4766998,1114336,902.014864515987
4766999,1377400,12.299464888876122
4767000,188794,822.922733179952
4767001,1645254,51.67448369642591
4767002,1258675,50.043349652786894
4767003,1894338,425.5689404644141
4767004,1630166,47.43400213745041
4767005,1643074,840.6030613562966
4767006,1096499,8.85038117407233
4767007,307042,500.99826653225364
4767008,1474866,917.1950423615615
4767009,1564672,818.2713239067886
4767010,189084,109.81452598480257
4767011,1804151,616.9642418245178
4767012,1553528,187.49195016102027
4767013,1985450,220.3838638279504
4767014,1272250,222.16123946336685
4767015,35500,578.4415488784363
4767016,1421499,258.7407262000658
4767017,1788658,588.0379518074851
4767018,1551424,533.7287972764622
4767019,492521,182.40655798903492
4767020,455111,822.8066996363775
4767021,513736,658.9487090590974
4767022,1971319,50.28045797651159
4767023,1602881,470.74123260635395
4767024,1515736,94.13965708303729
4767025,1545027,555.7820953018567
4767026,1150465,902.7363561698443
4767027,1867625,525.2953650844515
4767028,440743,231.11490479608065
4767029,998870,48.64533430925355
4767030,498553,398.8291313606864
4767031,974673,780.2145514830278
4767032,959876,284.55867479557315
4767033,1870622,532.169509515426
4767034,645835,224.72856600207248
4767035,349839,44.55232651846741
4767036,348681,749.6736361542208
4767037,1878014,32.07227874354568
4767038,1915229,183.2552550192027
4767039,1143765,723.0086239943853
4767040,1597937,257.11470469229016
4767041,889633,257.0467760459608
4767042,156575,43.198406721004055
4767043,646354,517.8646688025312
4767044,976178,87.2136017169709
4767045,1328331,297.66688794644426
4767046,1985482,56.468056365577944
4767047,1050671,347.903217743888
4767048,39999,408.26241862151926
4767049,592816,360.235156088201
4767050,1955239,276.7864304392576
4767051,1023500,179.81403663840123
4767052,1276070,123.70904133896188
4767053,1479966,183.12993949780397
4767054,1616577,795.7578917411823
4767055,1942972,574.1268002122854
4767056,137648,162.77894253371784
4767057,479855,9.225091753553016
4767058,571945,536.5756213679728
4767059,296852,765.084567704939
4767060,528365,169.20277274239027
4767061,972382,698.5445298946856
4767062,1271601,63.607813266942316
4767063,1045210,232.2813380835661
4767064,987055,628.5793453713181
4767065,63601,835.2743556056931
4767066,549593,251.57148879856496
4767067,848774,924.2368161955288
4767068,1077097,254.97951543969998
4767069,1754798,386.65293653805765
4767070,633185,18.89797555780326
4767071,961971,716.9977463488052
4767072,1347093,856.3277681089685
4767073,289738,464.0236708579096
4767074,1516768,613.5272278744362
4767075,990465,278.9677849732056
4767076,1238858,176.4011135138197
4767077,1832154,193.06157548896218
4767078,1600401,532.7137283516156
4767079,1326616,997.284651362429
4767080,1664130,899.0224656267897
4767081,522361,498.55148038458555
4767082,168827,472.6704455274998
4767083,409248,409.16545003043814
4767084,512485,750.862102021681
4767085,246736,228.79554819090697
4767086,905158,305.1459919650018
4767087,158572,352.58953091554326
4767088,130837,879.8109675839887
4767089,503040,292.54552279515934
4767090,1517499,845.5646549395263
4767091,616000,343.51894220221146
4767092,303506,396.9944723430822
4767093,1629912,309.4167790261336
4767094,1582792,146.01461746105704
4767095,466681,138.5030820573383
4767096,1309843,589.2137028020799
4767097,823322,305.06753319953503
4767098,797665,169.16927890727905
4767099,302003,750.3377827883978
4767100,1700416,880.6000684862518
4767101,118274,337.21663193604866
4767102,861459,170.87503052436014
4767103,566141,610.8287672837033
4767104,1308747,659.6597994121407
4767105,1628055,152.50619557183276
4767106,1441072,648.926051523075
4767107,1838210,900.1079843448773
4767108,1647264,527.1298709964622
4767109,43871,765.2095580564654
4767110,606697,454.9694908937605
4767111,1154883,887.1763406457513
4767112,1092544,403.2659496323632
4767113,1659844,911.0347482272346
4767114,183524,20.128412538515494
4767115,271696,361.690757113163
4767116,972029,160.20630687983183
4767117,665688,208.06199285481475
4767118,1496634,704.6598201688195
4767119,1600150,993.4887993610665
4767120,1857122,26.32770806930429
4767121,799075,247.53977502368397
4767122,276443,377.0873115664547
4767123,29095,984.4190556871491
4767124,1295005,746.8283478669267
4767125,1508617,680.6672765540876
4767126,980009,626.1294159004863
4767127,1339614,241.97440458538978
4767128,393831,564.0096571408435
4767129,920990,642.7606605948253
4767130,1074351,570.0849729085409
4767131,1319296,13.816225515352443
4767132,1902484,858.1137271050676
4767133,1113277,991.7779738206526
4767134,1230590,293.06227822094024
4767135,1664566,251.9553225282547
4767136,1900585,403.1454915802688
4767137,1001345,398.92763205592854
4767138,1240368,318.1581902832887
4767139,1112724,461.89512877787774
4767140,91694,652.4166586613978
4767141,567497,999.0612144029329
4767142,1404890,452.43053654539455
4767143,1283389,801.1467402923154
4767144,412870,212.20885679229661
4767145,914875,635.8000953346034
4767146,448314,407.8883179283017
4767147,1518136,73.59557629500846
4767148,355792,114.03588712798951
4767149,546787,520.1337857845384
4767150,1600461,449.3988992423281
4767151,1413009,513.9694023446203
4767152,645462,741.5168910830745
4767153,577943,954.3360761909546
4767154,1851525,575.0865258376242
4767155,1204052,621.2122051036295
4767156,741378,409.737586457146
4767157,1515139,632.7540887487213
4767158,1087454,97.55175379544868
4767159,1152796,132.53966786007675
4767160,866680,22.688596092770517
4767161,1484571,480.13233964092336
4767162,364426,972.600518877799
4767163,1911176,463.90103986040697
4767164,99321,832.7317774405805
4767165,583625,412.28374581324823
4767166,1050648,594.594943203578
4767167,645031,167.27552932114708
4767168,1087139,715.3000498633603
4767169,31327,802.7454353724465
4767170,1969521,117.49250576267455
4767171,504332,837.7838219672578
4767172,962569,955.0038363861183
4767173,1931801,165.451321582736
4767174,1609402,927.4618934038605
4767175,1654651,144.17994180758075
4767176,694652,888.1128891740054
4767177,39135,19.878105500586663
4767178,1117227,444.50454005306017
4767179,1852991,188.80407281359834
4767180,800927,457.03700449492635
4767181,1313555,113.78799109347271
4767182,1201482,450.9971815924733
4767183,1885585,527.0679048486666
4767184,1622755,618.391154940396
4767185,1081414,580.0384923509823
4767186,458595,771.4155272862107
4767187,1726126,806.045807892255
4767188,629806,599.1575030630976
4767189,1829712,840.7838651092975
4767190,599302,824.061428439381
4767191,1834559,958.9256721612263
4767192,63268,628.9932374282043
4767193,1849498,500.1842226203415
4767194,746988,882.8307132418823
4767195,954659,676.9513203848326
4767196,1416080,483.25958483130074
4767197,1556109,6.218075904968257
4767198,100538,732.3571445222309
4767199,274822,863.1987627496231
4767200,1621841,597.2858078205561
4767201,1619691,591.4746654395121
4767202,1214476,516.4327029667218
4767203,189749,286.0506820969926
4767204,576018,305.040309789154
4767205,751272,653.1073468345426
4767206,597904,42.92647379512682
4767207,1247768,371.88525617222723
4767208,1906086,67.73561298318376
4767209,1838385,626.4123343841173
4767210,323402,548.528473829479
4767211,838928,243.52146462851698
4767212,962220,155.99316296551
4767213,864350,127.7202718485585
4767214,313882,527.5344295359513
4767215,1317161,536.9054225206457
4767216,1869348,150.82644513550602
4767217,1455439,421.8249488102822
4767218,410527,109.03460370699025
4767219,1967726,217.0037143183766
4767220,1305707,461.98528851309396
4767221,543555,308.38569529629024
4767222,396974,953.1101806735279
4767223,1700556,231.42739048628758
4767224,1922353,24.975380196664677
4767225,1184253,194.11795783489816
4767226,931224,370.9403768145677
4767227,439598,248.47214282097298
4767228,1673430,872.5402441551198
4767229,250928,373.5428152235692
4767230,1699398,414.0323540660675
4767231,1830466,640.828444676196
4767232,644506,560.3832308711869
4767233,1330435,888.9720550714978
4767234,120578,53.37537829763272
4767235,39988,153.0839894637015
4767236,1747553,20.25475920365938
4767237,606586,840.857611410082
4767238,116742,785.9619904515725
4767239,1737404,667.8402916444634
4767240,167800,512.8445124796814
4767241,1117531,930.8202307338146
4767242,618288,993.4092277738154
4767243,581198,932.1735475728476
4767244,1259028,940.3155001020734
4767245,1188480,508.68944315430633
4767246,1049717,130.95723925466373
4767247,1859923,659.3431692113321
4767248,1005710,40.723151619799005
4767249,1189893,316.9101559111301
4767250,386306,520.2082040227448
4767251,1966779,393.7850644112284
4767252,314670,210.61060014003687
4767253,739166,516.4807566303339
4767254,49934,206.52790926387644
4767255,1604955,559.2697718813919
4767256,889486,958.7334639541625
4767257,1731866,891.0624339152544
4767258,824141,631.8067791974433
4767259,1886512,781.7555567464346
4767260,1213697,437.81915897799763
4767261,1978673,308.6012547883771
4767262,856077,890.8273480385091
4767263,733692,486.0720625662196
4767264,695867,610.8240660825683
4767265,130189,155.45406264165584
4767266,1549050,832.2355337396156
4767267,208410,225.61012710790095
4767268,1583494,866.1048735102587
4767269,752602,549.7559693928316
4767270,1683760,864.0607581096151
4767271,569326,53.888617243295634
4767272,1465985,104.28967216442919
4767273,1557275,675.1048233430948
4767274,1415297,970.1839444941771
4767275,1817314,747.4079160538203
4767276,1986883,106.1382047134628
4767277,1902102,469.2576978286911
4767278,64597,244.52212329409696
4767279,1099607,749.1333484211269
4767280,1509786,910.7416033658649
4767281,1137954,34.398219532591476
4767282,1417333,705.7752714466873
4767283,1018509,700.9422569179552
4767284,1384171,789.3974516170512
4767285,782844,969.8965087202655
4767286,559747,292.71844984785656
4767287,1873102,907.0686357278267
4767288,1035957,483.0652001707927
4767289,188632,144.59983098992925
4767290,734327,162.09787283317368
4767291,1196859,250.8771241193728
4767292,160799,231.47513492150108
4767293,154027,715.2159764454274
4767294,353747,269.9512804731583
4767295,1590951,386.25645722344734
4767296,933559,99.38447030975594
4767297,1622728,967.1105865133356
4767298,1384593,495.78793676912716
4767299,712169,563.4452553953419
4767300,82615,196.71206850536583
4767301,83694,432.7223457088678
4767302,609043,511.8975823028611
4767303,1734947,999.1424573073675
4767304,1055033,966.4299274361865
4767305,1893584,137.8868714577137
4767306,217861,494.5864543058374
4767307,646307,70.52381115735962
4767308,170868,550.8604107297227
4767309,1847449,745.1834139172536
4767310,441976,820.329396161237
4767311,147533,597.1656022703805
4767312,1029739,1.4701894228992263
4767313,1149352,943.32359843072
4767314,1888789,925.9664877688309
4767315,654219,962.5977814311967
4767316,1845210,427.9377537891903
4767317,106211,56.69799255042929
4767318,1792238,864.5421931079571
4767319,516849,670.8939954439959
4767320,1564623,817.0673985257524
4767321,1958657,942.2698503605837
4767322,1435629,55.836888482591604
4767323,1913229,517.7909970979312
4767324,489731,693.1634142337618
4767325,257341,307.04114958187137
4767326,1648338,207.01988066414268
4767327,723991,952.6567444827855
4767328,446365,117.9703990214761
4767329,1138088,298.9406018010782
4767330,1411437,67.21061557876318
4767331,1262124,447.55839822371166
4767332,259817,246.12433495805396
4767333,610053,191.24247505302017
4767334,761050,430.042042432193
4767335,191886,999.922701039135
4767336,1420293,769.6821077482646
4767337,1407581,322.121123282939
4767338,1921115,772.3671383046283
4767339,1702831,190.19823826742632
4767340,325537,448.67638775029985
4767341,1096032,639.8139294061317
4767342,36452,240.40469615093386
4767343,1858893,726.9400667184339
4767344,79080,951.6480144833199
4767345,370571,597.1151899474196
4767346,1732299,524.1992660380203
4767347,134787,752.4020386580956
4767348,1186652,982.5415041942842
4767349,658393,292.7446366746034
4767350,472327,956.3915354909902
4767351,151947,668.7069393086471
4767352,92687,571.9284014319047
4767353,1210801,669.0223451660711
4767354,1569899,804.5780411057514
4767355,781530,549.7227038149662
4767356,1749121,849.5713446971569
4767357,1035727,649.9193297689674
4767358,1045635,641.6440313273044
4767359,795306,991.50167582255
4767360,1065036,199.6585776084777
4767361,1859357,891.8043403954391
4767362,1585,238.52962472141138
4767363,998369,967.7309995961659
4767364,308230,864.2090864524306
4767365,1722403,215.45061191749605
4767366,582711,798.9015331142168
4767367,1583187,191.3104611630351
4767368,1433546,270.09500915138386
4767369,1122887,780.4027064817566
4767370,264109,436.657696869455
4767371,640909,779.7890494932752
4767372,1994969,501.5090718052978
4767373,1024012,364.0379929062553
4767374,1588677,416.7637757923723
4767375,1820916,362.0260523635237
4767376,469526,45.87372881753116
4767377,857014,969.1564434165075
4767378,826537,728.0067001127934
4767379,1085385,740.6964630168748
4767380,1895040,119.09552723280514
4767381,1514570,489.9175466665463
4767382,1274540,593.379790801869
4767383,617848,983.6067389393079
4767384,1633818,255.2691403287737
4767385,741117,444.6305733170297
4767386,1403814,679.5279829131549
4767387,871035,145.88839278534783
4767388,1571888,572.3681598371872
4767389,1181079,943.379734655065
4767390,1211074,384.6182183060757
4767391,426171,532.4561501769797
4767392,275964,107.77156761174234
4767393,816580,62.226444080666795
4767394,110166,211.99903379527717
4767395,966478,323.1496166171839
4767396,316874,972.9498256369897
4767397,1085692,943.2662157385791
4767398,471083,112.12188719847416
4767399,978758,397.23687484947646
4767400,1572185,91.55764438023617
4767401,1357180,672.9165703341168
4767402,397283,706.3703779658234
4767403,464411,892.9786868637351
4767404,276606,704.6035781752365
4767405,1901020,480.2890531785833
4767406,791701,629.8321317688262
4767407,1100680,974.3146586081023
4767408,978828,301.9096479082133
4767409,855249,192.57936246921992
4767410,744845,606.342516232625
4767411,415486,797.2276585446534
4767412,1108442,719.9363402043066
4767413,511675,116.11669175945138
4767414,938364,434.7542278901376
4767415,1130035,874.8405306901228
4767416,806530,647.4907650289708
4767417,1618492,523.6357292684349
4767418,449619,194.992016910167
4767419,454223,584.451750561617
4767420,889850,914.6993664176935
4767421,123002,758.8708464879768
4767422,1805985,712.2297376471256
4767423,509828,208.45824678589875
4767424,1111857,904.6100724835629
4767425,497279,982.0504051995589
4767426,456464,334.89964446907663
4767427,1743022,524.590225910163
4767428,1554476,947.5055189589547
4767429,1957786,386.1038307008868
4767430,154037,558.372225929465
4767431,1385705,371.6656363761182
4767432,1988313,225.55744392885936
4767433,370014,605.9686328087722
4767434,1731313,835.2327251815459
4767435,1023344,611.254406019296
4767436,1223091,524.6346623820638
4767437,215986,274.81672163598427
4767438,184183,863.2036513189289
4767439,1955646,553.4107180770031
4767440,988883,748.2373230232704
4767441,162947,156.29283131336035
4767442,422718,594.2894490757275
4767443,1321141,867.5830440404015
4767444,524151,543.0083442394198
4767445,997455,376.38925005495685
4767446,346111,282.0072067990015
4767447,726160,328.81619855065446
4767448,1081791,100.23860561976394
4767449,197468,522.9751813846914
4767450,312524,226.58329583018588
4767451,1391649,237.73771994852467
4767452,298488,782.964042904652
4767453,1729002,199.08411342966724
4767454,1709157,883.1428015480348
4767455,737337,489.3782987777372
4767456,759182,853.2883480777203
4767457,606471,515.0050476069877
4767458,1949612,376.52955990784443
4767459,1990148,465.1039799013644
4767460,1559757,603.0399222225496
4767461,64656,661.7367299297579
4767462,212080,149.2171601499952
4767463,1670691,607.3709383608801
4767464,1790659,319.042357246185
4767465,240596,35.45424934912689
4767466,426180,63.72214784876551
4767467,983334,668.43143485192
4767468,1729999,747.2071047431351
4767469,1346153,491.31662457741675
4767470,489789,485.3657916695654
4767471,188213,83.45560998351264
4767472,1882326,419.29329567014406
4767473,431051,996.332854680474
4767474,1772170,870.207373751408
4767475,453037,364.29524430133733
4767476,1761125,72.19372572028927
4767477,1397877,337.8716516501271
4767478,1837177,391.8471630717829
4767479,242987,47.21961964598942
4767480,522607,490.7961254843639
4767481,862698,529.2355692635252
4767482,1776757,299.6573517136625
4767483,1238124,528.3758402091415
4767484,49760,440.76160556074217
4767485,1149618,903.0135933043277
4767486,787756,343.0292124599383
4767487,1778912,436.2128245805235
4767488,498672,980.3954954997425
4767489,1676064,613.0366314795045
4767490,1158891,686.6395716391386
4767491,1528401,858.2538273469004
4767492,1467537,437.39554896402865
4767493,1041770,963.19217145036
4767494,1551761,414.17613558487267
4767495,1840565,909.3863729958197
4767496,1252248,281.7908412798105
4767497,1042163,629.8958375223898
4767498,1075777,198.43423170594
4767499,1297734,258.41343350240885
4767500,1254334,913.2895172609651
4767501,179307,967.4078717995732
4767502,1781215,564.3074510796426
4767503,688168,822.1638705754536
4767504,347336,991.6743447539
4767505,486235,488.6270221371531
4767506,722105,536.7581856397132
4767507,1294578,27.07147022401568
4767508,1846453,589.741680970854
4767509,860634,265.6004014890987
4767510,1930405,35.06262851217934
4767511,1463853,649.552494054777
4767512,1366373,471.5111865399161
4767513,920917,669.6503342607901
4767514,1258304,134.22738330011265
4767515,910209,299.0635074474698
4767516,149400,557.7762285557177
4767517,1592564,924.0209262808742
4767518,896575,990.5026067302625
4767519,1885822,910.9927801804428
4767520,1786281,213.5082644614621
4767521,418208,525.5346567417719
4767522,259913,149.1174272653041
4767523,187441,509.12183704262804
4767524,1684700,17.154215675262208
4767525,1691420,533.3722683326214
4767526,1997500,97.19266567368656
4767527,1650638,624.6960837074959
4767528,892005,578.5821429436078
4767529,309820,612.7162035987768
4767530,1267719,195.45335443905543
4767531,1087317,275.6693840856388
4767532,442740,336.25327694448714
4767533,804417,396.43375949149697
4767534,219375,892.4011196994546
4767535,949411,973.2094782615512
4767536,1258500,530.2541824618638
4767537,1603153,85.28043872723757
4767538,783949,14.557413626451021
4767539,1651380,283.90198685232883
4767540,178971,558.6310882414916
4767541,979166,796.783358486217
4767542,241050,518.4058033809773
4767543,1445626,892.7131717934788
4767544,337455,170.5886370720472
4767545,490605,411.3820247481392
4767546,56779,338.0559276661923
4767547,587361,875.3116100315071
4767548,731946,680.2497371606265
4767549,1431565,530.6239684373581
4767550,1845578,808.3287705943583
4767551,171062,840.4218668679256
4767552,1143798,805.1513458911783
4767553,1535690,777.167160454672
4767554,177407,692.5621274537741
4767555,121687,171.128140491697
4767556,1628994,570.6228459578747
4767557,133417,911.4644853171458
4767558,1326257,867.9149301952106
4767559,1489667,74.28793318565174
4767560,1639024,447.82085548858055
4767561,1924571,919.6559452815757
4767562,1095553,629.9825153890725
4767563,1133933,573.4891030100755
4767564,764565,589.5309200703413
4767565,640913,389.60978439083715
4767566,1457968,564.7317079388164
4767567,623712,879.8579741080839
4767568,906277,882.4298457263386
4767569,1594936,853.4454198940587
4767570,1314441,560.2505779175392
4767571,1784505,845.2948579002319
4767572,1369662,101.96651466081508
4767573,209553,350.07376166709724
4767574,1001629,253.94062703513276
4767575,1946516,184.37861925914933
4767576,1018972,201.8226034843751
4767577,516606,436.7991145474329
4767578,1421602,541.7698917690813
4767579,259526,16.489548377897624
4767580,588247,718.5727158135384
4767581,1795531,244.23682748670507
4767582,896990,661.8396298774569
4767583,1104397,373.95179261214196
4767584,1559473,66.18604533632966
4767585,1206377,699.1098360978051
4767586,351757,764.6256565425235
4767587,1029048,663.265844443366
4767588,1908319,378.5833101865884
4767589,286178,652.8247859700207
4767590,11354,329.6281627909433
4767591,1305232,208.90615237016007
4767592,891784,514.0652728703483
4767593,872479,227.86705572200228
4767594,618041,291.6310948633888
4767595,1304303,418.85488114320015
4767596,1763888,100.5147786115027
4767597,854531,495.133011304331
4767598,1150955,143.2231764785268
4767599,1426545,588.0108438770864
4767600,1349548,538.6313604419469
4767601,370578,262.575858075178
4767602,1476922,70.13789516550739
4767603,1546207,528.9759219988301
4767604,21400,782.5249232462833
4767605,1567276,179.53664783182555
4767606,1254133,722.3771818975139
4767607,1787033,295.4092117957494
4767608,230175,252.03236662534735
4767609,820467,716.1964751178813
4767610,253218,134.0755361085869
4767611,670433,379.6442747355961
4767612,1115664,51.77917590546699
4767613,1442220,259.21076775294796
4767614,1833052,986.0933069697796
4767615,1887495,158.76148788894685
4767616,941864,918.4793240115763
4767617,1681637,815.5921626308763
4767618,391028,397.95034903570024
4767619,675465,35.288491498381646
4767620,75511,499.26118903726604
4767621,1826630,412.85199167848896
4767622,1830867,853.2566935816241
4767623,846589,366.21631695724034
4767624,1137797,117.3164357234674
4767625,535058,170.49423290666797
4767626,335617,725.2174320126774
4767627,1719996,89.98029073736902
4767628,358408,944.9042586810633
4767629,1789794,340.10805007271284
4767630,1042305,177.83489926025965
4767631,393302,299.28108130311017
4767632,853912,960.2286700247332
4767633,277519,619.4393167568713
4767634,408211,265.5361420808062
4767635,965073,816.3461673908467
4767636,487817,762.3845094277478
4767637,1422922,217.8750888637767
4767638,210455,151.36184206042236
4767639,1633677,852.438802405194
4767640,1035731,638.3363990054792
4767641,8287,903.2584296648924
4767642,1064655,191.8231490092802
4767643,1742754,195.584707887578
4767644,1540558,809.4231147831157
4767645,1824296,219.04413441451476
4767646,342233,572.9919108094164
4767647,600299,534.9235559612121
4767648,954504,619.5226617870107
4767649,1376624,489.1490420015956
4767650,518514,409.4503909241413
4767651,572470,498.2787848301059
4767652,1045469,938.3346949068391
4767653,971455,150.10990359960908
4767654,1403098,708.1646200023696
4767655,1001923,346.40302524565993
4767656,1297448,634.3379112972913
4767657,528984,254.11492237372647
4767658,1024094,700.4971308467832
4767659,466902,575.8042667905332
4767660,1065981,258.71659804182576
4767661,1046125,271.72856932263966
4767662,852268,83.47168343478373
4767663,134465,560.088694261573
4767664,768250,253.5876651984077
4767665,1877129,310.5726981058992
4767666,1038400,415.79801013486315
4767667,612361,46.3990236112557
4767668,1044984,774.2787195364141
4767669,618783,804.1330241835362
4767670,1243777,337.46158349930676
4767671,1311916,328.9350802862645
4767672,1864735,397.1229554380607
4767673,1371288,841.3733028164098
4767674,1371760,447.32424674474356
4767675,559441,957.0969547789987
4767676,1720279,672.1504145844627
4767677,1464267,750.0371666216147
4767678,55723,899.1950907203857
4767679,1142459,532.8123257550558
4767680,547382,177.89980029030673
4767681,161837,817.8240639472182
4767682,383453,889.3687503017668
4767683,1986943,746.0725446912614
4767684,1478430,455.12508407460484
4767685,1113104,14.895671023606116
4767686,1688728,723.3341183176427
4767687,1640029,570.3035305846777
4767688,1952352,284.6458873914445
4767689,276009,44.88234343892128
4767690,934160,440.76752569223055
4767691,1741610,593.6889604592114
4767692,649394,819.4705603326737
4767693,1895824,218.51953552304226
4767694,911487,648.5066450171945
4767695,24381,824.7419338972654
4767696,1546363,194.49230531391348
4767697,1799860,378.8083709830843
4767698,989059,338.02561595037184
4767699,371146,24.929368662513717
4767700,575326,96.07996348638159
4767701,846223,838.5378703235256
4767702,1752679,131.72752788738129
4767703,1841052,305.0391678772305
4767704,1619076,981.3998562950594
4767705,1578014,914.0585633320084
4767706,31172,724.8605521406224
4767707,1795072,797.2660234105674
4767708,1632924,732.2674208815095
4767709,695361,565.3108369794526
4767710,1986360,436.1351583528754
4767711,1051900,593.8474931071689
4767712,1715103,166.82239615782913
4767713,1061394,407.2111314577462
4767714,1041744,750.6056342538919
4767715,1573110,701.8542565379247
4767716,1474483,454.27281136691823
4767717,402600,99.04726305348144
4767718,951522,591.3456459676819
4767719,1317483,737.710442535515
4767720,895841,935.4122378602514
4767721,835870,694.7834866833375
4767722,365819,995.4143635658419
4767723,570450,457.9986953219299
4767724,1196686,131.48480418784138
4767725,780744,813.9478279518912
4767726,1413670,107.06497053627973
4767727,1177567,98.195074294686
4767728,1483532,168.71251274515055
4767729,1612248,318.5568017226055
4767730,85615,926.9111854534975
4767731,1883726,644.8178085694763
4767732,1628426,603.1872683872701
4767733,314922,306.90351791312366
4767734,465931,303.2493430763723
4767735,766573,827.2931682777806
4767736,398960,372.7663872545742
4767737,1315158,419.7475660545311
4767738,97232,438.1492485009578
4767739,1626782,694.2246264842286
4767740,449556,14.667376717663384
4767741,669826,474.8110048859396
4767742,136789,688.5880771043653
4767743,45004,298.8456953070956
4767744,773633,965.5882105782014
4767745,1719250,316.52643687571316
4767746,126772,178.99636173984192
4767747,635520,910.2852302080044
4767748,922465,244.43513383142079
4767749,596143,872.7352645112446
4767750,50732,43.0912973504125
4767751,183609,390.6752236558927
4767752,115049,315.82365591652683
4767753,266656,265.2662426475346
4767754,1395938,28.88858009443618
4767755,150267,550.6607895485654
4767756,364817,879.3601381661326
4767757,112584,78.18473157648376
4767758,1835833,223.2417130738743
4767759,411361,835.694864133007
4767760,1429903,86.4555537298204
4767761,1760480,699.1561880989988
4767762,381421,665.5758920376281
4767763,824340,835.9460723002945
4767764,725676,943.698830919236
4767765,15842,276.253561015682
4767766,1040440,222.7316154023675
4767767,707697,974.4721923352696
4767768,1127649,936.0099512931854
4767769,616701,896.1619128632786
4767770,362658,840.6588463243295
4767771,1140789,994.8694749177988
4767772,776564,263.1126863874762
4767773,1870221,506.807555029665
4767774,1948721,757.1436201798903
4767775,194665,959.2452934086155
4767776,907955,932.0743169635564
4767777,1716086,402.1912590289719
4767778,1151485,641.0803007400743
4767779,1831587,315.9175013105999
4767780,775003,866.7416353598237
4767781,1031192,856.5097559666945
4767782,1502900,898.4933825117158
4767783,924408,546.0405517151042
4767784,157471,941.08630079803
4767785,1015672,791.8368616370885
4767786,1658564,746.1598475891026
4767787,1915530,180.95099245965173
4767788,848283,718.715374975929
4767789,814634,555.867875877534
4767790,276163,768.8408537067891
4767791,1718877,630.8206493608984
4767792,777439,964.1715956987059
4767793,1877134,37.13163727340463
4767794,681180,363.02419980222413
4767795,720721,883.3716262281932
4767796,897199,185.68034442034943
4767797,1332481,23.99919424490793
4767798,175925,662.401083645836
4767799,479219,478.8987979081247
4767800,1060036,326.5074118899137
4767801,1264168,814.5967343228411
4767802,1044305,246.97402774502197
4767803,1546942,527.5187656048428
4767804,1702395,896.5846973059091
4767805,521356,89.83739633548593
4767806,12979,537.5068716398715
4767807,1087443,219.06984702526665
4767808,1990867,571.4384453597816
4767809,1081008,469.83904807279384
4767810,1362428,229.91020259122698
4767811,1476203,553.5617041682644
4767812,1580531,771.7001448827291
4767813,885457,997.9697524386402
4767814,220571,492.2802441674356
4767815,30161,513.2481834165947
4767816,1487449,293.90114066394244
4767817,703264,569.8662895106903
4767818,792941,100.02677579111408
4767819,1721692,748.570424437973
4767820,1375410,516.3467484268945
4767821,1292556,412.5678552632368
4767822,1806565,608.8665569277499
4767823,191262,778.5650320246399
4767824,1314435,521.0117802527707
4767825,235571,870.6339416921304
4767826,1029765,647.6702375826602
4767827,1623119,165.4519773521922
4767828,1171979,224.4295154835111
4767829,970486,401.8889403613776
4767830,659501,76.90336152154254
4767831,1121968,254.1889959584619
4767832,1516117,321.23592321827175
4767833,458522,54.90289078548483
4767834,1970802,269.03614563328773
4767835,815749,390.2487424997192
4767836,1401951,220.48878614148114
4767837,768557,212.58340019335475
4767838,936998,922.5485651783433
4767839,268493,504.67376848421895
4767840,1299539,484.9871867786564
4767841,1764364,784.454789153075
4767842,452175,510.2946563788301
4767843,1577610,509.19947438425595
4767844,47030,787.5579126349692
4767845,673020,311.2164495267057
4767846,713564,51.68173934696385
4767847,809214,674.710810128699
4767848,1811254,971.7689040920951
4767849,1939613,223.26894141211596
4767850,839941,903.183502349806
4767851,1729125,579.63919104097
4767852,1220049,384.47594366466353
4767853,1436030,589.2333749918212
4767854,954932,446.25705151715135
4767855,1948558,638.3356572852306
4767856,373602,732.3535051949766
4767857,941787,847.2089596786881
4767858,1727548,387.63899421549206
4767859,374168,361.4815795242161
4767860,1643304,942.6292199013767
4767861,3828,966.8329279581106
4767862,1092215,622.1453346114388
4767863,619406,501.8990983122001
4767864,1238266,538.9885295181339
4767865,390874,526.1506510519528
4767866,177466,429.06210493546536
4767867,419475,745.9775293947622
4767868,410070,619.1210397829051
4767869,413457,73.54597962838672
4767870,244664,813.9743898080214
4767871,959223,774.5478817269934
4767872,1727333,801.5538921092053
4767873,1677950,572.5554457797284
4767874,1110091,279.83887604974365
4767875,1433096,287.2293218195604
4767876,1230374,358.4082266099616
4767877,466596,500.021698375951
4767878,1702076,156.02911098699835
4767879,1428570,266.83956785751997
4767880,1108083,396.7758018802948
4767881,330900,101.13646529633414
4767882,371154,494.5413000311283
4767883,1132904,717.0659820353463
4767884,1268378,789.7243004361422
4767885,6331,254.16078188335024
4767886,666938,42.15238179166059
4767887,1092938,8.576822059258582
4767888,1927528,209.10804361386482
4767889,1353986,738.0081548785846
4767890,1524434,395.61981877877673
4767891,1823983,47.31655888119779
4767892,745056,948.0915825168836
4767893,23633,0.8546174248866834
4767894,391801,439.35985157819823
4767895,745058,737.282916068655
4767896,1478220,984.8974385390904
4767897,1635847,0.09419585127135033
4767898,286501,318.3955572775614
4767899,385891,532.4073973483083
4767900,429319,998.7603448050818
4767901,1195273,859.9307154290865
4767902,37507,375.8089334467141
4767903,1064101,558.5010535206551
4767904,225182,684.1543627783278
4767905,105587,683.0124246475286
4767906,870121,413.6509440777177
4767907,317545,897.6098462971987
4767908,1458634,255.08282494043854
4767909,363792,558.2122572873496
4767910,959884,193.23207483113126
4767911,1517025,218.25503134825362
4767912,1346261,594.1028744442516
4767913,534701,94.21948300174365
4767914,716885,456.26348046986044
4767915,1703696,204.15296560824004
4767916,1985889,988.1859480313084
4767917,408094,645.5912540191243
4767918,589085,388.7048311973994
4767919,385425,995.1266283913196
4767920,731262,885.078263360801
4767921,1151798,225.2814012246116
4767922,268474,393.8508046810218
4767923,1039219,135.24986115143832
4767924,616318,850.9590490749588
4767925,1344,595.7788170795138
4767926,1852663,857.2638071348773
4767927,691171,337.07985928725634
4767928,1399625,762.8772656982455
4767929,1469917,132.77469077087068
4767930,1367258,298.55353988600206
4767931,692357,553.2662797979856
4767932,1710451,118.28221069544576
4767933,1202023,47.67939052450576
4767934,674225,709.3840117547938
4767935,241346,506.91459578143827
4767936,4339,273.74340591402625
4767937,1351467,362.14765147443507
4767938,1507871,849.3827374812332
4767939,1049161,630.9283690883838
4767940,193671,428.9320839911681
4767941,96977,940.268844649456
4767942,1952558,252.68364938390908
4767943,601240,194.9022519617698
4767944,1242601,862.7024901915264
4767945,941899,491.2884548402486
4767946,214091,927.2283384213375
4767947,682818,310.0907022598206
4767948,1450744,292.666451531728
4767949,179066,210.72313479213489
4767950,1783873,24.074163106516444
4767951,933100,117.52492188705388
4767952,161183,192.48083866544573
4767953,1895797,632.4131564548595
4767954,577025,285.31979058914703
4767955,676293,904.4584811313844
4767956,901361,911.7242908320251
4767957,3008,991.1005679084444
4767958,1163099,920.3040006834647
4767959,1490524,420.31346046009344
4767960,295157,259.77363856199344
4767961,1306774,677.5337532382036
4767962,460387,918.9956210193707
4767963,437989,692.8937512181587
4767964,1268154,187.83952441991192
4767965,1626711,484.3730248947462
4767966,436205,477.2027407053695
4767967,45453,353.17684576299837
4767968,1802574,949.5883607646667
4767969,1051105,143.60083539811464
4767970,804102,370.86209300456596
4767971,698540,576.7841381289917
4767972,36332,110.42929126363366
4767973,1103766,145.36477104416645
4767974,1988750,27.662047108523822
4767975,155983,809.6225450270698
4767976,952262,701.6048752081946
4767977,1902104,377.4872745613038
4767978,669830,123.88048035176647
4767979,1761474,195.21188256711696
4767980,637768,551.1018027370249
4767981,944648,670.6138711013078
4767982,1464770,81.77817036275282
4767983,1292232,716.2784449168979
4767984,1262550,674.8083642632358
4767985,1546475,954.5732339042834
4767986,1459569,122.16399026519309
4767987,174072,697.8468385967833
4767988,1239503,121.18010668523516
4767989,1719747,636.4978582548101
4767990,1540698,876.8196396984159
4767991,937015,192.46736105110818
4767992,515638,909.7967441413671
4767993,466445,489.6673439241269
4767994,1109910,715.9850999711555
4767995,1121584,420.3478668422259
4767996,1689978,342.291090967502
4767997,1158490,342.69975785736796
4767998,508558,257.0669944404671
4767999,40143,117.17434666702754
4768000,924595,483.1840105004928
4768001,903659,67.97948361136096
4768002,541263,792.7418351013974
4768003,694963,947.605589822075
4768004,123811,271.678308712303
4768005,683385,903.8969478468999
4768006,1397984,628.3575273127117
4768007,1965826,262.63924751374645
4768008,234302,860.5794692373933
4768009,1695217,174.67377280106533
4768010,1452263,155.34614075664842
4768011,1194983,953.9443037631556
4768012,975585,15.306697144204072
4768013,471870,754.4737479705005
4768014,778314,667.8016935272739
4768015,749974,504.1519824598134
4768016,1932445,136.51592986123805
4768017,969413,46.88735003254041
4768018,1021501,51.779687658985
4768019,891003,551.0509646668017
4768020,1759003,349.27867431611014
4768021,924746,379.14089272687613
4768022,256067,832.2957985095259
4768023,464301,726.2695810118887
4768024,270694,344.23671704743464
4768025,1128935,25.21058916609342
4768026,1694250,304.26401126321457
4768027,660705,763.1385678713066
4768028,1311381,710.3998306336533
4768029,304721,426.64520937018955
4768030,358145,625.4365873498485
4768031,186594,240.18525130268188
4768032,382490,448.8713055254541
4768033,1894840,219.34329789365603
4768034,1214466,981.2721860971493
4768035,1244316,760.1850683429943
4768036,172961,327.66479883197775
4768037,1136713,955.2156890249815
4768038,441426,779.3773622154447
4768039,1524462,874.5458264373193
4768040,1203569,652.0127034664372
4768041,916365,563.6037676699092
4768042,821107,310.8321926083214
4768043,560248,218.70904121655798
4768044,1539168,856.6208554062982
4768045,999019,881.6272884844665
4768046,1309013,996.7230485593734
4768047,443047,460.9851873614602
4768048,1704890,313.81286095292495
4768049,1578002,625.3763417019851
4768050,1708883,157.21552587531684
4768051,792724,850.6536701619654
4768052,509770,730.5070634494195
4768053,1256757,99.71143727237364
4768054,1201788,644.6404589166534
4768055,1258215,279.04414776401296
4768056,655623,965.1249329659435
4768057,833799,432.0704050973359
4768058,296021,4.6206404965226655
4768059,82393,173.02662275414693
4768060,1710894,821.6231102534143
4768061,472090,670.9739562989158
4768062,906535,727.7801542584672
4768063,1811896,707.5517097993622
4768064,1292745,130.96097118445428
4768065,344198,806.7265951782452
4768066,1735031,55.934504228128624
4768067,734644,107.84764631116495
4768068,1079056,195.58088538456852
4768069,1043413,486.4166623430027
4768070,675617,610.6134488958683
4768071,327380,481.492296479471
4768072,1401471,375.01384288964067
4768073,1025399,948.9790435916374
4768074,1027477,780.0035330823781
4768075,52999,636.799966990307
4768076,1547434,477.22001694140926
4768077,711476,330.9906782333458
4768078,302576,359.4802667035395
4768079,1644023,545.8439452133088
4768080,1838599,893.1384388597165
4768081,182915,617.2223484087032
4768082,1761177,844.5902753860651
4768083,677772,146.72059577655773
4768084,804760,726.7655949137204
4768085,1666912,905.0351678797607
4768086,1159627,255.1724707848191
4768087,1117122,631.2658650503517
4768088,975535,389.81061515248916
4768089,1702114,349.1265734161709
4768090,841089,635.3951578124397
4768091,953859,154.92684106635636
4768092,845995,276.14293995130623
4768093,247675,400.93502651357727
4768094,1741900,330.40192365917534
4768095,650619,712.6000289133426
4768096,563989,307.0173044560289
4768097,208093,616.5963045363718
4768098,1774312,206.5307320084667
4768099,179520,659.073554174146
4768100,1732676,301.668729095796
4768101,308423,785.6324441173927
4768102,1417776,111.24949307525046
4768103,662018,777.3359366537138
4768104,1176595,367.0244998931981
4768105,186337,490.70338493232435
4768106,1108414,993.0007532611636
4768107,1986216,551.5355241464492
4768108,338659,224.33663706397388
4768109,1024239,438.39871774733984
4768110,842815,154.3747096587461
4768111,1131724,128.09715470048033
4768112,956989,321.36675290867356
4768113,1098244,289.53347756486335
4768114,1031586,928.8511880548897
4768115,228418,26.87981869910072
4768116,247542,168.57286605267717
4768117,1356102,670.2102405147823
4768118,1137279,255.14109232129235
4768119,554911,451.6351833842655
4768120,472497,88.61119449722177
4768121,134617,605.3150589448292
4768122,1625771,95.70132070253278
4768123,275112,745.4166677518606
4768124,1021335,660.3689103901486
4768125,420248,199.1206794158412
4768126,1543106,450.9293931010718
4768127,1988150,835.9230381653437
4768128,257489,659.2304891884418
4768129,77945,321.9983870186075
4768130,316881,829.7654876134425
4768131,149986,138.88201631984288
4768132,1662637,278.69607239665015
4768133,1012864,247.87518408574726
4768134,1331476,878.2893775976214
4768135,1759707,785.0114645406089
4768136,1887034,857.1037898962654
4768137,1675892,283.5050599850514
4768138,129827,650.3297144435649
4768139,1335653,721.8769300311625
4768140,570694,13.98465456242115
4768141,1770378,812.4300257723193
4768142,589305,788.6616567632549
4768143,939614,883.0913926910848
4768144,715131,778.0890176258525
4768145,1573867,16.729847309984724
4768146,1674814,964.2477319310638
4768147,823016,584.0089363313695
4768148,1729053,673.894694116356
4768149,468190,508.381183768705
4768150,508347,60.010936850350085
4768151,1899944,947.7236068580154
4768152,1552714,96.55437428349845
4768153,1425186,942.1522441107264
4768154,1573401,180.9561124495529
4768155,1203115,198.67384475945383
4768156,1240049,656.4619386642523
4768157,621410,82.71702875290798
4768158,227038,69.8134524097711
4768159,1840170,788.3615065801775
4768160,414860,412.9887047029659
4768161,1105591,44.596643848765936
4768162,1677433,761.3059904992085
4768163,1636715,660.7335944360789
4768164,1014562,433.2719131386901
4768165,1538399,849.606544223556
4768166,152527,736.4806893583958
4768167,1629954,924.4350853553711
4768168,776536,288.21866238364623
4768169,1716183,571.2072984980244
4768170,1002734,295.5832790773043
4768171,735133,880.4916528386067
4768172,769648,403.569945217549
4768173,846083,643.811866797608
4768174,1140045,59.864499258819315
4768175,1582308,438.18076102813643
4768176,248620,682.8935116859777
4768177,1823396,588.8265442091447
4768178,1159141,770.3673260299769
4768179,789505,393.025371723292
4768180,1442449,210.49588816316302
4768181,1449630,342.98266824735566
4768182,427871,301.93800375277215
4768183,1655071,199.774008286282
4768184,999086,551.9565350011341
4768185,1589565,53.13652506982436
4768186,199464,378.13525814746816
4768187,1320908,903.4520232159125
4768188,991192,932.7494697397575
4768189,582675,731.2122037492431
4768190,1037120,827.2681678967853
4768191,1512784,880.5793846917271
4768192,1558138,115.76675921494517
4768193,916478,552.5889687507138
4768194,152082,699.6486861645055
4768195,87167,765.1283628416307
4768196,1967997,470.08605037460273
4768197,492474,732.3546232474529
4768198,1036396,205.4346037403223
4768199,1455921,430.7533017492766
4768200,610602,169.4367493802703
4768201,159376,756.8269399022022
4768202,1311488,25.516352036858535
4768203,1825896,157.95032258944764
4768204,1667821,339.4113999131295
4768205,1938951,303.5999676105685
4768206,218127,526.8828073240961
4768207,843713,537.173683647203
4768208,1639627,614.547476554127
4768209,677782,573.6949508711192
4768210,1168199,921.9976509985474
4768211,453624,552.3881199241921
4768212,1073206,568.8439638777804
4768213,1321996,394.65618853676665
4768214,1451715,230.57225128990387
4768215,12699,660.3142266131674
4768216,1303532,377.9591928943365
4768217,632573,717.7405550102199
4768218,932966,927.7131419314662
4768219,84517,694.6337644979643
4768220,1890193,278.3338764653834
4768221,494082,241.1077488498835
4768222,1920779,208.94191027063846
4768223,781597,687.6873469984531
4768224,125056,560.1567136082472
4768225,1194042,534.8994038490388
4768226,912909,503.91718354719063
4768227,87021,719.9377917723402
4768228,880229,273.7284936712163
4768229,29721,403.18139818577157
4768230,1762500,973.6980717306662
4768231,1665208,128.67290199234017
4768232,1649604,226.09543197388194
4768233,1976223,10.97050529414445
4768234,1807389,261.0939442745619
4768235,831094,150.63282237826147
4768236,552279,373.1563824524169
4768237,1053423,327.5728502923972
4768238,1745634,787.2022015372646
4768239,573180,635.5041335629985
4768240,1735933,786.9860427236682
4768241,1938429,368.5418564636961
4768242,222318,295.55611323178476
4768243,1404312,871.6178574994391
4768244,1580364,957.1210782540221
4768245,1491934,349.75441458536807
4768246,1370416,876.6001667422925
4768247,1246739,852.9994656914402
4768248,311700,476.99174104931154
4768249,118415,689.1858730157627
4768250,1828091,506.70996924158385
4768251,928159,818.6781926860554
4768252,455389,754.3811378386903
4768253,1352455,804.0490376187013
4768254,1658197,619.0327124224406
4768255,302705,804.7460035796144
4768256,7333,62.867739413653645
4768257,215203,950.7945003916277
4768258,586783,552.2166521772633
4768259,1621626,672.9845212635054
4768260,806877,429.82606092812534
4768261,1242493,196.0407535643758
4768262,741271,865.8262204538042
4768263,1426580,611.3274575094924
4768264,1735374,787.5082158603884
4768265,561360,441.9055808658473
4768266,1128991,713.887521569003
4768267,1249289,349.86278982861006
4768268,1258414,870.010236977048
4768269,828473,208.31842540846336
4768270,882755,808.7826861446623
4768271,1613727,620.3899159692813
4768272,1450684,644.2245398795549
4768273,227279,878.0898768023831
4768274,900676,399.99331310874595
4768275,1820385,987.969527249426
4768276,373370,337.3446998551701
4768277,467022,48.513070482813944
4768278,643648,205.78667504986615
4768279,1221450,710.4862049018097
4768280,470251,27.194526378686245
4768281,1064742,354.7050502197521
4768282,1505234,487.2553499748534
4768283,55271,211.56226116043885
4768284,403343,801.1591128649114
4768285,839785,57.93811269690574
4768286,448777,881.4611269247753
4768287,117337,620.7330208971239
4768288,47201,90.28669810080913
4768289,891152,700.664991256267
4768290,1996513,743.8260787864388
4768291,274079,234.40385815732313
4768292,1194195,88.32972442553167
4768293,845999,601.6665572159839
4768294,1865838,5.167996141367981
4768295,189678,425.1985822347898
4768296,176819,659.3607523190029
4768297,1120160,999.7617668290791
4768298,674121,834.45664926123
4768299,1525744,806.7976612030812
4768300,662701,513.412220136067
4768301,50101,744.7828096693672
4768302,33588,548.3360629059939
4768303,826437,287.32764929865795
4768304,273590,239.05926181013803
4768305,1494300,583.7348388221162
4768306,248559,569.5940175685455
4768307,1712305,384.0933334289034
4768308,1595541,696.1883639183304
4768309,583143,912.813326109457
4768310,983748,875.8043792515732
4768311,1180999,537.8815465858278
4768312,963950,698.7943579904579
4768313,821275,22.18470035850295
4768314,1995789,918.2788568024658
4768315,865589,709.7216492138623
4768316,1005216,417.90318491083747
4768317,1028162,789.5650647713992
4768318,1707044,23.922045310976525
4768319,1788027,938.5571900510649
4768320,1200266,248.68756098195033
4768321,1313296,289.0411820094754
4768322,863308,800.5770916590718
4768323,1024205,184.30787426286022
4768324,1928175,756.1712427644906
4768325,116034,552.4092231451725
4768326,1321301,950.1350136929402
4768327,167451,661.9018766164864
4768328,1924980,524.0086717457402
4768329,1067574,419.47037501095275
4768330,1612256,805.4939555216863
4768331,1105065,118.25950592800626
4768332,1142036,358.7807509950315
4768333,908546,400.1477800046075
4768334,1029384,490.90741343181566
4768335,18862,416.99692128171864
4768336,1316632,543.6878432606704
4768337,695508,767.9600193065613
4768338,789416,431.55952476247825
4768339,1064800,853.614368022245
4768340,222,457.8970025159351
4768341,1317537,589.7679024749448
4768342,1408076,595.7910883402952
4768343,1893024,655.4555711213416
4768344,1009123,327.32327832868333
4768345,535370,755.3770811197594
4768346,1980309,298.83661967721144
4768347,1046223,454.94772549510265
4768348,1470367,349.60820963979177
4768349,1259861,416.50303883366644
4768350,354944,650.462030219716
4768351,833161,125.91189455581542
4768352,335781,907.430082919058
4768353,203989,423.3204617243038
4768354,1284898,555.5452002693055
4768355,1608058,451.2232078777556
4768356,1567320,188.40140090916734
4768357,102765,661.111174398971
4768358,663580,712.4037629899394
4768359,556247,578.6729427421959
4768360,1103912,444.48393348051343
4768361,62833,482.8732076167076
4768362,794700,832.9877308374057
4768363,1209543,509.71726955076247
4768364,1278258,889.0936102768446
4768365,337360,263.3556863773819
4768366,317469,980.5342571514551
4768367,340567,402.0490280354212
4768368,1183602,574.4031431133697
4768369,1350658,713.2313003625911
4768370,716857,117.97225779813259
4768371,169494,38.69343142075865
4768372,1080866,725.1225972423407
4768373,1921304,28.005406365328554
4768374,1241217,314.0453007520807
4768375,702066,541.1469710979388
4768376,599915,283.57442672002884
4768377,394123,738.8354869107482
4768378,328803,365.4370799246064
4768379,1607305,114.03765544708544
4768380,1425669,1.2416301960599396
4768381,688988,121.8593612726796
4768382,1902653,983.6887230539413
4768383,1644940,863.7151973498287
4768384,561345,533.4677503320152
4768385,1385574,963.1671968968076
4768386,892559,523.3295549021614
4768387,7463,120.90728959858976
4768388,1235315,930.7479698141732
4768389,261243,395.6608555697998
4768390,901974,552.1838090206984
4768391,242645,954.257158017074
4768392,1476745,63.09717674828463
4768393,1677983,416.49314628421365
4768394,1733735,562.8242828328947
4768395,406216,955.6232478948837
4768396,997856,987.1109300707805
4768397,1022245,384.8709273202079
4768398,1997956,708.1874345614955
4768399,1115684,854.0939025493309
4768400,112645,385.44231144087485
4768401,1080932,504.04706575600824
4768402,1273360,657.9144237445092
4768403,1309735,830.9278380009122
4768404,1466636,691.1269882425731
4768405,1052380,993.6790127756175
4768406,561233,544.6278273590729
4768407,1771288,498.6517784095188
4768408,237951,501.3476374509084
4768409,526886,990.8709922765548
4768410,270935,416.33158390299604
4768411,1394165,696.9985333960211
4768412,134908,803.5069339710146
4768413,1611676,149.75856317236457
4768414,1695261,602.8794173425473
4768415,1765840,431.96736205086796
4768416,262268,901.3979257041403
4768417,1464861,877.55624669999
4768418,486993,263.00896432014264
4768419,1486250,612.0098410390483
4768420,299892,381.4644083254779
4768421,1134624,439.4389905919487
4768422,771959,256.02522894816536
4768423,1594776,571.7182479023323
4768424,1503895,347.70660859397304
4768425,808966,264.2587466851168
4768426,396759,970.4098028045797
4768427,887304,93.27927912987255
4768428,1655434,119.96966632890593
4768429,1002835,517.8699029385955
4768430,1596691,220.99580663604536
4768431,696159,236.6647990354479
4768432,98642,779.8565535816526
4768433,1291401,390.22491174940865
4768434,1509547,904.4000862495559
4768435,530899,321.50672959763415
4768436,901273,333.8673266137727
4768437,769055,968.328249955231
4768438,1467156,537.7341624049805
4768439,321459,604.1043982438921
4768440,1566183,739.1885651105392
4768441,932088,810.851801295594
4768442,1836809,658.4952433487163
4768443,1248169,501.6776110164595
4768444,342920,482.9662514563754
4768445,10985,677.5134659825279
4768446,415299,880.4658393041059
4768447,833177,703.6230677789648
4768448,408880,527.280518587333
4768449,614684,619.1304123137188
4768450,227190,185.9477746918299
4768451,175735,899.2984048689278
4768452,1400637,590.9711149699885
4768453,1900922,174.77398972324076
4768454,1319063,322.7017199810832
4768455,1427879,106.65665555126725
4768456,1958341,867.5186510411213
4768457,154235,180.0092573433143
4768458,1306549,550.6950831237981
4768459,1590853,6.561218676961911
4768460,1611649,647.6441822342073
4768461,37167,886.4496610534655
4768462,1629304,139.11032648007526
4768463,1145958,914.6282510738683
4768464,1829548,620.4770062196429
4768465,186851,141.5909321182196
4768466,454515,93.5781707382125
4768467,920061,809.8209154538085
4768468,235692,564.0924144630754
4768469,943685,557.042396927548
4768470,1658493,634.4443132100781
4768471,1384432,173.55822896666373
4768472,168509,315.33660116997174
4768473,88304,708.181768621776
4768474,301632,679.5348319808425
4768475,877979,489.0810331932548
4768476,915477,322.456426389783
4768477,1360275,235.29674306089277
4768478,1636421,421.00682183979956
4768479,1662794,477.6544100534801
4768480,1039037,672.6848873410818
4768481,1545818,612.2378645578053
4768482,577798,991.6325634130865
4768483,912011,559.51317921678
4768484,1117798,63.28832828539366
4768485,379691,744.0814254658528
4768486,1295244,740.6602011594036
4768487,746206,775.0340903316747
4768488,1829741,514.065785721802
4768489,1527592,783.3496259646189
4768490,169646,828.7233337206172
4768491,279261,18.87580290901547
4768492,1959158,439.6864245138583
4768493,428970,251.1104279005263
4768494,1014579,30.77689077245971
4768495,332185,75.6518488921697
4768496,1111773,990.0994295106605
4768497,1648770,821.8956918328615
4768498,890115,422.40883555876576
4768499,1385156,348.0842746832855
4768500,1060466,393.5565242146349
4768501,1397842,109.0955201696322
4768502,1705643,352.0616281148907
4768503,1224707,709.204236238403
4768504,773291,813.0595099680945
4768505,1169023,861.5241495666838
4768506,893208,608.5334531826414
4768507,311338,561.7979896931155
4768508,482424,49.41740537185291
4768509,1876065,269.5464006128555
4768510,1335704,737.8091513256753
4768511,653405,229.46615840865348
4768512,1874708,778.0509024853828
4768513,7211,278.9084201703743
4768514,326990,800.8598885385506
4768515,510444,955.8108930726119
4768516,260135,324.8097389734027
4768517,756584,562.8444413497976
4768518,1935290,343.3888756694203
4768519,1669539,19.687917157181325
4768520,960767,559.8659738692495
4768521,893721,764.6394805404923
4768522,70819,2.53234137191638
4768523,1023288,587.1217317161168
4768524,1291832,674.1492076928704
4768525,1821206,975.1813055089781
4768526,728525,771.6148412174799
4768527,1538736,188.4984595768495
4768528,522037,834.7969188322287
4768529,225552,320.8793267111518
4768530,1770735,558.3925796193914
4768531,1216394,294.96684310097396
4768532,1140415,13.645413636494075
4768533,1154283,832.9805315808017
4768534,388861,0.01606104775031536
4768535,1045342,518.9798502592911
4768536,1162288,379.90669607739267
4768537,1315493,995.5447318268156
4768538,1793038,269.6348234953888
4768539,1768969,745.6833671166208
4768540,1274063,522.161141375762
4768541,1881500,789.9502621151146
4768542,798711,96.66173617313711
4768543,748299,925.8948229611784
4768544,1947916,911.4847197942704
4768545,1276625,559.303336965404
4768546,1950095,352.76705991207393
4768547,623793,791.4007457763223
4768548,675291,479.5138295487614
4768549,573408,793.7847509332406
4768550,1347165,316.0848770636089
4768551,283871,578.2540946807884
4768552,1538506,362.75833300436057
4768553,771105,341.3042449924986
4768554,270120,323.1220860577583
4768555,1042079,701.7554043559168
4768556,128093,441.43208165369674
4768557,594622,420.9951817718564
4768558,63983,730.1964343128126
4768559,29564,830.3942008284977
4768560,176990,147.63010479940309
4768561,1331351,783.3504697005801
4768562,1069171,825.0597394273489
4768563,456928,31.595760479293354
4768564,900004,367.78218438185604
4768565,411835,412.4774441599448
4768566,1060861,802.0715125593962
4768567,133502,705.6640093451825
4768568,1357445,182.84575082895606
4768569,850111,70.01251421668253
4768570,1265031,153.68180019332968
4768571,90472,39.14013888813916
4768572,725120,201.5683999262684
4768573,509561,459.77229451806977
4768574,796958,409.8460661465629
4768575,1823870,288.4596749968915
4768576,246486,768.094578966331
4768577,1337989,968.7608033691073
4768578,1779067,374.7257604522716
4768579,1363897,521.1003613060929
4768580,1012253,256.4783945787158
4768581,1165019,936.1094761404712
4768582,1787697,176.365394975176
4768583,1748244,146.16015638374625
4768584,1554588,914.4961953588289
4768585,1001038,75.90972197729951
4768586,1153619,643.5193231027297
4768587,1339966,154.90149299084345
4768588,405809,126.39008128981854
4768589,1360329,426.49772618128566
4768590,729108,651.4655738916781
4768591,425632,296.0557917160911
4768592,175246,85.06049822379968
4768593,66684,457.61053517774405
4768594,1914095,464.90918159310735
4768595,1919994,404.3844493928089
4768596,1854036,985.9022147480392
4768597,275469,495.21477543362624
4768598,763304,750.2798318938732
4768599,1533684,582.2692814360579
4768600,80817,846.6806831000055
4768601,507045,159.72371475615742
4768602,1808913,528.4266372272991
4768603,343330,430.4660596440574
4768604,1683598,129.16382493159097
4768605,1217109,543.4441901687321
4768606,485739,711.1374533527684
4768607,1672815,767.8111448963112
4768608,1445364,843.962020699746
4768609,1978949,853.90707699815
4768610,350343,92.8735530972411
4768611,314704,235.20038070957716
4768612,207202,753.2475176057974
4768613,368932,420.3244171882834
4768614,481914,345.30107642666906
4768615,1244152,462.4226215457546
4768616,224305,124.02689897298235
4768617,846390,923.3735128945568
4768618,1669072,518.762550851941
4768619,649469,842.7550813970485
4768620,1526644,271.39897724740723
4768621,825046,912.4884097231571
4768622,1734079,499.97135558746555
4768623,1992429,820.399466935855
4768624,720454,468.89747007589335
4768625,1288449,667.4075093781447
4768626,49420,445.8930462887958
4768627,297961,848.9297476425535
4768628,1400009,421.19940645839307
4768629,269414,476.7778281195476
4768630,692378,107.2121418927292
4768631,1084848,402.0192871938665
4768632,309616,704.8328706289947
4768633,1021448,686.5575434069419
4768634,1736247,121.71633428015238
4768635,1854360,626.8476360531298
4768636,1966534,924.8479756641227
4768637,1402534,300.7165980601273
4768638,244285,956.9711078109968
4768639,177433,446.2513503131664
4768640,1878525,293.61276866453557
4768641,1689793,364.0710487795952
4768642,630983,956.5503631596049
4768643,928952,253.10041113346472
4768644,20514,85.65539697314418
4768645,1398932,981.2614580106758
4768646,1570307,863.5709363122085
4768647,846630,676.2202671733412
4768648,1269947,718.4832464930371
4768649,19238,97.83236136328588
4768650,715267,21.24781410940313
4768651,1259980,484.7840701645103
4768652,1143817,443.20511093442803
4768653,237144,74.53972498190775
4768654,276961,57.90228245216922
4768655,1596308,64.52323767331092
4768656,792045,962.5374721296675
4768657,537183,59.40207102911732
4768658,1230544,162.63658846520912
4768659,958411,355.0221890873124
4768660,548564,51.39252288871376
4768661,1584664,777.0171692025834
4768662,167191,972.5663787625813
4768663,33780,460.90294647216655
4768664,1345155,696.7076120549764
4768665,1376602,699.5224289559438
4768666,1773664,888.9353532630478
4768667,1825483,36.804369237970924
4768668,126483,607.5786605101421
4768669,1217169,269.2594322615919
4768670,1173631,547.5229029272101
4768671,1679066,385.8138485693858
4768672,1589992,947.4750456948531
4768673,1047386,719.0466847085683
4768674,676555,514.8561647881666
4768675,980453,210.03171050111123
4768676,1594079,56.056274489400536
4768677,673740,331.4903851066804
4768678,861346,332.1681019154881
4768679,1938004,662.9761452435051
4768680,941194,931.0823655481302
4768681,1634077,514.0644699129856
4768682,1583238,437.70422590227196
4768683,1098300,861.9566917132286
4768684,1223365,359.8983216744709
4768685,1924898,61.59306441283241
4768686,44955,440.35244271261587
4768687,1479127,877.8901371082031
4768688,1484782,8.278823382064093
4768689,522107,310.65006572616403
4768690,770797,957.7537499460005
4768691,317988,999.825739253448
4768692,551160,364.0167559028277
4768693,103734,64.83722555923399
4768694,179573,780.7371956231682
4768695,677412,517.1615755820985
4768696,963731,674.1853799401916
4768697,1800942,968.8748479826171
4768698,558155,203.63659131840996
4768699,813566,622.7369671871809
4768700,1396604,91.77457078826944
4768701,1176200,791.1316394206435
4768702,1989202,573.139521952211
4768703,468032,519.5687607566498
4768704,283279,430.77986122537703
4768705,323166,857.6509019396518
4768706,1501256,533.9896722649104
4768707,1032142,153.4583349217813
4768708,1765300,286.2762668301149
4768709,467133,168.314711758499
4768710,1700966,256.9929441951274
4768711,611149,861.0734965021105
4768712,1411777,939.7211319338753
4768713,1812038,936.3372577583245
4768714,1732011,151.31721233664408
4768715,1439854,76.10035988434637
4768716,803349,969.2389879078845
4768717,629438,180.5546286447266
4768718,1381467,345.87019148909195
4768719,126845,153.16635304963344
4768720,538311,614.9328397044214
4768721,1104251,11.640507609040785
4768722,1653170,198.4792508413552
4768723,1994513,732.7176773051448
4768724,1695231,335.03587573534634
4768725,395896,815.7621527764994
4768726,1390751,954.5765890305928
4768727,756443,691.9448640187745
4768728,1093579,297.3338158809259
4768729,1093665,858.024565503604
4768730,1741885,137.4855284932056
4768731,1104320,758.3085716310475
4768732,1986305,786.0543685463452
4768733,1050068,345.8403461327316
4768734,1387513,106.31384099599939
4768735,1930001,84.61506447392087
4768736,1301949,732.6446180418515
4768737,1493279,95.03160456382986
4768738,1714905,953.3954450437984
4768739,157529,15.863282336585737
4768740,1316610,719.1990866877244
4768741,1520654,572.1630970117865
4768742,788166,261.3584604761279
4768743,1222657,425.06513664302605
4768744,1236694,687.319290195008
4768745,1963123,176.3982359387747
4768746,1154779,57.59166321890585
4768747,1441203,894.6107099888785
4768748,740938,727.7487819719005
4768749,359670,103.740659920596
4768750,1434628,681.3056170008126
4768751,322028,868.6301527861802
4768752,685755,527.5631078832724
4768753,190487,47.915605727084085
4768754,1367931,22.74852209092404
4768755,1721883,488.28142965073164
4768756,290773,441.29329034819267
4768757,809211,816.3925112932097
4768758,1498123,448.58068549209116
4768759,1048960,922.7426109710311
4768760,1316127,589.0184181119795
4768761,589711,278.67453708349177
4768762,1753940,745.3594738458928
4768763,1656032,773.2402670944468
4768764,1130337,223.64789826144772
4768765,1695208,483.7745050217671
4768766,1214810,912.9744362942365
4768767,1133053,436.2316395076975
4768768,1569332,824.0664171368306
4768769,1488876,473.2224739832362
4768770,1902923,429.6151245362959
4768771,1763520,924.3106179775239
4768772,1275009,13.791597061113325
4768773,789779,175.00949263817722
4768774,314583,582.3499828470149
4768775,1063338,195.41002066772774
4768776,255337,113.61235704493788
4768777,1297498,218.42162150926347
4768778,1839681,830.9399306710825
4768779,1918154,750.6609929957926
4768780,401596,547.8241094363763
4768781,462257,810.2729721794292
4768782,1442123,46.32934948773115
4768783,1890040,64.11721051399411
4768784,1073899,974.1787620017226
4768785,1756020,91.83963347287205
4768786,1571008,333.1370643556183
4768787,856356,253.1265980519831
4768788,632414,407.9557102584469
4768789,1552855,223.7254461823852
4768790,675598,561.4175540069256
4768791,289724,35.38354666142784
4768792,1560142,388.9182480067974
4768793,336468,768.6472395664553
4768794,424105,932.4493967219404
4768795,1464734,330.4298473988283
4768796,1104874,532.2657080012435
4768797,885500,869.3094627951632
4768798,708838,280.4324159714703
4768799,1837302,19.902671369421032
4768800,1133866,747.4211023766276
4768801,1419505,806.9433792700944
4768802,1806918,628.4905369605333
4768803,51608,894.5886241493754
4768804,1271833,255.06429359658932
4768805,1978102,261.0097616715393
4768806,814145,560.8047862035896
4768807,645778,578.5537221015719
4768808,149866,136.61127010509722
4768809,1182417,952.1594834612023
4768810,1250818,952.7802358920569
4768811,1104053,535.6915339518971
4768812,1253324,116.9418991939346
4768813,322109,411.5728360802181
4768814,173705,82.40436620258507
4768815,1634170,373.3145334450726
4768816,585227,711.4110116658267
4768817,862344,298.9711054644626
4768818,804917,273.9004606674804
4768819,1677576,810.604367730239
4768820,1998770,149.8865024705628
4768821,1513532,912.3768919127544
4768822,200215,590.8767436955196
4768823,1597614,525.476982608186
4768824,375150,730.7922747079731
4768825,1308656,335.69878937771693
4768826,791291,463.0559839730249
4768827,1065163,982.9494455256453
4768828,154976,361.53220131488825
4768829,1296853,475.64099686226456
4768830,1345157,382.3640434312107
4768831,580852,832.6501855176181
4768832,704095,417.2369782992579
4768833,503378,940.1574087375009
4768834,277432,272.18012503556923
4768835,427731,177.80709127693527
4768836,1786776,401.69960359649883
4768837,1014784,854.7770992483718
4768838,1683490,469.30202329083704
4768839,1021941,807.1429793927831
4768840,736234,156.46286311190005
4768841,118728,306.888149052255
4768842,705127,26.088611757542957
4768843,54780,786.0979329402824
4768844,108589,699.4179524074177
4768845,1959186,453.87952843372204
4768846,51829,232.96454661078735
4768847,503637,447.4518497123352
4768848,954829,59.60087445788853
4768849,1772837,348.21226299044383
4768850,1384872,915.8607988423045
4768851,370674,385.29339206049974
4768852,1569009,835.7256770418775
4768853,515279,592.5441700030303
4768854,158618,734.7594105256505
4768855,746006,102.42687719245436
4768856,1656833,41.88080126199311
4768857,432722,420.80691096501863
4768858,930884,497.1141911253787
4768859,417255,37.10031452077634
4768860,1886042,685.1666412257091
4768861,804958,82.19524453631722
4768862,1056159,371.5234998323774
4768863,1423483,288.01409844386836
4768864,115865,994.3168941644906
4768865,463195,59.89893949146874
4768866,413663,180.79142494283062
4768867,770857,504.40473662618945
4768868,15438,853.0180418851709
4768869,178009,306.8200197385824
4768870,1743725,653.2128358306417
4768871,119774,122.3998118359625
4768872,1701685,372.38660491582544
4768873,142562,523.521197814623
4768874,1768200,121.17261848279826
4768875,1311767,447.17520655462863
4768876,92367,896.232173385557
4768877,264784,643.3403628338924
4768878,825107,196.9482516425224
4768879,765177,593.6867067591637
4768880,1010508,207.552911899469
4768881,890986,530.012641990984
4768882,1978748,434.1616776931482
4768883,1815416,533.4067422932974
4768884,1796673,799.4011438435265
4768885,1100278,503.01958947802837
4768886,1915373,915.8416902149039
4768887,1399083,890.9082788529133
4768888,1527211,683.7179037241264
4768889,490113,242.75494561436494
4768890,1664187,9.301897513962043
4768891,1290751,786.1838789593168
4768892,1752296,585.4675877447864
4768893,1725964,845.7200099931621
4768894,1958312,885.644202544414
4768895,1591344,571.057368721281
4768896,410132,599.8064828094767
4768897,1178103,438.3272618317621
4768898,838023,258.3561907737634
4768899,1742346,170.24089019750897
4768900,1256510,707.2693385682895
4768901,784405,917.1076748629149
4768902,1403124,638.6998939456824
4768903,1647832,261.66751228331617
4768904,1035168,973.4981996029387
4768905,950929,6.427438241863759
4768906,782441,150.00851134277303
4768907,1995560,842.4905841421989
4768908,883057,457.63242810023587
4768909,776537,582.0924972144796
4768910,744930,411.2895040941864
4768911,1861372,919.8630481656556
4768912,1349721,792.1045858450285
4768913,1625266,906.6531833566333
4768914,1239145,571.6390422851005
4768915,1556550,901.2326504804619
4768916,1556395,36.540998111619814
4768917,1386392,551.382011641431
4768918,558855,414.3216493236115
4768919,496177,714.0214195105245
4768920,534085,315.9985556215671
4768921,119003,382.1897649499587
4768922,401367,70.91101004229006
4768923,759455,350.3537491918629
4768924,946842,478.0439684567294
4768925,244053,265.79177372424266
4768926,63150,453.7953627896811
4768927,1443813,457.43613928443415
4768928,704743,917.29376350733
4768929,1688528,763.0827154156965
4768930,500094,860.1100371887085
4768931,991936,163.5665144044297
4768932,1279045,454.5352960136986
4768933,884093,843.4148116365757
4768934,1430921,8.115016477339253
4768935,1364121,886.1091019682264
4768936,227616,17.98795139293008
4768937,427139,530.157460882624
4768938,1907540,100.4656604632509
4768939,415827,721.0924390925345
4768940,107322,625.2927471459498
4768941,478924,99.79967247836686
4768942,795521,832.0412797171721
4768943,744329,371.62112162519867
4768944,1832572,475.7778301381277
4768945,1113341,242.18337719024652
4768946,1646594,320.8506206514307
4768947,1949720,841.7355273853184
4768948,872120,571.4792888356127
4768949,663485,645.1753011754338
4768950,145792,511.9988154724221
4768951,1538772,826.8175290130392
4768952,736372,660.6018160792999
4768953,561003,347.61625818226804
4768954,254257,657.0025293937574
4768955,335009,269.08756347050144
4768956,1984382,620.0247832179364
4768957,934968,785.7650107697184
4768958,1925151,262.9227046777538
4768959,326389,469.2467663836251
4768960,837799,255.742936760326
4768961,992028,500.53395012124105
4768962,970194,778.5031098536787
4768963,655463,867.3904880142334
4768964,804773,472.52834538282207
4768965,1276267,558.2278616086455
4768966,650086,165.73991996022298
4768967,608862,383.1305769637803
4768968,720608,317.03867972380283
4768969,163629,492.9865163749565
4768970,1386250,443.5259356639784
4768971,913387,207.9685342197437
4768972,1606824,273.0773801477979
4768973,208188,307.24833773757945
4768974,597294,727.2751673469376
4768975,1052500,67.86165884612838
4768976,1785386,42.76721507215142
4768977,851132,678.4534583446979
4768978,1667376,645.9433558044564
4768979,500105,475.65977204052314
4768980,1059781,762.6016410459365
4768981,386379,917.0827845038255
4768982,1060475,736.5455442613502
4768983,1719504,371.91585943059334
4768984,1057938,473.87134735588745
4768985,1949268,617.3163351899905
4768986,400607,370.496754871248
4768987,1621854,76.58039465118138
4768988,1975067,644.5471978900297
4768989,1244238,752.8991654785262
4768990,756364,978.8381376514363
4768991,1967011,614.8031266202341
4768992,479278,409.55646634859556
4768993,468289,880.2079262298893
4768994,252459,10.839005566051663
4768995,1700795,120.17876094640923
4768996,1100648,215.02900178642113
4768997,995464,146.6915567993209
4768998,1222625,389.8321212284708
4768999,221364,888.8070130011273
4769000,1287154,332.7226683171472
4769001,703323,568.8454435337294
4769002,66243,453.19034226482324
4769003,147400,717.6735084308515
4769004,273724,342.7247734387511
4769005,715106,912.2060872284148
4769006,963876,312.2020297756167
4769007,193645,541.8136563086337
4769008,518872,798.858469966041
4769009,1139787,664.5380046034624
4769010,1481477,94.163844994254
4769011,962524,922.4731313721109
4769012,445449,216.98965903032453
4769013,211359,28.927154457138116
4769014,341175,174.9946820532864
4769015,405350,403.2122044120983
4769016,958311,137.14978116557097
4769017,531679,683.599206415144
4769018,485912,272.971802844913
4769019,1679274,462.2789157792039
4769020,1197207,223.9857943605996
4769021,271727,527.0624382787735
4769022,1914398,650.1211757645419
4769023,1214855,553.4083787069076
4769024,1332989,372.70271449469794
4769025,454768,328.67660929560947
4769026,1010922,58.779682071636415
4769027,5176,353.4092604503508
4769028,1324044,314.86728149541653
4769029,1090972,564.5968421229052
4769030,852650,658.1187149531331
4769031,135104,464.35963886157384
4769032,634744,307.8761307075466
4769033,1883749,934.7793219551565
4769034,947761,278.2575753268961
4769035,1888199,546.4946675715322
4769036,1967673,163.95107861911495
4769037,1698181,781.5688596326299
4769038,1811371,342.4245786304133
4769039,483418,141.39290053110176
4769040,1170248,758.5778185762889
4769041,1513031,483.0597656062641
4769042,1133829,536.1035559864872
4769043,1020688,660.8883770984417
4769044,762419,657.1569574895245
4769045,1551967,838.4273887736839
4769046,1241784,145.75747504445636
4769047,784092,389.81372828759044
4769048,304388,183.0129491668584
4769049,1719565,661.9735328718674
4769050,1098674,705.0005158329379
4769051,352158,876.5592115087187
4769052,1765443,927.5975690750396
4769053,1715517,914.1958500514974
4769054,817750,444.4051995947922
4769055,1694620,417.32962365805594
4769056,622957,667.9652469419077
4769057,1199,779.782266286237
4769058,1931348,254.7174057511109
4769059,1343897,185.35898595036505
4769060,757477,911.1332225766324
4769061,1589515,102.78955655995559
4769062,1735234,506.9335249922554
4769063,1269607,509.98192872628823
4769064,187548,675.5723854377421
4769065,815788,188.4459183078775
4769066,1323495,243.79526794078578
4769067,524004,525.5064810592324
4769068,613640,51.68433847845122
4769069,1739792,380.0278827828102
4769070,444640,186.79103526093598
4769071,1843284,397.30931780199643
4769072,1896186,626.9259802741253
4769073,1599724,190.28748848829858
4769074,971351,2.7751212055473484
4769075,1679878,125.47756839769252
4769076,1663336,474.4233774826924
4769077,1787487,503.94209212097905
4769078,1040450,439.68825147205473
4769079,967068,653.4824382148428
4769080,31175,152.25784907467633
4769081,1719769,512.1447022832642
4769082,544242,15.129890997130468
4769083,47836,871.7277198923016
4769084,135333,204.98075323912036
4769085,108844,64.50701401602143
4769086,1508382,138.76514238797432
4769087,1367583,682.6940346540127
4769088,1517180,247.00607389843643
4769089,1755392,116.30774917990638
4769090,25026,519.4245732555431
4769091,644879,257.87073737818866
4769092,1571859,973.8230713861245
4769093,1177055,975.5197794579854
4769094,1949153,3.16269058142693
4769095,1339317,347.9262683899168
4769096,1747268,344.45130950105994
4769097,1647399,764.3129070922511
4769098,1919039,301.2342147864715
4769099,855437,125.09173679854769
4769100,172414,544.1476198471494
4769101,1849106,621.9456634122422
4769102,49535,874.8066594468266
4769103,1040955,365.65733793620603
4769104,1371983,785.1922667732734
4769105,1226150,851.0829173335388
4769106,1766055,373.5108876376674
4769107,1787736,436.66591824867186
4769108,1528870,980.4393274037533
4769109,1883987,182.86841183125225
4769110,1332546,839.2514475302402
4769111,1595841,108.56530330851588
4769112,1530810,999.2842668732611
4769113,983490,397.699994913308
4769114,638149,782.4376628920799
4769115,1253154,106.88672406647103
4769116,1844195,557.2996131277264
4769117,1180219,408.76696421329206
4769118,185249,770.4612195100844
4769119,398747,304.16687982098057
4769120,1543014,849.4519009183199
4769121,1714506,144.6897315255694
4769122,1490702,889.9332254659055
4769123,415095,83.08602857442848
4769124,1688646,620.4245267122014
4769125,636890,799.4394868346777
4769126,703254,332.9953947594405
4769127,1521384,746.4671190181092
4769128,221816,137.3268782343844
4769129,628545,745.8551304428152
4769130,1140610,919.7951157373398
4769131,905153,814.7720173180853
4769132,263111,685.2386421322351
4769133,501287,54.59368392277697
4769134,414779,290.94300745102555
4769135,703181,750.4828011645471
4769136,1866220,767.954278142306
4769137,1091643,573.4838704236311
4769138,581981,287.0177794512596
4769139,1402007,626.9575339588694
4769140,108637,717.6757216046684
4769141,1476958,912.6251867466278
4769142,1366166,141.8884936180652
4769143,1184121,632.8516257431128
4769144,1292368,241.7355084233661
4769145,1945046,562.2764244341463
4769146,1799153,490.95630568801784
4769147,1212970,441.08120028649154
4769148,1273784,226.85803577575393
4769149,346959,542.307932102391
4769150,1528739,232.55716679366734
4769151,317643,202.58279053049955
4769152,1845823,963.4045954590184
4769153,399492,965.6216880346238
4769154,427196,165.2849489911915
4769155,534990,954.0401798993781
4769156,865917,521.0036048001587
4769157,575814,23.978589585258113
4769158,1985383,24.254132686995167
4769159,1721819,515.0017906425037
4769160,1778983,954.6525202130553
4769161,402536,17.55604462552307
4769162,785878,235.91671754362153
4769163,169553,171.93492878502437
4769164,1686963,154.58346599809158
4769165,1651610,532.2324326677428
4769166,323575,132.14028035795477
4769167,134610,107.39912161205356
4769168,50647,328.7278900619225
4769169,917891,971.6806752984237
4769170,1254383,839.4417252508114
4769171,1970892,629.4448862879082
4769172,477918,221.02943472704084
4769173,200258,472.9426374539709
4769174,865404,489.90216088950666
4769175,1349697,663.4015050370637
4769176,187308,435.7680482911891
4769177,786988,522.4937250522546
4769178,1456724,492.1273141758291
4769179,1758330,236.31959069346266
4769180,884212,620.0973502502667
4769181,1615702,891.1529231634692
4769182,628075,117.19095761699572
4769183,1884267,496.7066003125815
4769184,1828481,341.03902165547606
4769185,458218,147.62841933049074
4769186,1076053,964.2544034988653
4769187,1740876,898.1185452930486
4769188,555525,457.1704665231847
4769189,972675,674.2329837288213
4769190,409285,997.2407910218781
4769191,1969153,441.2454694140372
4769192,966574,268.31564763338076
4769193,1436362,249.4567855924057
4769194,1852880,627.9517366193198
4769195,1791477,0.6038395089326132
4769196,434021,722.9494460888266
4769197,570693,157.14597984289702
4769198,396595,40.03460807695058
4769199,18408,639.4760685698592
4769200,1178814,43.917514621343635
4769201,1349762,565.7591978597637
4769202,1406105,131.6729537583464
4769203,1153462,410.0700155830116
4769204,533367,112.78895379001885
4769205,878765,996.7607908978138
4769206,150501,5.510186705900311
4769207,265345,64.95276599262235
4769208,995022,485.1663982603911
4769209,1851012,252.63960090779923
4769210,1300485,495.9506620015929
4769211,1864481,33.0390145694055
4769212,1651903,149.6824690452112
4769213,393489,8.54601411446776
4769214,700555,597.4723387808056
4769215,867462,426.1490018082311
4769216,834613,916.5751394418315
4769217,809393,736.4829003339202
4769218,1729971,444.01992056980765
4769219,1750563,732.6775661310029
4769220,206221,53.013133024378604
4769221,253206,30.031605067298962
4769222,716437,253.1099196960126
4769223,1840270,663.2523162608045
4769224,961393,240.3378830468138
4769225,341775,589.5858355344609
4769226,1800779,196.07087729314344
4769227,682351,397.312796754596
4769228,157561,221.15684411191484
4769229,150556,524.3073067172887
4769230,1699752,612.29847967563
4769231,1520701,724.5087477829597
4769232,1985789,115.8248049650954
4769233,1930493,201.08956441525706
4769234,1013358,445.2956807191781
4769235,1426672,392.14649942523306
4769236,1524971,925.632342707327
4769237,230047,787.2506244915711
4769238,690188,57.574417406668466
4769239,1157483,291.4806295940543
4769240,1634064,752.5451590846211
4769241,1016370,802.9941258355269
4769242,1226361,745.7326104551296
4769243,129266,202.70298319600423
4769244,1263234,885.4844256390619
4769245,1545009,728.1584417794575
4769246,862765,792.1073330640527
4769247,725790,168.38095626084072
4769248,1789036,199.74560186313138
4769249,872011,573.8739345459421
4769250,538777,939.8419963550983
4769251,662317,765.5298852375917
4769252,1135796,210.50830549305167
4769253,1606811,828.8169861330764
4769254,1720422,591.5028879309949
4769255,1807580,474.02563795722466
4769256,1860186,352.9294724363601
4769257,1730208,911.9767542397293
4769258,533479,218.36892901960059
4769259,389195,540.7788171153156
4769260,1790572,167.42514257595553
4769261,772813,65.20706279047283
4769262,621663,574.2836146670536
4769263,1998230,382.3394133580412
4769264,237072,831.2927796084473
4769265,1134741,966.646457884401
4769266,1079495,825.5422362085865
4769267,1385905,495.4822326832612
4769268,1060593,611.9932034206894
4769269,82039,193.3528226478315
4769270,1617453,607.0258902831165
4769271,1539782,600.4641511141108
4769272,1286892,671.0798904207234
4769273,926774,94.09908037586322
4769274,1146165,137.1898700408064
4769275,1165768,307.91948403916945
4769276,1770547,803.1081272862654
4769277,1884419,828.6922648136649
4769278,1528929,699.8515227297345
4769279,990131,340.0344116490258
4769280,1602952,557.1565063532354
4769281,652372,98.6684355915649
4769282,689100,125.36855743573683
4769283,855374,109.50318589141095
4769284,1270774,538.7689544558382
4769285,1535383,480.13779663853086
4769286,187467,586.7261094429039
4769287,1519723,495.71233785795374
4769288,1761483,558.7488637478405
4769289,1003716,735.3882591502481
4769290,1295585,70.71069700501664
4769291,1427870,8.975585391605922
4769292,1996517,101.96495300434938
4769293,23480,261.81257308901405
4769294,1990352,413.5859164241531
4769295,334143,188.31120111186607
4769296,566754,671.2304807394913
4769297,566634,728.1069168261603
4769298,1141638,201.43061176690236
4769299,112451,921.0408523571496
4769300,960997,466.10530415247007
4769301,475532,53.461558220600836
4769302,189731,978.0900116206486
4769303,1852956,73.83199230452475
4769304,20911,829.0183047914508
4769305,222801,997.5866116945131
4769306,1391547,595.0871882773774
4769307,624320,667.072212126279
4769308,623444,267.48204512980334
4769309,673327,164.1047017430529
4769310,257797,924.1785648888796
4769311,820820,864.6582062885072
4769312,1148724,626.0250464081169
4769313,1900042,359.32249960279785
4769314,1430277,86.98478619476757
4769315,571925,93.80033992608905
4769316,506205,68.42653733101712
4769317,910987,679.9416152616285
4769318,1829235,487.6011514613029
4769319,1164083,911.4072449270294
4769320,526883,891.751532212325
4769321,84336,861.5358394119456
4769322,53924,208.87220396473683
4769323,1535535,151.09329071729715
4769324,227183,676.2743524325255
4769325,1817883,335.59131986837633
4769326,1211456,164.5323075229703
4769327,1060854,668.7648174356004
4769328,1774145,674.0140553511512
4769329,1191290,82.25868779312661
4769330,1266886,228.8937583699995
4769331,1623843,560.2510841828006
4769332,661163,567.0396991892623
4769333,386217,739.1332977692291
4769334,1232788,106.62948864958011
4769335,1190901,497.30513415366016
4769336,692048,193.3102924486777
4769337,469510,730.2581727542577
4769338,1417038,185.45965397298892
4769339,681964,648.6518636114425
4769340,1709527,419.84677843648046
4769341,872355,659.7240544662751
4769342,292034,230.46466682554168
4769343,1354838,958.1501971935941
4769344,1449869,409.58966113721726
4769345,721159,203.30978590669525
4769346,1261594,898.1844166871031
4769347,518387,915.0462479511751
4769348,825665,674.3007458860262
4769349,1940889,431.4004038942194
4769350,330550,58.9851986522949
4769351,189428,120.62440501400306
4769352,672595,153.81903688321796
4769353,1250556,134.85522616420099
4769354,163312,381.5386527754974
4769355,1192304,386.00248710140494
4769356,1988480,929.0978209391674
4769357,622308,367.5019027287009
4769358,333866,885.909195878803
4769359,1813740,510.2318390359317
4769360,1557645,30.15282236958239
4769361,145518,933.5088101690333
4769362,568215,391.18717780986225
4769363,455307,534.2704466611162
4769364,511369,110.81616569970787
4769365,122648,170.82551899879573
4769366,346460,928.2951001815435
4769367,791638,684.7094393144206
4769368,146785,181.36126196890734
4769369,1230129,782.2856522847686
4769370,1949290,830.8523692832864
4769371,285531,617.0783250125404
4769372,1020933,769.8202552579314
4769373,1301078,264.61649148562736
4769374,431505,568.5099038892729
4769375,1781060,102.70315604027125
4769376,72490,542.7629636662041
4769377,717095,273.1173091516783
4769378,1875620,208.2589256851747
4769379,836635,861.6176440222913
4769380,1482632,881.1947890836134
4769381,982651,525.4932467031267
4769382,1123460,921.2859590821716
4769383,1404481,716.1898015930135
4769384,920059,988.6091641276666
4769385,927967,545.9610222577135
4769386,916728,817.433753206668
4769387,657346,906.2806571449164
4769388,1999287,714.9417641396786
4769389,145003,164.04095097826678
4769390,985560,13.887138621772156
4769391,1588146,253.57116118045175
4769392,1662761,803.2496479431386
4769393,466337,544.0377845083561
4769394,1504663,744.3106284938655
4769395,574962,579.7476091560834
4769396,1060281,42.9176249247174
4769397,450733,924.0579679033269
4769398,101360,337.5969513535472
4769399,429266,673.6523210692541
4769400,1332613,255.75623127605496
4769401,1815791,880.4868089203966
4769402,777168,232.60200333344662
4769403,1198913,539.177553930348
4769404,1197036,444.09621258205215
4769405,775421,309.1067659697122
4769406,1089485,318.2347630551119
4769407,1031329,927.6536361125666
4769408,361817,176.54773789727696
4769409,1809041,511.7696408881122
4769410,1009921,337.0587980823143
4769411,1179678,315.94890566011236
4769412,737748,35.97150618273426
4769413,566654,338.82507599191933
4769414,501978,541.0512866223031
4769415,1706896,54.20333919348719
4769416,316522,61.3648373831045
4769417,179005,100.91189586641191
4769418,766553,177.7825635366922
4769419,738451,259.78856951803607
4769420,1773422,659.6199976306922
4769421,660332,267.64793801298833
4769422,1596469,999.9776982462454
4769423,1111367,897.4286981618931
4769424,1262814,923.2685057963893
4769425,407669,555.1686823211197
4769426,1495562,412.3813800671701
4769427,181344,49.841064279882886
4769428,747363,51.385366943590526
4769429,1656127,996.6101549051638
4769430,1392788,998.9847480365547
4769431,1395563,807.8573083865284
4769432,973,184.58103573551955
4769433,705643,521.0338428901758
4769434,1538145,94.667288106273
4769435,1278835,918.2926555751113
4769436,1390851,116.46121701303514
4769437,144110,997.2646160930045
4769438,1505827,970.9235400961775
4769439,279232,118.41534502793505
4769440,1172742,182.56613667646627
4769441,148192,302.05807851440915
4769442,64813,847.4812823700555
4769443,171504,175.70226106982645
4769444,487322,904.7674570282137
4769445,1312179,156.69253485469346
4769446,841924,617.3134108368406
4769447,1666893,402.61975839989526
4769448,580889,402.3883160344681
4769449,1700292,676.5672685627299
4769450,1774995,200.68522042694735
4769451,1469082,776.6439072023139
4769452,777283,725.2333383994377
4769453,1123321,712.4128404456965
4769454,765622,496.206104078743
4769455,221942,539.5404138406684
4769456,6410,442.7612637713165
4769457,1679754,653.2071909769198
4769458,1711612,749.3425462449683
4769459,1922981,274.0863682071055
4769460,1881602,470.3857062572415
4769461,400107,563.6700602889965
4769462,1216284,679.3638685193049
4769463,782151,580.263209025134
4769464,515331,96.52084554045659
4769465,992125,48.22952514839341
4769466,214908,622.0700327422003
4769467,199072,384.019263186826
4769468,1736420,515.4973150563392
4769469,219317,567.0878660791346
4769470,288479,33.631291218798594
4769471,858470,170.27538528523522
4769472,1089736,695.4120212090077
4769473,1535171,2.2090720666595454
4769474,1243789,385.92064589361587
4769475,969791,865.8846320492266
4769476,666195,815.8425282121356
4769477,479649,425.694713686915
4769478,1378385,778.9092696764301
4769479,677143,127.88754202783137
4769480,1953158,366.0895444268666
4769481,104586,679.2705132560618
4769482,733003,433.5848758871441
4769483,968631,453.25333613746466
4769484,1232075,905.0444522475894
4769485,870164,451.1079814751465
4769486,1532061,413.0913327438736
4769487,1191866,855.5013865360078
4769488,1042924,50.04834114191014
4769489,1737514,951.5117072378403
4769490,348501,438.3716679171489
4769491,1165649,29.673193175704824
4769492,1685672,976.5658065616203
4769493,1183058,34.51400276181993
4769494,682771,926.5416985100277
4769495,198369,836.7922075822784
4769496,1716483,572.7436116600752
4769497,1200522,708.9168175782168
4769498,1284008,334.01362878998486
4769499,1078938,407.47728848943234
4769500,1975199,732.1152989934171
4769501,646567,150.8963892401385
4769502,299741,150.98661473468167
4769503,1094997,716.3762042793558
4769504,1756343,835.4936077554543
4769505,73885,981.7748664845349
4769506,1555693,226.02519735617977
4769507,1708543,806.0065486895228
4769508,906243,230.73420635025943
4769509,103077,831.1605942123256
4769510,199583,197.89121897993934
4769511,566338,792.3161220800763
4769512,405523,150.3564183852123
4769513,725486,783.2145827577067
4769514,394279,513.7654033380343
4769515,384517,261.52397662877104
4769516,1072583,740.0623281860693
4769517,145632,658.949434699606
4769518,1580268,859.3129376474736
4769519,1952432,405.9442136387912
4769520,131198,489.96719827914103
4769521,1176225,906.2747095886762
4769522,646739,102.09513816291272
4769523,1501529,966.978630763463
4769524,629611,474.3927824723335
4769525,786288,449.7294837680049
4769526,77978,381.07969173420076
4769527,733238,472.81824913903336
4769528,816399,372.93229388024173
4769529,1829315,693.2856529016352
4769530,1709690,398.58921568099623
4769531,537082,22.83275929458206
4769532,1361299,89.4231034572689
4769533,388126,590.531426510611
4769534,1486832,300.88534173716664
4769535,1168381,265.69891722454463
4769536,1164848,510.38638317602624
4769537,1940103,351.7333123280986
4769538,202675,923.1044994984048
4769539,141571,693.3344829832278
4769540,986530,830.3464422300851
4769541,1542686,835.0654750394554
4769542,535737,807.1571987998373
4769543,966686,694.5192947464321
4769544,98897,341.0692898561111
4769545,820433,90.51778004591814
4769546,1716974,412.0403486145866
4769547,1986486,58.8392072750582
4769548,253574,857.460784488068
4769549,1127733,430.5305694615018
4769550,55802,545.1775510087505
4769551,274864,853.1440744719596
4769552,1419981,915.2697456299941
4769553,517752,788.3250135697311
4769554,1834166,720.621394003851
4769555,1185587,829.5770348200359
4769556,1362419,236.76893776566033
4769557,840315,849.6484341627939
4769558,303155,911.8269235612894
4769559,838413,771.2917894998722
4769560,1715238,604.0232179123699
4769561,828420,472.0546604026256
4769562,1708271,826.7134163438279
4769563,100284,678.4831106781714
4769564,760365,510.8635043568118
4769565,1868057,563.0846558101093
4769566,1632669,251.22224384732505
4769567,551441,166.94990601728944
4769568,394316,761.8096171867631
4769569,660209,809.3743187199622
4769570,1634455,341.7810158235491
4769571,1544056,352.0937393804363
4769572,1502526,448.33313772216997
4769573,1311628,226.7380478934373
4769574,909804,701.0976774416753
4769575,217691,265.41461515704134
4769576,418646,531.3188270922253
4769577,1911274,339.97964556549044
4769578,560648,146.51076025616615
4769579,110637,174.95614764519084
4769580,1271866,86.52746299790215
4769581,1707745,163.26253607500064
4769582,1641228,823.5644618270486
4769583,601227,216.90720308251366
4769584,22981,292.32876646100016
4769585,1518735,909.3966138466035
4769586,1322291,574.2867006833379
4769587,101509,388.19521981115633
4769588,374273,542.8701378614597
4769589,1035895,240.8182218322632
4769590,1435750,631.4252247959413
4769591,183554,79.28908465442763
4769592,1035719,913.9675104066158
4769593,1560625,727.1707311205541
4769594,291686,965.1198921501638
4769595,1880906,56.82588339748384
4769596,1614715,274.01065660697157
4769597,275905,194.43108275537614
4769598,619291,192.50745276954729
4769599,655526,735.7182779460671
4769600,542192,970.6067346335851
4769601,1361681,648.0451716332907
4769602,1856517,405.79690092126265
4769603,1868203,43.094980232900035
4769604,542044,509.95713305415404
4769605,270466,96.474229505911
4769606,18758,659.5198366116642
4769607,938396,489.1598588599623
4769608,564097,426.3613687428276
4769609,247974,670.2382354174549
4769610,711762,58.92721323363303
4769611,347253,774.5820203556585
4769612,442593,481.9343772549997
4769613,689552,62.66545218348918
4769614,1982653,331.72407949888884
4769615,1541901,416.4838384213455
4769616,1533988,981.6461549531286
4769617,1093204,259.187786377429
4769618,1552680,664.2326170778192
4769619,401755,235.98322769980805
4769620,561424,798.0621846222563
4769621,77203,378.60969287153046
4769622,170191,207.2540139826664
4769623,704994,874.4536701041621
4769624,976822,938.1386150648211
4769625,1265082,569.8364347327456
4769626,1690032,782.4488064335236
4769627,551802,900.0512368441154
4769628,1075395,49.29669550140125
4769629,1689736,828.2293963535651
4769630,1436376,769.0978597345837
4769631,905559,19.47398942144174
4769632,995880,10.038743952021868
4769633,1043886,310.098147455014
4769634,283365,84.63885841972252
4769635,305551,960.5343495664558
4769636,748783,575.0582697698757
4769637,43676,25.30730371837686
4769638,610166,818.6983689549925
4769639,1425705,893.4972610039812
4769640,1491748,434.5633287533408
4769641,1498162,894.6129717605186
4769642,1487939,31.222496134348134
4769643,1385372,762.17277396098
4769644,890251,663.8382701425026
4769645,1755896,319.0330263480048
4769646,781182,66.16134187925982
4769647,1554120,58.15545686898549
4769648,1821989,717.3546148726448
4769649,301643,140.34948714055272
4769650,172292,208.57150931566503
4769651,963520,72.9933793851969
4769652,606570,543.343500232112
4769653,1956989,240.6967687862741
4769654,255161,619.1735289147525
4769655,56795,252.65241883886202
4769656,1481276,888.6366398126207
4769657,442469,910.3667123649715
4769658,156076,314.860260648831
4769659,106154,142.43665488602142
4769660,18541,913.9380898649534
4769661,1270274,368.401764149294
4769662,1111188,483.9617166142783
4769663,1127880,875.7133796164586
4769664,1940002,6.3702148042198425
4769665,1826484,622.1978977049839
4769666,101557,782.6319829379498
4769667,1130359,829.7444781126514
4769668,175923,585.3143432445795
4769669,1644153,577.1403029516791
4769670,1286164,941.8783832610128
4769671,983653,578.938714260891
4769672,1237109,339.44209540710347
4769673,1992090,632.6165630842521
4769674,736293,477.0475991933001
4769675,1071442,350.182092179822
4769676,131441,684.7643137322839
4769677,1140804,3.061224342629565
4769678,1382630,903.560502371911
4769679,194226,425.3929160041333
4769680,967020,493.65111505215276
4769681,1450147,215.3429216962629
4769682,1487482,851.7595608116361
4769683,1941736,589.3388570990937
4769684,200949,525.1937819602417
4769685,28445,967.6982362963874
4769686,295272,355.6033114631642
4769687,323153,363.7191752407691
4769688,111116,593.5816024168197
4769689,1953641,205.0027408233117
4769690,190960,541.8021620122599
4769691,1162350,216.87250896257558
4769692,320255,593.2579136942762
4769693,1941546,686.719426421512
4769694,442714,888.0485974009149
4769695,1617826,19.483306060939288
4769696,1354098,536.8417042947391
4769697,1362364,800.4880222329323
4769698,359767,455.1380916840888
4769699,1615545,164.79813217371108
4769700,1561381,219.69802474513332
4769701,1665769,814.6857186940346
4769702,9486,573.8452567053928
4769703,395929,187.38590732827808
4769704,840140,239.852846231829
4769705,1704074,101.26726322440027
4769706,1532353,161.73732350807924
4769707,779256,563.1991335676605
4769708,1974057,370.7210806286908
4769709,113380,109.46235263220305
4769710,1086473,45.88846328481888
4769711,487738,3.680924075758263
4769712,1914150,725.1756141926294
4769713,1275142,982.2300419856464
4769714,171086,343.2469297646878
4769715,266930,376.83482383861923
4769716,404415,784.783606085861
4769717,1601915,122.92610159840822
4769718,1728925,242.7542047556669
4769719,1525336,374.0553606884971
4769720,1220025,520.5136958895927
4769721,1554566,472.39755091904766
4769722,1624661,197.30870934372723
4769723,879376,178.51628988662682
4769724,447396,995.532788824813
4769725,893903,955.0580436929414
4769726,776268,869.1213591020495
4769727,1085111,101.1687156229083
4769728,1770457,142.45962091275823
4769729,844617,167.2776418683569
4769730,1801128,380.68231591318215
4769731,1291411,928.2838091302754
4769732,669941,124.45454659925814
4769733,1963514,618.4936732681674
4769734,1017443,630.1017349797935
4769735,1484906,418.64847814825146
4769736,673373,551.2632650874277
4769737,655455,639.6257147364284
4769738,1895140,545.2666673547868
4769739,1858362,438.0140140764481
4769740,1885297,221.6015399389556
4769741,1024247,484.55859416264957
4769742,1125181,29.738468438588516
4769743,121872,477.6941996798582
4769744,1748823,952.9516526549443
4769745,845919,405.6952150806552
4769746,1610382,852.0986321821833
4769747,1780089,25.359026585494384
4769748,1396460,482.42088189946963
4769749,1036195,881.847653968198
4769750,150524,373.94850143448843
4769751,1445789,358.0173720762806
4769752,1553361,706.8937243730452
4769753,1898141,283.4124057144245
4769754,1569110,496.2685822533929
4769755,872180,838.2492603618184
4769756,833688,803.2648474701843
4769757,586750,877.6236646152214
4769758,210765,647.51233858217
4769759,289560,102.62783444626244
4769760,1289617,202.9246425701394
4769761,600946,491.8278781990975
4769762,347734,829.6838274269658
4769763,1511234,633.0368270952813
4769764,1142590,458.6064744479723
4769765,1315177,385.6826786418306
4769766,998439,392.6438629390285
4769767,1816536,953.6823706114841
4769768,1812568,752.7992912344024
4769769,86265,938.8358239246002
4769770,114771,205.79512235723485
4769771,494635,64.84351757197537
4769772,1552131,968.6553961325616
4769773,1979495,878.2432810953322
4769774,405258,545.7750439452125
4769775,1642695,33.99398445844681
4769776,101149,737.0327960918586
4769777,722765,672.4721598532578
4769778,93561,296.3774278781968
4769779,1002347,850.4336423909735
4769780,543142,844.2328598749239
4769781,998493,867.1123902489471
4769782,258627,862.0416029461817
4769783,504352,504.9329024016328
4769784,1746389,538.225967109155
4769785,1935564,968.1733587778609
4769786,1567394,600.1835540771979
4769787,1327597,684.4412336398169
4769788,163135,107.6792400523916
4769789,1044307,675.8257655000189
4769790,1580709,73.55679945076521
4769791,1440817,736.3333812271344
4769792,1652269,175.76187335971215
4769793,648792,990.1977780050136
4769794,1496590,176.76482664521586
4769795,5906,529.0377602696369
4769796,399233,294.2311828550069
4769797,299185,849.6564270418193
4769798,1426128,287.9134462823908
4769799,1378201,247.65319533668796
4769800,1561292,34.29914383815436
4769801,1236369,399.98147170101083
4769802,1385514,295.98037671202593
4769803,1013224,855.1352600343613
4769804,1290743,37.719896230412054
4769805,160388,844.3295273494278
4769806,683244,337.4538237566177
4769807,1638027,122.01535907577932
4769808,123924,649.7765723824186
4769809,725788,687.521581282099
4769810,1553740,694.6927639752761
4769811,1803380,589.9767803166812
4769812,1297993,337.6057101472203
4769813,1570743,396.9778791910632
4769814,1256429,837.7008819518684
4769815,464267,255.89455013290961
4769816,527201,181.682816214479
4769817,648672,373.9494151593985
4769818,646772,476.87428105880394
4769819,1067753,921.4746911245916
4769820,221815,191.27857873165
4769821,1986266,214.31707217096985
4769822,1717327,604.9438450971601
4769823,1181997,187.09355581816223
4769824,1514951,959.133625977669
4769825,1480644,574.2770967384383
4769826,804236,381.82478313513633
4769827,918126,723.9143438381222
4769828,938266,456.21788866989453
4769829,421087,313.21497098993456
4769830,1964634,818.3240964287625
4769831,1464281,342.2878057632479
4769832,1429974,340.83881436234776
4769833,35699,718.870679295645
4769834,239527,177.42870285603018
4769835,1796061,202.64912618343644
4769836,1525417,581.0191633572555
4769837,1330008,517.7753124132906
4769838,208350,890.8682124919933
4769839,1461642,362.7987567380316
4769840,1180888,75.3293037573165
4769841,1712665,510.5238155924763
4769842,902212,311.35521208810167
4769843,46848,407.1702122773724
4769844,1424688,212.45945827149993
4769845,443067,254.75074349162884
4769846,1929846,436.7667659822048
4769847,1698442,703.3900346873191
4769848,1354897,387.8547565276048
4769849,1792675,441.0759717727687
4769850,1035146,672.8321580165776
4769851,1449810,532.4427298148341
4769852,439194,647.6867146964886
4769853,916767,895.5455850783459
4769854,893512,988.7991168595843
4769855,1741880,953.762727971642
4769856,1275644,154.15016316326015
4769857,1907076,407.339636964275
4769858,1762699,381.1008507136772
4769859,88388,417.6569823551843
4769860,579175,656.2834902109724
4769861,1955324,468.2644267525876
4769862,923201,230.1556093159507
4769863,1034179,306.05906252471493
4769864,62739,748.8098438192816
4769865,47467,150.67119740860778
4769866,1537028,923.8856977225403
4769867,1884918,359.5522898759839
4769868,1379828,346.36820256607535
4769869,1504368,607.2073502292816
4769870,261852,459.0109816425136
4769871,1313645,284.0668444158395
4769872,240518,477.2957929765593
4769873,1641614,397.84045960156476
4769874,1372571,720.1886380714482
4769875,229627,284.2276984721419
4769876,953913,492.0621962842543
4769877,417653,119.90843299866971
4769878,952027,802.0531435936155
4769879,258762,260.94941054069363
4769880,156289,915.6466684927045
4769881,1219043,702.9244294543696
4769882,282142,276.4456330863585
4769883,1851926,466.8626412271525
4769884,406276,76.56447070310712
4769885,1341485,533.2592651350501
4769886,624523,334.774445526223
4769887,1194111,422.2089633817761
4769888,1493737,990.7422964476036
4769889,645987,80.77051297887206
4769890,1719497,543.5582782906754
4769891,552447,353.02762826058245
4769892,1042370,735.7399549276809
4769893,721943,430.4543991168639
4769894,1382274,751.6826866922476
4769895,1322756,679.2237696780616
4769896,1262750,236.5185372932621
4769897,1650374,582.1456594791732
4769898,1200255,864.5408003949957
4769899,1335071,618.2734085119803
4769900,1276853,311.5417047390877
4769901,1030103,309.4413027356593
4769902,627043,558.6920043083924
4769903,1788642,606.0827290965136
4769904,1592376,357.81523511812804
4769905,1927881,989.0072911000403
4769906,835854,28.49873288657112
4769907,1340113,404.4444692759248
4769908,1277757,842.7506451040693
4769909,1084787,81.25236625159692
4769910,10007,932.8042052174378
4769911,497526,758.5734331409396
4769912,753485,23.58026538446534
4769913,576236,805.4028036233541
4769914,366701,416.3827625107196
4769915,1750048,691.6708460825853
4769916,1481362,32.43167838814187
4769917,208529,183.0418997616282
4769918,822676,410.7937121491114
4769919,1215149,739.0627220196943
4769920,49064,694.9406687241933
4769921,948909,685.3246878388488
4769922,1570688,37.43693968655237
4769923,132235,4.250036647450495
4769924,24583,537.1678609620122
4769925,1713595,605.8466515681832
4769926,41881,428.9597754512219
4769927,550215,94.641639802033
4769928,1484690,271.1917263125755
4769929,1433423,373.4180129527167
4769930,1775570,412.48792687261647
4769931,321604,106.63819928119034
4769932,82120,322.54921114150204
4769933,178587,931.0333785084524
4769934,1796974,440.1121657211675
4769935,1927829,578.2893028014144
4769936,176908,408.0434071316911
4769937,227990,137.75838341255852
4769938,763096,761.1978226296322
4769939,128366,22.528094559282952
4769940,1509019,822.5567329957802
4769941,1838015,732.0921944886646
4769942,1357607,881.8074728328126
4769943,655803,463.943382098966
4769944,371345,527.5028511389136
4769945,1901192,545.9878178305696
4769946,696500,795.1301023322635
4769947,29275,605.4989686895984
4769948,1356064,727.3955278054215
4769949,1347671,429.88023109668114
4769950,1204448,661.4549256214555
4769951,991599,486.24698953156843
4769952,1076183,797.5608191208503
4769953,1620654,276.9167902504502
4769954,204654,606.9543027995315
4769955,1822420,3.9811206112928543
4769956,504723,904.9962192689824
4769957,1576307,889.615103825941
4769958,1436032,59.262285780065206
4769959,1375161,574.3757126476888
4769960,987149,712.3885053753564
4769961,453970,469.2710273798574
4769962,434746,678.3424678171056
4769963,478546,696.2860470728242
4769964,591624,235.8166013751427
4769965,187590,716.8629961283477
4769966,629113,29.0936805192179
4769967,91697,866.7299722376453
4769968,590621,350.0410979044686
4769969,1968447,887.5816898085667
4769970,1387831,905.0858161611299
4769971,824254,323.2105243696417
4769972,1461677,8.740599879968558
4769973,1577831,347.4613743859565
4769974,190470,800.1630706173888
4769975,905797,529.4119765786461
4769976,130154,924.7023764383894
4769977,1170437,932.2880108097725
4769978,1061165,757.6876315171535
4769979,886069,316.2312074857567
4769980,1578122,987.784938614069
4769981,969867,632.7623985267425
4769982,1208170,449.08853937011986
4769983,757105,656.2885362260148
4769984,637713,884.2949167922104
4769985,625075,236.94212936304626
4769986,718925,259.16450284625023
4769987,1303110,308.5636828513978
4769988,1865410,314.98864335134925
4769989,587724,696.7770598795829
4769990,1254966,722.1839571534924
4769991,1348997,2.0739516696526294
4769992,1099307,531.8184269170896
4769993,1224731,279.9751997227743
4769994,961011,369.0144332135861
4769995,154163,524.3681432371584
4769996,850514,64.27362906044898
4769997,1623141,385.7468624498801
4769998,221441,841.9664218957392
4769999,1467491,492.25042290677976
4770000,1188359,970.0688011909907
4770001,753170,91.80547936526328
4770002,1319782,613.2874467985305
4770003,5805,768.1414574361698
4770004,412624,504.229841223291
4770005,1623668,643.3641016819681
4770006,1127216,329.7092887299038
4770007,105407,364.7755989526459
4770008,1552755,84.4286067861567
4770009,676526,760.1383711211749
4770010,477333,395.4202951047434
4770011,1997721,281.8430538921356
4770012,681643,964.6914670080102
4770013,1746872,626.3075092711057
4770014,876719,17.47208911967013
4770015,1216990,428.41034090369135
4770016,1336435,287.2095005310744
4770017,1986055,27.12904902780522
4770018,1773274,360.9738102484088
4770019,928078,601.5603819636356
4770020,892144,632.6355909370972
4770021,711122,324.9554951617596
4770022,1615156,408.3905584377131
4770023,113496,271.1320407898116
4770024,1598470,849.5658045424569
4770025,465911,831.6488408018596
4770026,435897,471.6379451114449
4770027,415444,628.5266858125447
4770028,1430402,627.3478554241407
4770029,901508,873.0842348049292
4770030,719106,373.1108065115619
4770031,1364567,319.48194666184094
4770032,1475431,843.2875894503616
4770033,678875,178.21648109947085
4770034,1940256,69.84583042384074
4770035,46375,431.06276182681967
4770036,1902815,322.9649095532465
4770037,1576053,618.0532406093321
4770038,1702050,843.1043582682552
4770039,294229,435.8277745700582
4770040,1860680,4.820573934004702
4770041,1847760,211.22589589030227
4770042,1020200,185.06528076421858
4770043,766322,814.5210391055052
4770044,725088,98.41623429683011
4770045,951147,379.4265977919242
4770046,701738,678.201084672743
4770047,1249635,245.4055446075336
4770048,51991,217.6495147712637
4770049,307318,838.9223756523822
4770050,846673,646.3121280870085
4770051,1544790,435.5688365670937
4770052,6392,500.4529234688456
4770053,1408528,149.17303615791167
4770054,1437176,246.02979544460192
4770055,181469,608.6375229544972
4770056,1554748,786.7204150941743
4770057,1168049,686.1494546414184
4770058,1910856,222.656862378249
4770059,190753,195.15531258115703
4770060,988787,204.86480942919704
4770061,1935151,780.5334043934226
4770062,1375222,455.15666147810674
4770063,1530039,596.6057292155065
4770064,466007,249.86635485554476
4770065,1398372,558.2089093539773
4770066,314147,14.472213346249596
4770067,1777432,821.2644171441053
4770068,450487,154.15091946654846
4770069,1092725,975.3397036191061
4770070,290519,31.564474655964126
4770071,483509,988.6938554817766
4770072,1480965,136.24045222386795
4770073,1024053,970.2467218426643
4770074,1030562,662.8961239935928
4770075,313646,948.063903709061
4770076,1887621,836.8232571175845
4770077,143152,111.01465365461571
4770078,883799,719.7160141457147
4770079,1561003,691.292315895444
4770080,1518234,840.5486196302397
4770081,1169229,637.3983247300727
4770082,1466990,633.4609885107543
4770083,1051595,612.3181429360321
4770084,925367,854.1869249662143
4770085,45972,148.67659682158273
4770086,1287678,824.7974482878112
4770087,1427905,575.0950644183102
4770088,482791,634.4142493815289
4770089,936341,130.49635856035013
4770090,1274366,521.8058695062044
4770091,1705685,181.53678755275138
4770092,188398,214.57877603587227
4770093,264562,322.5589500111769
4770094,1221688,278.52569349058456
4770095,566398,689.666317127358
4770096,395657,51.930895958308795
4770097,1545489,392.5925403467476
4770098,1946042,589.3509625386579
4770099,1191694,575.2357766272572
4770100,1629636,452.5453564159746
4770101,771036,410.38667426959876
4770102,698770,8.094624705974773
4770103,1383002,364.48780209366794
4770104,1738678,762.3504636972262
4770105,517813,677.919091138634
4770106,1596046,38.42964385474568
4770107,1990519,917.6690417556096
4770108,808870,188.6499782441372
4770109,836788,706.8031311392889
4770110,1463077,477.3868219571689
4770111,277722,175.036854802901
4770112,825158,854.0783712108318
4770113,126560,448.63073342987803
4770114,1559037,824.6759658275355
4770115,492435,670.6929290876342
4770116,1868160,449.6390592391861
4770117,787955,763.7181660296329
4770118,672526,892.0118017864874
4770119,1252524,147.76887777384417
4770120,307316,45.11195009832192
4770121,1680848,351.6822574269106
4770122,855532,221.52968577659558
4770123,1041323,804.2328934637002
4770124,865547,173.60750140170433
4770125,1486477,786.1320718605349
4770126,1876906,833.2531120885925
4770127,865576,243.14603227397458
4770128,40365,188.71641420043673
4770129,1872799,147.9073610402961
4770130,418402,845.1842698853627
4770131,893717,587.7360638423881
4770132,910999,360.2522630390369
4770133,848942,584.5812424577995
4770134,1525978,807.0627995372267
4770135,251537,615.2148578793082
4770136,920118,377.4952144262017
4770137,1690011,22.787770881757208
4770138,1581049,407.8145549949379
4770139,498949,371.6340742173485
4770140,406266,879.2030890057915
4770141,377791,94.01824319134843
4770142,605283,635.9710899492775
4770143,1530755,617.592478202403
4770144,1414483,69.91176229815188
4770145,1578856,533.5789335241235
4770146,893015,762.9937737458972
4770147,677433,639.0911672728347
4770148,112761,563.5732426765638
4770149,1192754,971.4828953181554
4770150,1996539,889.6752898811084
4770151,1334087,183.7718532267818
4770152,1106971,463.3867827932464
4770153,1146161,845.2376843295423
4770154,1405123,915.5111633303245
4770155,786201,909.9168117281017
4770156,1813175,856.5160523966287
4770157,1472867,669.9524999454106
4770158,1260002,355.64489840446413
4770159,263981,511.40519446423536
4770160,1591326,803.676902752183
4770161,625351,956.038549736339
4770162,1427670,780.5435649472388
4770163,605432,430.6428492381422
4770164,1695503,424.35543463579415
4770165,1762707,475.72528443844163
4770166,986773,965.5624305801256
4770167,996207,689.868431285296
4770168,1572086,420.18102845814917
4770169,1618698,92.81859730328601
4770170,1377119,684.2718646429637
4770171,1956265,849.1325000973783
4770172,368968,178.54284259249798
4770173,656372,532.6825974881777
4770174,1877417,396.5310843809131
4770175,1532842,406.66919554858663
4770176,1234991,200.28005543530648
4770177,821291,198.90552173813748
4770178,1524689,495.8547564586865
4770179,999696,447.11140946435967
4770180,726012,275.4290757675533
4770181,1993951,652.5665419747269
4770182,318416,796.1456873707426
4770183,463980,912.5525335752733
4770184,579847,818.1153201368097
4770185,1222357,116.10318195800684
4770186,1581609,468.29139629548735
4770187,950743,448.5998942265398
4770188,712955,736.0215480866142
4770189,856195,181.40562795345815
4770190,1155955,996.5202400187181
4770191,559364,542.1838785784963
4770192,1797331,828.5838997600126
4770193,568838,54.848921922886376
4770194,52059,152.09691003086013
4770195,1907387,203.0206911100685
4770196,390558,479.2070451157234
4770197,936064,462.864109018029
4770198,283645,736.8249981298555
4770199,1501476,50.06924367596144
4770200,1224378,408.77104694495915
4770201,1966147,151.2438667821465
4770202,1339165,649.8789623094683
4770203,1087770,559.8962966008868
4770204,1102745,285.809600940329
4770205,199902,581.6626941644993
4770206,1450154,593.053481115043
4770207,442141,63.75910228834392
4770208,710784,649.8720028542507
4770209,113358,254.83669789085096
4770210,1413264,882.2354477343936
4770211,897834,500.6949956344027
4770212,1685827,984.4641380123176
4770213,1082568,597.2026622468331
4770214,27096,965.4381111322745
4770215,401249,224.60968343963916
4770216,139925,310.2494169989084
4770217,1265255,190.4345011669264
4770218,16575,119.79211527261835
4770219,182263,39.76074248693995
4770220,1866303,108.28258997758044
4770221,240746,190.82926373715935
4770222,1888504,24.541261832754625
4770223,1637687,430.1991911287535
4770224,677985,60.461163938062555
4770225,1029273,559.1644354636354
4770226,257411,581.1816983228673
4770227,1075916,423.03950450285953
4770228,1019439,999.2251353965756
4770229,1784871,775.8922955031765
4770230,1199187,113.30822428367327
4770231,1581478,873.2303825213271
4770232,1702151,761.0906139282312
4770233,1406720,552.4465326265545
4770234,1175695,146.39854095210535
4770235,250273,467.50044071577014
4770236,960328,953.0116861185969
4770237,1566288,520.5163845380215
4770238,812569,272.0119287783226
4770239,698094,767.5460460533743
4770240,692878,45.577867114255824
4770241,936116,105.49028794606785
4770242,248511,347.98905768902944
4770243,1341728,581.7052082767624
4770244,1232106,863.778275926157
4770245,1842225,570.1607858845252
4770246,1741370,838.8646691586101
4770247,1851755,356.9725630676578
4770248,1843258,875.4543618513404
4770249,1189361,703.5444719236498
4770250,414709,364.15518787973065
4770251,977510,94.76699076768602
4770252,1775294,618.8929159324258
4770253,1304943,916.2343053666953
4770254,10832,346.93193077199925
4770255,561113,944.3113436620466
4770256,1136753,588.8666239000128
4770257,142005,452.9352675371533
4770258,144292,425.2216137714879
4770259,344024,902.2004019542616
4770260,605057,990.195194165526
4770261,1964292,63.88543427883575
4770262,675502,630.6937301804545
4770263,1333420,515.2278310046023
4770264,368111,103.14549340894885
4770265,1949918,372.180091103117
4770266,582496,878.8846101325548
4770267,1955847,919.959158542274
4770268,519025,449.9727002166035
4770269,327435,550.6812847675492
4770270,1003291,114.58774003294036
4770271,875877,100.92000705157078
4770272,189560,81.21261253899658
4770273,153861,15.740549746946497
4770274,104181,908.229902170062
4770275,1826566,397.09434902741856
4770276,1459693,837.1755031545308
4770277,131681,866.7923834832882
4770278,413428,114.64353866885924
4770279,1933245,413.63606927503514
4770280,6286,952.1759195144338
4770281,1251775,124.04935941924411
4770282,843093,819.5068752044042
4770283,651685,695.1969065302952
4770284,534013,316.9856903495065
4770285,30620,8.439777195284769
4770286,550329,806.6271058616036
4770287,1149292,941.5829444474467
4770288,1492195,75.35836488453972
4770289,1605206,546.226490417554
4770290,31109,799.7709909749378
4770291,872513,71.42270871056678
4770292,1928248,72.24007182699621
4770293,1359314,934.8719682433631
4770294,382453,391.4077106105135
4770295,379773,29.93361079983792
4770296,748553,923.8683990923266
4770297,1862997,693.0108191761635
4770298,1785340,349.90813147099396
4770299,1740304,625.8496076900152
4770300,1308342,209.8073517711494
4770301,88507,924.9057922363529
4770302,381907,169.38177872782413
4770303,294990,847.40096689495
4770304,161971,200.46497044551558
4770305,284614,718.6737443056676
4770306,1892906,496.0862488054639
4770307,837487,922.2602421787045
4770308,908497,706.8690678610983
4770309,222665,894.9023655153117
4770310,1966923,453.40658809188193
4770311,1648789,537.4322438514444
4770312,1645425,844.9980959533169
4770313,1702016,272.0507564543947
4770314,689628,937.9378901418256
4770315,1498427,528.0479549546083
4770316,165871,637.5335502563642
4770317,291102,422.69220246555983
4770318,715419,113.1395923537033
4770319,1299251,640.1519628380639
4770320,1261736,982.8365146805672
4770321,1075598,280.1098131415458
4770322,1685663,749.3347918696612
4770323,1164068,375.5769417917134
4770324,1511120,725.8710469609788
4770325,1181107,952.1593761434423
4770326,1036060,864.4917441603865
4770327,165295,454.493782777862
4770328,1025491,59.97509507092702
4770329,1978903,482.60697800381627
4770330,1938334,519.6388453003999
4770331,868218,788.6885019874949
4770332,761423,631.3350872213106
4770333,57988,258.54391888426306
4770334,1206460,313.2451692167294
4770335,1621721,461.93245986241635
4770336,224568,773.2305561705031
4770337,1097537,443.0077434472005
4770338,366431,205.93213040539803
4770339,1826238,205.38477929332444
4770340,296720,934.9189038557221
4770341,1357999,176.59036601866583
4770342,791842,271.2857432518828
4770343,1296788,336.76919636961355
4770344,295425,853.1035278747693
4770345,760439,343.37766134291036
4770346,649566,981.4915232327058
4770347,1581781,685.5941667163167
4770348,758150,243.87576088062346
4770349,1656513,716.3638658460503
4770350,597992,712.5464990788317
4770351,1017233,304.8580679577637
4770352,1693570,57.80930461451528
4770353,481216,354.8547062278966
4770354,861711,678.417411907017
4770355,616339,98.41049299238524
4770356,442278,786.8166301032413
4770357,1433679,162.74265829720747
4770358,1709355,688.8474488130703
4770359,585810,61.08462759179678
4770360,1716025,487.3067445058591
4770361,1569757,668.3755036086936
4770362,894909,504.58778124896077
4770363,835713,885.5354273821581
4770364,194985,795.8551007658344
4770365,1572404,149.84470179477316
4770366,529196,672.6004671063123
4770367,1392444,657.013448242328
4770368,513301,55.774457358351626
4770369,614846,575.5375854149688
4770370,1651996,828.2694878105926
4770371,1822552,590.9389558232037
4770372,110444,692.7784369143446
4770373,1222365,546.5085665896056
4770374,1066981,967.6184203650243
4770375,1709902,210.2881511784138
4770376,1093691,617.5231166964123
4770377,1486190,54.85059816366478
4770378,1120295,125.40365262543429
4770379,662348,110.6914613988066
4770380,1422220,441.34686807627133
4770381,32866,92.58839419085618
4770382,714115,93.0305696747169
4770383,607968,582.8222803639226
4770384,1922162,100.29287046307877
4770385,895617,645.4362335688716
4770386,786796,781.6940910101617
4770387,1123530,401.97056454325275
4770388,97733,550.1025303223336
4770389,1404389,898.381525710894
4770390,462295,169.59612772942867
4770391,1946536,382.78308795735904
4770392,1557032,286.0881240252382
4770393,238773,472.38444814205326
4770394,1468094,318.686222303062
4770395,1369863,109.48193345359547
4770396,1679724,685.9043902810643
4770397,1365727,976.7386771191652
4770398,719466,945.0704762249585
4770399,1328853,397.80322476593756
4770400,23278,936.6241748158411
4770401,1042003,571.2312962111644
4770402,325287,894.755280620176
4770403,654452,2.530576972976206
4770404,595314,182.55043219344202
4770405,1060389,764.4483506435039
4770406,714123,771.6685623509647
4770407,497507,610.7891540497616
4770408,518328,276.0468040051908
4770409,1861227,611.8002903356496
4770410,1277135,367.105633000305
4770411,1054550,353.2614415263938
4770412,241642,6.246922303811631
4770413,1224919,841.9450431340275
4770414,773937,119.05434996182085
4770415,75294,883.5726224090683
4770416,1713354,485.9696269311257
4770417,449485,20.323356754361477
4770418,1365224,570.1749126349916
4770419,91831,852.2803777491117
4770420,685685,683.4391683617405
4770421,1121053,967.3403440653904
4770422,707685,290.1341770824101
4770423,1350792,974.8879358082839
4770424,210080,650.7227533493825
4770425,673611,764.8809044547601
4770426,1216787,237.86703620507643
4770427,837664,967.6330082301695
4770428,1816285,46.8772120289408
4770429,1438308,121.14075289462967
4770430,25369,740.3701014533486
4770431,507513,552.3160905481435
4770432,726101,484.46102910007613
4770433,1500095,657.8724487110236
4770434,1301142,867.1721064343557
4770435,1850551,513.6581484231217
4770436,1253645,752.4814282211343
4770437,921917,353.60019750427205
4770438,73827,675.914059234214
4770439,572516,590.4804744180442
4770440,1418345,918.6540981391738
4770441,104302,975.8407475874543
4770442,451236,87.0110715654896
4770443,1917915,696.6952051312958
4770444,536073,381.6643042184604
4770445,1509041,104.02711849813994
4770446,1149523,594.5120614903998
4770447,1435847,99.66413760651993
4770448,1657157,77.11531613853906
4770449,1816312,578.9131280285026
4770450,669203,372.62230010762534
4770451,1864283,186.73543751035726
4770452,964695,598.5580949997991
4770453,1014076,625.5547964962104
4770454,1639669,89.16369937765356
4770455,1831482,959.7420398946001
4770456,561006,636.0709624939101
4770457,1131393,355.5703567399758
4770458,1838442,463.4511533047795
4770459,564920,954.7976952955983
4770460,1487143,798.3713643055694
4770461,361580,67.74045736657264
4770462,1135439,744.998988221003
4770463,1538625,647.4852589137363
4770464,1535152,357.92393877644025
4770465,1543161,60.80424243247251
4770466,552088,712.117671044086
4770467,273886,715.5763251613721
4770468,1384322,553.2563126336505
4770469,511314,655.7259531710284
4770470,538274,957.4652186257937
4770471,1147231,162.6347020509953
4770472,1230785,633.2348930442193
4770473,569923,214.02077836652745
4770474,1520290,287.8926893953239
4770475,1829530,125.97481015758983
4770476,327738,7.683088726083032
4770477,1410643,80.71520894096629
4770478,1660588,597.5745539388024
4770479,726874,18.850361110022472
4770480,390017,623.7331232587826
4770481,1133428,853.4973035952718
4770482,381672,952.4157465431877
4770483,1677148,541.1976721521778
4770484,74029,385.85400278063764
4770485,674531,821.282684768186
4770486,1113055,272.93186977097326
4770487,350074,571.8843092324669
4770488,307385,119.63047904547386
4770489,511635,72.84972389930434
4770490,422374,641.9322665496643
4770491,1938803,298.72508460037085
4770492,1965569,206.9967290646144
4770493,316234,755.8316687562267
4770494,1069869,158.99981985459465
4770495,814411,405.4063890012499
4770496,1800158,727.5408871497542
4770497,1132503,484.0107476632167
4770498,1912688,479.4331363919644
4770499,1402324,206.165057684194
4770500,274919,282.3587531731242
4770501,510051,521.7388498851436
4770502,825663,821.3469685597165
4770503,691415,273.2310386036029
4770504,1318094,881.2843752406744
4770505,1219059,708.2427236686109
4770506,1260251,490.57633168446114
4770507,1522616,989.6637195085355
4770508,764304,387.5812763397439
4770509,405050,500.5163813838972
4770510,474593,94.6932870911692
4770511,1014517,878.1201836406775
4770512,1501590,782.1187382363298
4770513,134053,649.7721697453985
4770514,1578056,974.4564344004358
4770515,1179726,374.1790853201403
4770516,1778045,678.6984242429234
4770517,148593,805.995546969446
4770518,1585641,601.6157449340561
4770519,300117,239.26559965934646
4770520,1650762,545.1505390800984
4770521,267382,155.01973935410606
4770522,1909863,883.8091234651475
4770523,1610260,379.7353187195552
4770524,1319086,934.426119445349
4770525,75667,236.7025583752872
4770526,962066,149.27096270481488
4770527,1390930,255.37080728682747
4770528,1533505,137.75604354605986
4770529,94978,379.85659165761433
4770530,1796216,489.4932403917343
4770531,584398,595.1757599665714
4770532,430025,508.9916908843577
4770533,1981049,21.598866657876027
4770534,1844227,647.6863292987327
4770535,666752,786.5252048116722
4770536,1280882,335.2188910914292
4770537,835333,266.3612288397994
4770538,762971,30.504412652049396
4770539,1669213,593.7692480006225
4770540,1645206,98.4630382664864
4770541,69439,164.9522651766221
4770542,69588,291.14439611540575
4770543,525714,246.17665332337012
4770544,643190,286.78054990052124
4770545,208986,469.13767715013955
4770546,1900430,9.044764828530116
4770547,1313991,412.6440381869485
4770548,979709,570.2572815285612
4770549,1489305,480.44470645725335
4770550,1065991,942.632157601285
4770551,63528,104.38767583978603
4770552,1424657,989.1692939672931
4770553,622683,106.80401957862817
4770554,243455,776.9227596006027
4770555,531234,508.62913455161817
4770556,1218698,625.4341332384826
4770557,31200,764.3238316106962
4770558,309202,850.9415971228383
4770559,364989,100.49646718657168
4770560,1520393,908.5889348011864
4770561,924639,744.3024844143408
4770562,1677382,855.35374897608
4770563,1742569,776.5351631084525
4770564,1700495,301.7299731360288
4770565,964586,822.5244892387168
4770566,810999,713.0130305955445
4770567,1544717,716.9126512430571
4770568,1528126,656.2838487666614
4770569,685304,404.45805326785353
4770570,1372323,451.6727607018839
4770571,1125944,599.678949162049
4770572,382837,483.7606085185507
4770573,1519761,331.44826877279996
4770574,675116,338.44701945488066
4770575,1866989,772.6564965595186
4770576,1675242,282.0662639128858
4770577,1075926,349.694172714632
4770578,1002177,233.60203428382152
4770579,1854481,937.3666148621394
4770580,1749833,701.9862674638323
4770581,938684,244.1553709968206
4770582,1728920,58.204147280834896
4770583,1091948,199.91146175472375
4770584,18326,107.2104927628762
4770585,294266,262.30453853624914
4770586,215008,636.0571602014738
4770587,600,918.4074360662869
4770588,194488,383.76850233134894
4770589,371001,6.654843439511726
4770590,1176741,295.33536698358085
4770591,729125,633.3883027610631
4770592,1834309,815.8404531001503
4770593,1358298,134.07527698100407
4770594,1563400,894.8189745292917
4770595,396269,249.38308486043414
4770596,516991,586.006337840627
4770597,737168,797.7554049846376
4770598,1217904,868.853795989434
4770599,753502,376.75088945160206
4770600,508118,993.0042537915554
4770601,1742722,809.3176870031604
4770602,898466,125.33578466070038
4770603,415788,33.756251553487715
4770604,445195,790.0486124538838
4770605,317536,964.2890210902998
4770606,722105,441.36249244633797
4770607,1041625,573.3265695296774
4770608,319317,310.6554230487774
4770609,146502,874.2875141814227
4770610,797955,888.8053070022098
4770611,241827,245.21110427961167
4770612,1744928,421.88675494111226
4770613,356846,82.7246189736911
4770614,212978,607.5570835959294
4770615,1020088,745.2383958862924
4770616,590940,270.39950294876337
4770617,62597,787.3065294509153
4770618,88352,71.46266645054811
4770619,489082,38.33697421755833
4770620,1556,690.7109890921163
4770621,255171,582.2132043906859
4770622,1045740,386.7286076874974
4770623,1663706,611.304537398596
4770624,1352913,679.6154787529993
4770625,273302,824.593489392685
4770626,823746,297.1192023344027
4770627,204264,888.436633169015
4770628,1933280,77.15896201608064
4770629,1272073,354.03920820773214
4770630,1438534,578.8421335886308
4770631,1855143,267.745309914354
4770632,1038567,602.735550596832
4770633,941710,689.4321027112335
4770634,54878,783.0500118223353
4770635,1939916,384.83108281643285
4770636,1020605,127.03892924646287
4770637,144974,194.41592547771148
4770638,1325683,53.53068967534658
4770639,1139965,378.9796880128494
4770640,1352976,579.3682531073194
4770641,1882648,16.165085608502274
4770642,1505622,607.0156267802868
4770643,35226,730.9339665470388
4770644,697536,628.3408571967259
4770645,1972250,188.65684403451576
4770646,327689,595.2372549164213
4770647,242632,35.40250371174702
4770648,1410093,138.71438476353825
4770649,520808,618.4419942886366
4770650,753316,101.48472899494332
4770651,990732,223.65317684177555
4770652,1037538,906.3747363526973
4770653,1765762,533.8617296062242
4770654,820296,338.3497729956118
4770655,527352,393.91634878237403
4770656,1744283,484.8267557851116
4770657,708929,120.70206047233845
4770658,1218854,127.39358717497184
4770659,87673,284.2696964559487
4770660,1989802,439.81114298838366
4770661,726403,589.4352502867974
4770662,26577,670.8100697461182
4770663,367047,877.6531111886603
4770664,1626045,890.2007679128903
4770665,1022084,655.7134273015331
4770666,1511162,551.8817200191041
4770667,715775,133.16437346788612
4770668,649165,837.5640118801094
4770669,386769,57.471570189801426
4770670,1357969,96.8348459858046
4770671,1483151,806.3541883851289
4770672,1879595,101.1239906185476
4770673,248743,502.2714426824255
4770674,11781,194.37655576661618
4770675,1995524,121.77906951470263
4770676,1102337,359.44966239977396
4770677,1338233,660.716234332326
4770678,1504731,996.0010136474539
4770679,555249,986.1418336705407
4770680,1297972,989.8235110758269
4770681,910529,468.1110985583784
4770682,1770603,656.3577933012809
4770683,1361643,466.1474735084531
4770684,786769,881.3576236032026
4770685,578971,925.6457841700836
4770686,1514663,666.7668620714043
4770687,392359,21.181110655298152
4770688,915575,676.5503309378744
4770689,1141036,571.5572484888864
4770690,229072,410.48806149420415
4770691,1684883,616.4625899737226
4770692,814019,362.4472147666773
4770693,1476741,957.9095880438475
4770694,586618,702.4106114919297
4770695,838671,695.2162190772751
4770696,972518,312.4487291648358
4770697,1662158,229.89584399493756
4770698,1809298,341.6735287529816
4770699,1808432,612.2316582481134
4770700,1179204,279.757031886664
4770701,1351721,623.1520262438356
4770702,1861162,91.93300143130523
4770703,698428,989.3897524966359
4770704,1565637,877.2466638229823
4770705,802995,361.124026433538
4770706,180892,335.67883827996013
4770707,1777119,942.5414084096946
4770708,1274180,919.4019281855915
4770709,1597327,715.4888958210518
4770710,1526285,576.3714258386151
4770711,1827229,711.2828437440595
4770712,922991,75.18336855777686
4770713,67908,815.7057075359711
4770714,444649,639.0727273062193
4770715,784621,785.5617171427142
4770716,46707,511.46175620558887
4770717,824330,686.411199793845
4770718,1348487,2.401759291101646
4770719,1225621,985.1376237492693
4770720,346279,177.25302957945655
4770721,984022,214.07376009273315
4770722,859660,927.6434818181854
4770723,1675221,19.64116493455348
4770724,1329708,242.082951162788
4770725,1467326,917.1773517016346
4770726,1418691,489.8922085581333
4770727,14306,274.5567345220519
4770728,612494,988.5482292377382
4770729,1712762,13.941378624658608
4770730,108389,116.3670703364581
4770731,448145,582.0235779095441
4770732,1324213,478.08921507749614
4770733,1619192,712.4368566746039
4770734,1493778,278.1388350627356
4770735,1847243,156.14597737840506
4770736,726789,522.5910744858788
4770737,941876,95.83487618116537
4770738,1777243,311.94806077500795
4770739,220397,806.7706167956909
4770740,779504,62.4278550295797
4770741,1154487,230.11713644042476
4770742,966291,362.49094866918784
4770743,1126529,251.21719677046417
4770744,241801,360.65098708518104
4770745,870153,698.0937431507081
4770746,1905249,457.4957173405558
4770747,492307,688.6527734631611
4770748,696188,333.01001700818534
4770749,492075,111.16215619641324
4770750,495365,588.8366696623846
4770751,647659,938.5443520633667
4770752,1001487,703.9654192985441
4770753,991251,369.85506108739895
4770754,1034615,738.6856082921092
4770755,1169618,575.8672148859115
4770756,615924,525.2333465242547
4770757,958166,212.39300769732682
4770758,1617204,372.76866499694125
4770759,1044794,442.53333615375357
4770760,54760,102.91327781832626
4770761,1093458,801.7247425372938
4770762,145033,940.7535857711368
4770763,1561600,386.4138527404268
4770764,1696926,20.604044842041482
4770765,426451,99.50489637184579
4770766,616854,519.1611628584566
4770767,1844980,780.9980361894196
4770768,1463727,391.458355313149
4770769,1307592,864.2254417290919
4770770,1288797,303.13599393504865
4770771,1012927,673.2250849654482
4770772,714113,794.3514720842627
4770773,765541,172.5558134250338
4770774,142208,260.19274756370527
4770775,1726251,719.9912812167104
4770776,250863,234.54150134873785
4770777,77189,149.3029675398514
4770778,747379,951.6852406281536
4770779,784399,173.4518567414296
4770780,1611273,2.775184188815172
4770781,86457,675.1197974124391
4770782,809474,487.6231282105319
4770783,1407328,142.10728141598383
4770784,34157,87.65156034982236
4770785,1111717,129.10212547773568
4770786,1772867,921.0787323146219
4770787,635213,648.6783004908202
4770788,540030,684.8967794881179
4770789,834346,419.41753785180936
4770790,1420615,86.96437208868669
4770791,1962179,775.0511836649474
4770792,136473,376.01601790304295
4770793,1342244,886.7732177271788
4770794,754259,610.1769498583617
4770795,1902695,671.3169125471072
4770796,1984055,339.7861043632895
4770797,1793056,538.0976310370426
4770798,1719967,676.823649776623
4770799,1886948,784.3383512785799
4770800,1871233,938.406932153355
4770801,464563,8.376257678825993
4770802,1547742,832.4847437635948
4770803,382190,120.73695559277753
4770804,779399,824.5162910466106
4770805,1693742,827.8981785900523
4770806,1011242,165.68935795217564
4770807,723743,830.7819647707051
4770808,1827581,290.09650916807817
4770809,207435,995.1116490392142
4770810,1102707,683.8092347971728
4770811,1702886,6.453934084771351
4770812,679044,633.1342205214111
4770813,1582028,211.25065685650958
4770814,1286929,58.725585750466045
4770815,1150155,450.9852187070088
4770816,1332962,364.29386271675634
4770817,1142392,222.742607110614
4770818,1104942,850.0512877098862
4770819,680638,262.03004497283644
4770820,1515344,663.9797587861922
4770821,746617,58.05282301214132
4770822,1694540,199.6514175459577
4770823,313343,689.4524667265626
4770824,1071136,972.3265304071568
4770825,1182946,852.1883717476742
4770826,644778,941.85971035887
4770827,1067199,204.05905893053367
4770828,517819,488.11357883466434
4770829,1268812,816.6917458465746
4770830,183389,950.5323461435537
4770831,125499,877.353145983829
4770832,705495,70.91869192964052
4770833,88216,546.2671142857171
4770834,537321,835.7044841721096
4770835,1761625,485.3277478207445
4770836,829006,677.5521265925131
4770837,1938030,579.2751518754716
4770838,306443,921.5479103774413
4770839,9985,155.24844782166957
4770840,988605,13.35696017428878
4770841,1250683,612.7961862993984
4770842,1096948,670.2847576524026
4770843,1346834,279.43748637641454
4770844,305214,343.450243574823
4770845,1456213,519.5175445557315
4770846,1529503,77.91305452706187
4770847,320553,845.7403975196896
4770848,821933,258.6580781415202
4770849,1341966,319.10613761883445
4770850,1503922,285.8297010943972
4770851,1429338,125.20461577390951
4770852,632260,154.02206933187924
4770853,1944153,499.1935678032037
4770854,248197,323.2570039740249
4770855,790086,878.8871338441485
4770856,267600,800.1911109488598
4770857,461319,849.4267956170607
4770858,583457,373.9363177322048
4770859,1532783,342.73248398150105
4770860,675184,153.75324925123968
4770861,595513,666.9713622081803
4770862,1894115,281.5965782146781
4770863,1442953,873.964237067504
4770864,1943410,594.3497543094153
4770865,1648998,829.1274302709945
4770866,269988,345.77780957671666
4770867,371325,225.80862748713614
4770868,791346,259.7229552491288
4770869,34639,472.59588047305624
4770870,1335858,352.6376532771022
4770871,120718,379.66192065704183
4770872,182946,804.1768140931877
4770873,959592,724.4337877882937
4770874,1587252,73.6070461374686
4770875,317171,207.81612834554764
4770876,124546,724.9495895014427
4770877,705180,461.6307015653146
4770878,1037526,273.02790414680356
4770879,855430,663.7821336155301
4770880,1047348,994.4267017202925
4770881,1033975,192.88234788340176
4770882,1892387,752.0739826558736
4770883,1832737,333.2585632216468
4770884,655339,556.3280117054037
4770885,671000,773.932352168982
4770886,702039,516.2042374349556
4770887,369923,523.9999580134737
4770888,1060200,535.7249173762824
4770889,1608353,717.3904037287284
4770890,568851,33.94728237068612
4770891,330426,800.0731476369108
4770892,853539,36.76721907158775
4770893,118520,931.7424207147875
4770894,1678278,75.8023116394565
4770895,612409,896.1339308983784
4770896,126581,98.94082106463064
4770897,911088,414.1620656799237
4770898,477883,963.9429225085017
4770899,418638,451.5272566069762
4770900,1473975,796.5880642511398
4770901,1481865,358.6977384730182
4770902,720056,99.6847272339484
4770903,198581,566.6606607973315
4770904,1314547,701.6486653173844
4770905,1661472,52.38986660367706
4770906,926946,113.1816998805627
4770907,1087011,184.4023231729164
4770908,32199,67.31400579912616
4770909,1897779,882.1158462434404
4770910,676825,653.0494099763505
4770911,57834,823.9664530664331
4770912,993122,30.118166518020793
4770913,1006350,438.92437247336693
4770914,610685,530.010585148249
4770915,1107596,765.0123305532783
4770916,1065747,352.84744652494857
4770917,1514118,335.702952512573
4770918,1185358,470.2348270975029
4770919,562979,94.85557355314178
4770920,1729350,420.4788442173293
4770921,1014483,479.8393506749985
4770922,194801,435.4791871234739
4770923,465520,196.05413343395074
4770924,224215,528.5236228932511
4770925,364933,357.46267597060745
4770926,200068,915.3333626808272
4770927,394135,126.4725703579882
4770928,16795,980.5797859605892
4770929,1006521,755.2651853981325
4770930,476647,990.5322562851607
4770931,1226757,824.4374468086846
4770932,1495959,682.3718671082516
4770933,678226,511.33920259406085
4770934,1325991,610.230080028016
4770935,295965,685.5680573830173
4770936,947332,760.9101104835481
4770937,578332,392.2093211592915
4770938,1624186,649.7706215304609
4770939,805978,177.2654160780327
4770940,292110,799.8701673456894
4770941,488387,266.2154696130733
4770942,1475478,409.1790423996
4770943,1321807,159.50733516833228
4770944,1127101,737.7653073149323
4770945,282193,982.0589971593472
4770946,1511847,851.4073502512197
4770947,1461450,388.7625267336178
4770948,414297,792.0058393313278
4770949,40761,539.3471236087852
4770950,862508,497.1032336925658
4770951,1108194,304.8418519552315
4770952,1882732,401.4852901166045
4770953,1567007,421.1273906237122
4770954,1457564,995.3573733363933
4770955,176619,382.7712399006511
4770956,1227752,170.0053120035675
4770957,1498353,815.7980590831488
4770958,525669,717.47869441724
4770959,602504,447.6494151644591
4770960,975738,274.381240805217
4770961,1244643,139.05870499287553
4770962,1799554,780.9174469874605
4770963,1049127,105.25298283724239
4770964,1458560,637.1388826895785
4770965,1518646,295.74373769878724
4770966,1622501,191.5049935665306
4770967,1575248,326.7682119325946
4770968,1286456,934.7134761825962
4770969,429556,206.44058906480035
4770970,1551059,880.9474549779161
4770971,1141088,165.3421379799962
4770972,763447,721.302156469333
4770973,821944,77.41941816584131
4770974,147130,15.804613176159666
4770975,663970,875.2671599352228
4770976,1686612,981.0536394969458
4770977,340032,198.4665057928412
4770978,1232994,694.2948859430106
4770979,1106161,978.4058684602594
4770980,698883,303.55809878634057
4770981,783398,360.9092996691984
4770982,1831812,167.04460127152709
4770983,207512,742.7327340168814
4770984,1606631,576.1771909098167
4770985,1923197,735.8330771387465
4770986,1019973,607.6245685499763
4770987,1414501,352.9807930001083
4770988,211316,366.42862192451463
4770989,420115,390.8462489418055
4770990,1094537,946.3658976529473
4770991,1577268,957.6900284974539
4770992,760721,647.8894304291332
4770993,1256676,101.9197244279848
4770994,1606901,800.0207732670821
4770995,430663,131.81530027653977
4770996,1726064,452.19102049392814
4770997,403805,67.81368088765338
4770998,468893,941.8954193339399
4770999,275843,737.0199483882312
4771000,498747,161.0838830348411
4771001,850249,446.37701590013137
4771002,1568995,736.1782890508391
4771003,829176,703.3275006899323
4771004,961746,720.3823022673918
4771005,51995,787.8385389893182
4771006,921541,775.4368745675309
4771007,1070558,266.76376987500197
4771008,1237611,992.8139376455784
4771009,1495596,620.0807474430735
4771010,1163151,93.946093647283
4771011,1394125,676.0887495073451
4771012,863157,176.70779774217448
4771013,1614701,78.08848923575428
4771014,1287840,553.5583094592121
4771015,950518,986.4622976226626
4771016,280900,801.5606185532808
4771017,868915,842.2279780764603
4771018,115761,570.1051219880824
4771019,741436,445.1302355168777
4771020,17408,391.49497361041654
4771021,1521833,345.23972291649653
4771022,843175,546.8692718978946
4771023,1456813,999.850681302964
4771024,1253813,294.20242903508233
4771025,364026,652.3276828262259
4771026,557695,593.185834573785
4771027,510811,411.1830494964409
4771028,1917115,963.9000821970362
4771029,1421343,889.0793222556409
4771030,1092336,752.3785628340572
4771031,525054,966.4463112053083
4771032,706857,532.982900135441
4771033,96086,163.0633545628911
4771034,724667,957.4369581752928
4771035,1303731,644.6702253804619
4771036,1927991,160.10847356021452
4771037,1435822,272.2498498293734
4771038,1552162,687.024603953744
4771039,1704006,365.69065666599033
4771040,308903,180.46571903832853
4771041,1819014,344.77679863924436
4771042,631070,309.24724001739924
4771043,457451,873.8185353618284
4771044,1064930,198.21730844734154
4771045,179777,985.4861577308452
4771046,593455,479.6096306554826
4771047,986408,29.044581257002378
4771048,545657,299.80567570826133
4771049,864981,709.9061576469743
4771050,1226776,104.17290205288477
4771051,131689,485.8928863877401
4771052,688918,991.5502059913755
4771053,1324957,303.33981303593237
4771054,123411,184.5758646270339
4771055,1169849,779.6577323852558
4771056,1671718,172.7770431889699
4771057,834719,896.9091643708708
4771058,1029357,238.69699664333353
4771059,1960960,638.2511690316109
4771060,1245603,400.3045357484748
4771061,1004781,662.4847163130526
4771062,1717277,445.5229900990307
4771063,376409,668.6800258844063
4771064,1229686,996.8360200530038
4771065,1292258,628.5807977966521
4771066,1616454,954.7648151413827
4771067,969007,457.8460193972206
4771068,641498,732.2161481770147
4771069,1445848,872.3968409152609
4771070,880630,352.5742840761148
4771071,437039,721.453431459135
4771072,757718,689.8864478510205
4771073,1979250,935.5517254665604
4771074,996121,154.00646687942776
4771075,1457108,342.92437850081956
4771076,141926,17.569434047252088
4771077,1348989,136.95384341363214
4771078,1801215,992.6943746504008
4771079,167471,223.8617539554616
4771080,1784234,162.7002795215987
4771081,697877,11.269165749118738
4771082,212715,978.3081763441309
4771083,1231135,335.0299829706636
4771084,870805,485.9368052184534
4771085,216384,169.03465280958085
4771086,143581,462.78255735920993
4771087,397259,712.9806206242836
4771088,462103,847.6176365114633
4771089,1945004,728.1308721773588
4771090,927709,146.4050606544348
4771091,66901,578.2122728525027
4771092,618043,532.3557297522783
4771093,1089278,900.2476821147584
4771094,163174,193.0437356476421
4771095,1862560,4.856969147406409
4771096,1098349,764.5119235131082
4771097,1353697,392.93663335790785
4771098,1567557,329.54000584974443
4771099,1411024,396.3126283068895
4771100,355602,194.7317420594068
4771101,144887,132.11860709782775
4771102,1686575,748.0566424995255
4771103,1566937,224.0308678208154
4771104,1357035,756.4155529649938
4771105,23247,321.16169433931873
4771106,948844,824.9948693727097
4771107,1848396,299.3849377477433
4771108,730122,84.39682741192078
4771109,1753414,968.2639433221474
4771110,36503,476.10171702880524
4771111,1883487,867.1285543867893
4771112,635252,634.5519215179444
4771113,1607527,329.03044739518685
4771114,1975406,286.92481468305186
4771115,673986,764.1155866536637
4771116,1341025,830.3917064991952
4771117,11220,553.0514250988591
4771118,641694,464.26331772260266
4771119,529421,12.209536905170681
4771120,1497781,879.2999386708269
4771121,599697,227.2784015083922
4771122,152645,729.1459020010893
4771123,1286323,716.1803776445473
4771124,1385879,274.7446817787339
4771125,333939,43.694386751050864
4771126,606495,729.9398606751748
4771127,1163534,559.5858510925623
4771128,1795994,983.5797502024927
4771129,774020,437.4981274563733
4771130,1990862,328.2378521316347
4771131,496637,77.82511947250848
4771132,793217,127.78768708019106
4771133,1119245,810.962544697177
4771134,975077,857.741655600886
4771135,1876779,810.6652164577952
4771136,1704757,527.4968327841407
4771137,487016,795.975336312116
4771138,1451625,295.4897062653359
4771139,334677,289.7144550774452
4771140,308823,88.0864115302773
4771141,1142879,399.6477569819109
4771142,371576,758.3153596544083
4771143,1732949,247.21365088359582
4771144,1676516,843.7550240764945
4771145,1038163,911.8359013430796
4771146,1422290,543.7982597727554
4771147,619756,329.41149827929905
4771148,996663,926.1466231279702
4771149,287859,987.8604938761885
4771150,741414,639.5388436354201
4771151,77123,388.0410432497988
4771152,583718,689.0023451415075
4771153,1880864,658.0979995217781
4771154,1633726,749.4511486733975
4771155,1595099,403.4831485074102
4771156,626638,165.8493228815562
4771157,1131337,758.5514953881492
4771158,1959171,582.6051145235713
4771159,58856,334.734505887183
4771160,1994493,158.16478869163586
4771161,410801,912.5284364754426
4771162,1689495,840.7696285386113
4771163,350674,7.684006269068511
4771164,172990,792.1522247957371
4771165,1233862,897.406856013084
4771166,952411,300.30288674865966
4771167,665633,282.392862034494
4771168,1511571,918.9237094818213
4771169,1571410,530.3082217011014
4771170,1435994,83.6850327387424
4771171,1346258,783.8994184834428
4771172,260104,701.5084368668875
4771173,1936078,133.7434721290669
4771174,1936762,553.3223972155623
4771175,227510,300.45600987728494
4771176,1111009,713.3699425907128
4771177,992570,40.62394278281678
4771178,923739,602.6775233696284
4771179,441390,977.5216054134927
4771180,961709,948.3892133317709
4771181,1146381,838.7787973119205
4771182,762706,503.46344866540704
4771183,1698731,329.38710305689347
4771184,800358,828.2166908335164
4771185,1035828,177.74009232632127
4771186,1937586,117.36029701217954
4771187,202906,627.4762041049465
4771188,637502,127.74800276428499
4771189,810268,106.64099718655606
4771190,598859,305.95449962958423
4771191,325793,95.7034299086308
4771192,1063682,593.5631480521374
4771193,1652174,472.29684065148183
4771194,1219329,959.8454482514114
4771195,773386,865.4964830820559
4771196,988307,860.5722636344798
4771197,1078618,392.56710565653464
4771198,526514,467.36312039614324
4771199,919156,123.21364634337107
4771200,260767,332.2642509080551
4771201,1832998,821.9702326439545
4771202,311399,398.5211424823183
4771203,603243,787.2770033533774
4771204,1107508,817.8567304522921
4771205,1876610,87.93578457449469
4771206,1858427,515.9597925772503
4771207,1525455,318.0685502911711
4771208,957947,34.66051453271335
4771209,173821,678.4084429811447
4771210,588151,366.7929245752324
4771211,1044027,742.5408970558891
4771212,1352234,616.5894486637039
4771213,1115517,269.0731210788572
4771214,1512524,706.0763846441087
4771215,674765,86.69693528923905
4771216,187250,733.9834891209192
4771217,719286,405.12396330227074
4771218,1815638,905.0087785788835
4771219,637989,287.56478183494573
4771220,547068,632.6485278287215
4771221,1195270,823.8228616831234
4771222,736050,556.8506974604559
4771223,1424150,711.3234559887135
4771224,1549810,502.98019096584534
4771225,330125,594.0212535147571
4771226,1290764,488.09334659092127
4771227,1414775,545.4490350682188
4771228,1877538,72.912764466461
4771229,1783011,937.2997828080323
4771230,400584,456.10916541113664
4771231,1605701,468.4077405815402
4771232,332255,225.3867679102912
4771233,756806,154.37702860896317
4771234,1272159,66.92437371412696
4771235,1820391,947.2723365205966
4771236,1692381,439.4803049862077
4771237,1070407,825.300940049037
4771238,1844347,519.1605385049811
4771239,1345113,800.874292796002
4771240,636995,811.0052088194042
4771241,1147008,33.878036194117776
4771242,1775495,468.49593358263917
4771243,1221380,109.93089097153697
4771244,948840,341.66338477470316
4771245,1832162,237.1923570402328
4771246,1718982,549.3023934477085
4771247,1624146,843.3322472759063
4771248,1051812,402.555720142953
4771249,648064,494.9175766776941
4771250,742070,646.7526070174116
4771251,1375190,688.8294830601599
4771252,886924,844.2690162492826
4771253,1069820,338.50271201868
4771254,898571,779.8096560809687
4771255,1183162,566.7985848435046
4771256,769080,763.1745940294597
4771257,907225,488.4378177983155
4771258,1693857,207.4733487616284
4771259,1206998,30.25462602667428
4771260,327586,663.9250250772739
4771261,1763623,95.13661968046472
4771262,355065,847.2564835586409
4771263,1516805,508.33201569721456
4771264,183681,367.02472031557676
4771265,525800,858.2362808471302
4771266,408451,299.02366591078265
4771267,1865838,681.1493581724388
4771268,452403,895.2095130559999
4771269,1514057,90.31029029915038
4771270,1314697,948.9000466323957
4771271,1755737,794.0848316671618
4771272,206291,288.2892437858424
4771273,1319720,82.95128639925919
4771274,1060941,82.36237231076949
4771275,150853,844.7337234193263
4771276,441845,746.0570997777005
4771277,823995,192.10227000754853
4771278,1522591,101.84772062652203
4771279,181993,209.63413430237964
4771280,1294926,852.3337079610781
4771281,925840,965.5649266981344
4771282,890818,32.44871675782912
4771283,409265,463.80383497371594
4771284,253673,170.2348434086852
4771285,1713403,641.8792539910371
4771286,698438,64.13735333514093
4771287,1351419,321.61332405315466
4771288,934752,328.7791444897008
4771289,1702541,102.28602314270829
4771290,619091,667.5700194934107
4771291,1791633,844.3060761393468
4771292,684495,907.1233381089226
4771293,1836249,119.8796012271388
4771294,523319,404.54020437462054
4771295,268088,629.4433936094687
4771296,1250314,785.6687021848157
4771297,1778559,636.2097733352491
4771298,1430936,436.22501245392044
4771299,1821295,593.9322040495816
4771300,1631960,426.7344156682844
4771301,1013943,348.3811075868987
4771302,1414053,221.9827702218119
4771303,1674750,955.7200055958531
4771304,1339538,854.5562288957321
4771305,170648,270.30456170455454
4771306,1960074,176.09278450045352
4771307,1217315,928.4481044401676
4771308,748287,81.51868163899955
4771309,1838131,814.1911500018042
4771310,75320,469.51612425344746
4771311,1113018,45.99526601324322
4771312,567590,570.9169801525851
4771313,368680,502.750167334437
4771314,849856,541.9480583447024
4771315,1348791,490.6387939627076
4771316,1414082,233.8427572044419
4771317,1334859,0.21295554878197898
4771318,1608714,656.1261233748314
4771319,1477131,180.84365885599274
4771320,1443363,108.02618550385968
4771321,1652318,782.6505996437586
4771322,1906969,483.8650064874568
4771323,1712948,896.5403355495167
4771324,582780,814.37749249053
4771325,650096,706.7648785006352
4771326,1630262,554.9174705534446
4771327,1729724,891.4168273873381
4771328,1270655,876.561301050481
4771329,494612,470.56377000235017
4771330,1108139,355.652306490856
4771331,900797,728.486662111333
4771332,1510182,834.129088721289
4771333,774394,344.6963167970689
4771334,635799,46.08975985078834
4771335,1012917,894.569306521916
4771336,257863,32.18421095860735
4771337,428556,434.796562434834
4771338,1038273,658.2705868240175
4771339,1794880,623.6297462214919
4771340,22588,243.330845576772
4771341,157274,31.231914618213175
4771342,570861,561.2185962106716
4771343,224340,897.0830456031938
4771344,10942,720.851678719203
4771345,336613,849.4666510620312
4771346,1733439,96.80615158827909
4771347,1810100,419.16526035982383
4771348,106469,201.98287545505866
4771349,1641596,42.968452857245595
4771350,1551723,980.1445240620114
4771351,793890,255.69569773426525
4771352,325389,750.9751556244993
4771353,1404431,395.9749255362024
4771354,1369140,538.2147912109664
4771355,1450931,915.0356395127964
4771356,377722,198.65268229281008
4771357,1218097,387.8808242259675
4771358,1009761,491.2026827028682
4771359,590286,751.4921929577673
4771360,130817,959.5235490848288
4771361,770001,25.838722709738747
4771362,1649687,614.6402484543646
4771363,447841,100.13823765802331
4771364,1988805,978.8775685852502
4771365,1810470,739.1850927540173
4771366,392567,401.3923119670041
4771367,1111577,31.829068050284516
4771368,1971696,200.00977720644386
4771369,1442253,493.41499355069783
4771370,1472994,400.9947972173056
4771371,422248,644.4742561359697
4771372,1170907,98.95003353585984
4771373,356589,253.8787609718707
4771374,1936319,514.7339745503921
4771375,966423,937.6971595325065
4771376,778756,754.519010851582
4771377,1052760,62.445307375134206
4771378,1982157,967.5449662681688
4771379,1690443,558.1762895140972
4771380,627081,192.79075751194173
4771381,1997807,234.68204482634425
4771382,102753,896.0852804054434
4771383,135609,165.07628300126896
4771384,1402089,869.8933121072278
4771385,609770,369.6914103592096
4771386,1099916,659.8880195150139
4771387,1863686,469.72470093694585
4771388,1230211,642.8536240841594
4771389,1759406,813.6512144193518
4771390,795442,494.1443955493643
4771391,1913622,309.08148977600894
4771392,320550,895.3490628496926
4771393,722733,987.1439857272397
4771394,861864,371.71251617617384
4771395,1664831,847.4312039498384
4771396,275516,612.3201278476967
4771397,1614694,664.0569183052861
4771398,1048686,278.1821876415372
4771399,651297,612.4699179146007
4771400,1529007,177.34108215759326
4771401,1957939,231.1511820636517
4771402,708267,549.0723935932884
4771403,1541267,35.12566946046214
4771404,1238885,741.0115605450948
4771405,855740,848.293927949595
4771406,1192822,114.21792939516806
4771407,1882825,259.2171956580169
4771408,539326,566.8625143574677
4771409,74914,944.0056138652391
4771410,750112,933.2899479560335
4771411,602964,66.42145112551079
4771412,1735973,417.42394526743976
4771413,1657020,197.01986684934357
4771414,1376660,370.625951208125
4771415,1381668,492.67545288073103
4771416,1373635,687.003796934996
4771417,836180,670.342512497325
4771418,212401,148.94495416035758
4771419,786308,976.1903823630724
4771420,212513,595.1013875119817
4771421,791107,661.1513392448377
4771422,1683176,190.67597477670074
4771423,505536,228.59956967391037
4771424,548205,42.39406948944191
4771425,1960200,734.9395029254357
4771426,1068239,593.929089510625
4771427,437829,882.2726992771817
4771428,1608103,31.684041778808457
4771429,952607,30.41446913405743
4771430,929916,585.1746116392554
4771431,518706,312.99759207423074
4771432,1071628,803.5883639353608
4771433,1142499,320.42037562119884
4771434,1497527,31.2600488784639
4771435,1723711,157.7557390741352
4771436,276902,968.5077489757624
4771437,524143,844.5213093149567
4771438,840916,971.4905276127139
4771439,1512658,323.0707347739055
4771440,767358,836.0996349912923
4771441,657777,343.53637596583644
4771442,273790,458.32934567649295
4771443,1081794,500.8568834564939
4771444,1652249,499.3869769020859
4771445,713272,391.3751552935668
4771446,1295464,328.0902838984865
4771447,877818,789.2590894099625
4771448,1685991,832.462752445241
4771449,749935,90.85896870404974
4771450,838012,990.0676419607378
4771451,1412120,860.2007356126254
4771452,317382,240.4893458389501
4771453,384228,730.550270975164
4771454,271152,168.54740981405624
4771455,1128507,523.0135157892059
4771456,739646,448.90576927974536
4771457,291970,360.68417185985726
4771458,1049167,525.3122399008938
4771459,1031618,26.67040801890197
4771460,877604,664.5024245410341
4771461,192337,110.79157576420296
4771462,381812,131.55911890795392
4771463,302364,488.1711910733427
4771464,125899,74.10353342863895
4771465,533362,197.3436016465898
4771466,818006,713.4083593633569
4771467,206575,109.66492963505881
4771468,975005,949.2181169760496
4771469,103447,911.8878906042622
4771470,665797,344.16206543171603
4771471,1972739,999.3594234476672
4771472,67440,206.20251089136377
4771473,1137382,453.5140028004774
4771474,483020,765.9613440230727
4771475,1116858,40.94666668113733
4771476,103959,54.45867310325681
4771477,416691,869.2050922625785
4771478,135195,177.33748488664313
4771479,802933,641.7062638583875
4771480,1117434,662.3885553460829
4771481,1362050,683.7604996084563
4771482,1869540,310.9801555316488
4771483,816179,259.9933586812607
4771484,1131312,750.4102486244823
4771485,1459965,552.9894092663155
4771486,1556326,380.4671558729795
4771487,752608,741.4674284875155
4771488,912918,72.82205759538351
4771489,1080183,543.5229038239527
4771490,1466125,566.9432060893934
4771491,1284361,797.7935315101142
4771492,359179,475.7529934003527
4771493,1594,803.7500993782006
4771494,1299780,267.2023553802719
4771495,1232540,837.1748898722586
4771496,1533242,990.8582331490696
4771497,1468111,949.5190724580742
4771498,111149,855.4143054308905
4771499,1828852,868.6204332794229
4771500,563660,223.67554443235494
4771501,779300,133.4858625554246
4771502,1831756,540.4661031698205
4771503,1726729,859.5695847985751
4771504,1950385,926.499435596745
4771505,1532577,994.2348422565387
4771506,639299,550.265033054534
4771507,891146,297.03180088467775
4771508,1078747,83.13165612672069
4771509,1230237,655.4624092988776
4771510,1562367,20.741014543735336
4771511,233212,341.0406555619504
4771512,1112893,653.0439513346878
4771513,1275153,704.6448756130661
4771514,1889041,884.4106970386131
4771515,217772,118.392072341431
4771516,228159,173.2310239272341
4771517,1330920,160.1922057558004
4771518,1859102,486.3918246372206
4771519,348815,398.9838601367317
4771520,1960532,154.1568191841699
4771521,1737487,401.1720283718828
4771522,413936,648.1469538424501
4771523,208732,459.4537629750157
4771524,670125,701.8035111760398
4771525,1156335,999.9475478157431
4771526,1105378,754.5467232747916
4771527,373943,135.333385962786
4771528,1783215,472.6067435319409
4771529,1589233,518.5393374078242
4771530,429493,283.517583125517
4771531,576383,689.5023725599159
4771532,1975496,780.5620602325794
4771533,386487,471.69015427816583
4771534,958890,76.70115778189623
4771535,701685,342.50421459906244
4771536,1463836,41.98199051333784
4771537,1877274,745.5218729142215
4771538,39039,991.0219380035878
4771539,393509,797.5473535006532
4771540,1990599,650.4438026882284
4771541,1742212,130.31186281651807
4771542,1042275,908.5597808552903
4771543,1346348,752.7798376415759
4771544,579384,871.1265914220105
4771545,188369,169.972785865512
4771546,1060112,259.69709618708623
4771547,228059,453.8559053463841
4771548,1694761,239.14660262584596
4771549,1892276,564.3300118935722
4771550,1976009,21.884317699289447
4771551,609384,349.93708619228727
4771552,397327,828.8586117391852
4771553,33234,175.2568446383511
4771554,829283,279.1280257306381
4771555,1948172,179.85699434647006
4771556,410574,382.3778003224254
4771557,1733116,538.8983280887605
4771558,1280062,268.12805303522015
4771559,1296600,916.1237318978502
4771560,588806,189.56231682046464
4771561,1992751,939.1026567900428
4771562,1381418,707.6005561853165
4771563,1947793,593.0848737507654
4771564,343791,986.2161877504276
4771565,1927379,663.9974484070696
4771566,1330384,327.89718699431035
4771567,932246,178.8586766121334
4771568,467553,946.6660607895992
4771569,1512911,977.9951155317427
4771570,1790798,975.5513412691162
4771571,1187112,232.28996630804588
4771572,1255686,818.5008667209048
4771573,1174485,303.859478901472
4771574,189144,665.0046658917489
4771575,1441618,521.7214685334684
4771576,1228373,327.5442995058987
4771577,1929365,427.55526068600915
4771578,1671346,565.2933221402213
4771579,1082911,114.42394738678641
4771580,995804,623.1630248815402
4771581,660976,578.6753451326588
4771582,282373,623.836762325219
4771583,346593,364.7903435266949
4771584,989760,416.461261769982
4771585,713627,961.8419569386228
4771586,574526,366.43704209581375
4771587,1327566,556.300651377847
4771588,1549079,993.2760693241707
4771589,925877,765.597184282469
4771590,1719188,646.198395622924
4771591,643680,260.34906162467206
4771592,1223645,560.9670754855147
4771593,1384065,654.5848583196951
4771594,1584216,719.7483158925509
4771595,1272544,802.3190847551803
4771596,545937,135.33378628345804
4771597,899276,320.8500046998292
4771598,279924,422.3836302708959
4771599,794208,334.23395987602345
4771600,195900,66.71633452339564
4771601,1836111,715.3716099257407
4771602,28009,669.2999658939402
4771603,1368022,427.1433075553366
4771604,107617,861.4376783865391
4771605,1460658,300.3539141035944
4771606,322289,398.0436344012913
4771607,1550916,697.6956144457694
4771608,942628,398.58602013038734
4771609,532705,691.1532655283711
4771610,494358,400.9378341752572
4771611,1213396,380.2121663379865
4771612,725372,822.8121493110035
4771613,1296349,716.0354106054558
4771614,1116165,164.7607686873882
4771615,1153096,142.24296214889665
4771616,927725,822.3462875150566
4771617,1761756,584.5923909852006
4771618,1252198,873.8511409862381
4771619,485320,563.9569543462683
4771620,603432,27.73299648984684
4771621,837486,588.1795824009185
4771622,106230,693.5089808671955
4771623,1854791,983.4299306731775
4771624,930528,50.45180998888921
4771625,485766,29.957787643306368
4771626,1563191,891.0188711029152
4771627,1800389,520.9066584626186
4771628,116873,543.1573962769407
4771629,347288,566.5199038421298
4771630,28534,425.1129577573731
4771631,207769,353.09639054350527
4771632,1058076,10.921635226730842
4771633,109625,678.9885545160151
4771634,814984,710.1590228839664
4771635,407269,324.7550268430152
4771636,1143145,910.9805089117851
4771637,1393840,390.203872898093
4771638,345573,731.5726650160766
4771639,631346,475.52412400691315
4771640,1414167,400.7204257657223
4771641,802159,360.8078612965091
4771642,1420496,98.65206094005397
4771643,1818318,721.8409886878316
4771644,1494899,575.4868559344602
4771645,895436,338.1441941437605
4771646,1671513,186.8998122411919
4771647,544063,22.24449027965436
4771648,1686377,563.2626670211276
4771649,1265807,27.404353472618602
4771650,577458,464.58465293308484
4771651,10444,352.15908270583543
4771652,1698485,243.66152922535156
4771653,1481783,27.45995810417834
4771654,668980,685.8397832193142
4771655,1475687,576.8603065683004
4771656,1202795,912.4675758525522
4771657,883694,58.377961586510985
4771658,968083,112.81888384476635
4771659,1115716,894.664897367082
4771660,1087630,292.15828838375256
4771661,1718672,520.8414421932185
4771662,480031,61.115959322685875
4771663,1033523,911.5994255684913
4771664,487762,638.3217533990968
4771665,70306,781.3782196903946
4771666,558502,876.0056046223365
4771667,230834,950.5761795114008
4771668,1845258,175.24164467334268
4771669,1402107,539.0299994456427
4771670,530229,748.6037146615012
4771671,415465,667.2318756432919
4771672,1656428,0.3736748090733544
4771673,402997,613.0066623165754
4771674,325142,859.7071827205602
4771675,1455585,350.30836411294774
4771676,674226,480.6235027680909
4771677,1454197,253.2877372673601
4771678,336562,551.5673259429178
4771679,1807851,395.24211302736677
4771680,1624300,350.12283499712936
4771681,249733,441.41545809802386
4771682,1794698,962.9051191183688
4771683,1486158,553.0635635649226
4771684,1943730,26.29570076150167
4771685,1639712,483.1882800427762
4771686,1459125,871.0164716900008
4771687,1750093,572.7656328785598
4771688,146084,48.152532257484395
4771689,82510,469.910980691349
4771690,732155,269.0682019457026
4771691,1620287,370.53065663944307
4771692,509363,534.2561282857306
4771693,1933672,998.5639928674315
4771694,840397,633.8187352948053
4771695,1715560,941.3178385561026
4771696,1165017,174.67965151046062
4771697,217102,192.61204250510988
4771698,1568023,434.4534908747819
4771699,1688127,440.5271329462708
4771700,860405,362.0915913585027
4771701,171834,405.07581421793594
4771702,451538,977.0823313828192
4771703,1598985,116.79831429288213
4771704,1512147,329.07312218453245
4771705,1270547,247.30204843237513
4771706,755968,405.0664198617545
4771707,4546,92.26251248459027
4771708,1388692,339.45989783337427
4771709,1704279,981.3189349054464
4771710,1215875,503.90422700707893
4771711,738974,554.1657967164681
4771712,806885,221.88753687621488
4771713,1994739,719.1575870779662
4771714,1845222,794.1644074859582
4771715,89287,291.79070004297324
4771716,954886,166.68648922995666
4771717,1278392,974.6501787072056
4771718,1784981,0.7101861885758787
4771719,1637980,192.284447938336
4771720,1518783,872.2738246754681
4771721,1354739,920.2656336075966
4771722,230710,530.5577673956245
4771723,589572,500.5586452426656
4771724,600038,221.1213676507693
4771725,1466074,150.46026713562722
4771726,140481,310.3704683560051
4771727,1362786,259.2836798309848
4771728,680967,717.4713276967572
4771729,1366414,890.9554326593301
4771730,1437732,788.4341782806729
4771731,1689142,447.5029075532244
4771732,977186,207.1192943330641
4771733,1240983,29.615067457846923
4771734,256893,419.7997403862902
4771735,1463610,623.0445064622487
4771736,1631929,886.0978744383419
4771737,853619,194.7762444443807
4771738,374847,601.9964586187037
4771739,852668,421.36633574025905
4771740,1471651,499.1868864036637
4771741,1844591,50.006022420511776
4771742,1780875,706.6159054423556
4771743,983439,58.2731708382247
4771744,1966244,33.38711013112117
4771745,802396,88.58612874921756
4771746,336189,913.7829367731993
4771747,1014307,62.73540480804285
4771748,1602448,53.2004319397188
4771749,746478,581.254522377991
4771750,1735370,345.1561555208108
4771751,1158185,206.49580284322178
4771752,892393,826.6610362111983
4771753,1122516,938.0935742855845
4771754,743384,496.98083204883403
4771755,1340036,363.8619442312504
4771756,1161730,842.1344531690753
4771757,315668,392.42638532025944
4771758,465090,69.77124885773634
4771759,792375,321.5833039938715
4771760,1834646,27.81971638875047
4771761,1628709,442.01090134754537
4771762,378404,767.4177143250427
4771763,1670668,141.19505598542014
4771764,1021850,439.8486442245716
4771765,1053704,357.2093732389225
4771766,1652231,639.5418314934997
4771767,10846,902.1295720828018
4771768,76111,744.8979223314947
4771769,709368,494.1050668497511
4771770,1830925,71.677433459701
4771771,1113609,970.3320349559198
4771772,364801,543.1577887342459
4771773,67615,61.23453206138707
4771774,1694354,820.4091631972176
4771775,1182148,465.6612685381749
4771776,259649,397.47753089703474
4771777,463377,994.1868388108916
4771778,661292,203.13158366850436
4771779,658294,878.2534767161728
4771780,798159,355.969668498335
4771781,1410001,354.1846823198844
4771782,266730,144.29402034312267
4771783,812419,171.00845430110544
4771784,796529,807.4637400411474
4771785,1916442,943.1870248686319
4771786,962362,900.109412722917
4771787,1210985,663.2445579668673
4771788,290365,719.8732507845001
4771789,1568504,846.4876702595514
4771790,629655,884.4748237476048
4771791,1941859,91.92662728373635
4771792,1714978,758.0917869118866
4771793,53903,154.9711164247888
4771794,1128655,557.488769665599
4771795,1521130,899.5693976134298
4771796,442017,567.9066663175981
4771797,1483365,570.7297667866201
4771798,1855943,119.39258491171422
4771799,611820,535.6469110751455
4771800,178374,645.7749512202977
4771801,1454694,296.9782948167413
4771802,1863569,455.59824140175664
4771803,559830,818.9108787381118
4771804,1666113,275.20494494583147
4771805,1645424,593.4691870480885
4771806,180544,611.1456413877452
4771807,794266,968.7892509340371
4771808,1881076,609.3267386809142
4771809,1118297,965.4659367575133
4771810,1436901,224.49829947607049
4771811,1699155,980.506464432252
4771812,702155,474.07088122166
4771813,1833449,953.4043304889168
4771814,1070477,389.0497977702463
4771815,31919,781.2412110374576
4771816,232655,683.0190829972079
4771817,1292562,550.4484029476916
4771818,1446454,692.8252400348083
4771819,1478358,259.02127373531135
4771820,567917,452.11657529954607
4771821,594312,590.9807063791135
4771822,483612,651.4018762375875
4771823,1862053,885.9914487490576
4771824,185152,178.33800268571088
4771825,802068,654.1937261632173
4771826,1218486,28.305689787640365
4771827,343997,752.6821143344036
4771828,1194165,151.81151492219502
4771829,544218,1.3205370854140197
4771830,1404446,433.2605925072398
4771831,1994098,873.6317419782888
4771832,140058,778.6984059262433
4771833,866878,384.03968956531264
4771834,903382,268.2216929528899
4771835,1232630,560.2522359108222
4771836,397226,188.32354796150887
4771837,377099,738.2540992423067
4771838,356093,334.4835930603569
4771839,284363,567.4929185156361
4771840,1522031,556.0299097171496
4771841,373451,510.68522167789763
4771842,1005495,232.48283287595373
4771843,1404619,406.24285976495025
4771844,908225,555.3383779436751
4771845,1398900,191.2509613368122
4771846,208518,388.3320400660424
4771847,1663284,534.0040755695846
4771848,1000744,84.87854158341301
4771849,357002,983.8229403432581
4771850,352133,209.91152982361584
4771851,1677513,555.6974699845676
4771852,209126,719.154901396838
4771853,864506,818.5624990783718
4771854,1175689,759.2472158899883
4771855,1287243,937.7474020565047
4771856,135200,30.99610234262784
4771857,99829,31.023625010992873
4771858,453876,753.9379925877791
4771859,402356,921.5512672884462
4771860,1355989,228.13979396704852
4771861,1320838,179.37806444180217
4771862,152984,388.00770274811225
4771863,1864214,687.5582941777693
4771864,570082,6.912330329045924
4771865,1500242,884.2494673614436
4771866,1779866,568.1830539158561
4771867,644449,992.1879473995159
4771868,1627097,714.2757091040388
4771869,1439335,14.931889155919698
4771870,479088,161.62614102337557
4771871,932992,295.29463882037123
4771872,992036,489.5432232006075
4771873,1781216,369.32627787604775
4771874,460472,288.4729059677299
4771875,355364,430.0983650808218
4771876,1148582,266.0090990362508
4771877,1016983,967.1382507049441
4771878,340186,402.2389743216266
4771879,462456,702.1512796560972
4771880,673903,671.576117737649
4771881,777408,161.5027405993813
4771882,538302,913.0396310054173
4771883,1814363,679.369746175985
4771884,1528608,88.96392575317225
4771885,179006,720.5648392130875
4771886,1669848,132.52301074040818
4771887,1860583,870.8521106920368
4771888,993606,903.5878264796173
4771889,535152,599.4879516583471
4771890,1281002,870.7942171404591
4771891,1978244,706.7495008118121
4771892,680508,674.6349844254172
4771893,1044613,913.7991372188949
4771894,498378,243.85705983557494
4771895,1351292,69.04042933369881
4771896,573933,945.0750626438924
4771897,812036,791.9991489242568
4771898,1448768,770.0524208640975
4771899,731051,394.6205865158761
4771900,196680,740.4774342453331
4771901,1388976,236.63771640335574
4771902,288442,609.0984606462087
4771903,571392,741.1673603965119
4771904,163668,269.30204472479113
4771905,896418,998.4224499237262
4771906,672769,551.4692493598052
4771907,1694292,732.3891671113942
4771908,1483675,576.9643230127401
4771909,580570,329.6657352305519
4771910,973264,274.28891955473864
4771911,120716,116.2220303136361
4771912,145646,759.7551272388337
4771913,1896483,539.9199809653742
4771914,1297279,184.6138957959359
4771915,1600602,280.47737357032645
4771916,1562158,752.7951025142777
4771917,116820,793.1078127406773
4771918,1804388,317.76605402271343
4771919,645139,920.6950949252512
4771920,1830473,893.060539641071
4771921,1076141,139.18735617584187
4771922,1212124,554.6307581783691
4771923,1556086,397.322438063519
4771924,764631,531.4128405330372
4771925,438048,909.0259746329535
4771926,853206,621.722683842553
4771927,1024349,805.9784033601188
4771928,1916123,605.7237135051122
4771929,1516526,998.6773393998784
4771930,729996,35.31161259177673
4771931,28465,820.0993414952825
4771932,753659,471.99593235206436
4771933,290381,623.944876645472
4771934,589397,496.99976265446264
4771935,1006218,693.6446520267062
4771936,1842451,805.7539036615235
4771937,973672,742.2810426607092
4771938,1118991,38.394939478997856
4771939,274600,853.19305515842
4771940,568630,575.7117627601507
4771941,400902,232.23832054491967
4771942,191032,484.43900095584945
4771943,1439932,594.0085343637774
4771944,1663293,427.6172518315541
4771945,1886137,167.93994070759487
4771946,662017,226.82618028913592
4771947,217126,941.9697489341028
4771948,1649734,831.8446306554596
4771949,490442,285.1333287149701
4771950,1360364,68.36751947047881
4771951,1808467,975.306821994438
4771952,1949430,953.9647396345346
4771953,354952,788.9176522998838
4771954,1311372,189.24860879351868
4771955,297853,796.2047605247554
4771956,1587110,266.54396744955835
4771957,1741908,977.2295931535173
4771958,70371,304.3304616951342
4771959,447034,174.02040834971487
4771960,1257953,65.13327836387283
4771961,804450,142.6271722635325
4771962,1800663,149.0189065778835
4771963,1091433,322.1936278054788
4771964,222059,971.4948298425044
4771965,699197,821.6919526329294
4771966,504225,201.54362331935627
4771967,53205,725.5174335901702
4771968,1807678,490.67073584651644
4771969,215041,64.46279929636611
4771970,1784155,360.13422647524243
4771971,1948461,390.98409484863873
4771972,955861,681.6220947209459
4771973,466567,567.4303365568305
4771974,22700,133.1429863044866
4771975,417401,848.9716910025895
4771976,1799287,676.9515894420709
4771977,547657,100.87639897163447
4771978,1446590,683.6948786703566
4771979,411236,194.23220004364538
4771980,483886,810.9999127138648
4771981,460420,487.1918043847264
4771982,1735813,441.95310718007653
4771983,49115,685.2638293290913
4771984,678945,881.356892598996
4771985,637451,691.6561215238784
4771986,1677300,420.6998855267796
4771987,1209483,724.2896010806994
4771988,1308016,560.940239560485
4771989,635286,576.2413688827022
4771990,1939294,251.69874356233933
4771991,681937,553.5010097391767
4771992,1129231,927.4317231660016
4771993,856752,19.74853572238544
4771994,170421,601.4922362945898
4771995,658637,392.5457928662204
4771996,1808347,81.71072933116797
4771997,786263,368.81689627052185
4771998,537134,358.9179813349369
4771999,215989,282.61785803638963
4772000,587920,249.14953334670997
4772001,15101,330.34396410668876
4772002,1043974,809.3869955096404
4772003,729689,81.90888955025044
4772004,1901697,88.30838191093216
4772005,1086825,352.9318217805226
4772006,402114,776.390762367898
4772007,259568,846.5350828628159
4772008,1830790,771.1259469094771
4772009,1370204,26.054307617651485
4772010,1913282,921.1990533569175
4772011,1537317,575.2770228992111
4772012,663019,312.91571805300333
4772013,40879,550.2003465594726
4772014,1409364,872.0314549601967
4772015,900229,905.8227469829109
4772016,1546455,302.1848152488572
4772017,627746,743.365350189206
4772018,1832232,4.613862105820377
4772019,138963,436.8304316166807
4772020,1577086,321.9789367059631
4772021,1613717,331.03951483843184
4772022,1134064,912.1103521924391
4772023,1701174,185.96594587160752
4772024,975414,392.85883738937656
4772025,982502,688.9775998970586
4772026,678524,396.14610942804217
4772027,1044977,731.4923085836522
4772028,1903227,273.73663178860085
4772029,1951394,823.5459791449387
4772030,1098558,131.06818212425875
4772031,794672,885.3776359760091
4772032,351514,632.5011007388164
4772033,7953,851.1607983616228
4772034,433228,528.198717873684
4772035,321929,94.59361030371383
4772036,1819682,429.2426384087167
4772037,450287,943.4061139577833
4772038,758579,824.2306836818855
4772039,1260518,178.82752438348902
4772040,1978555,366.3164143941554
4772041,1748933,455.3723266379568
4772042,1919415,815.1657997128225
4772043,1995359,190.92155182097815
4772044,123575,687.8525550748161
4772045,580543,179.72861929476548
4772046,1518850,309.4863402050626
4772047,998789,25.128567473769458
4772048,1429679,678.3790263957098
4772049,1668853,364.87094412712753
4772050,980161,25.714778415887874
4772051,1945302,930.3918994857095
4772052,1481287,955.2066588758395
4772053,1739097,560.1142534693921
4772054,191204,926.6057238458134
4772055,1698965,961.4450847734914
4772056,1390697,514.0620021483621
4772057,104349,111.151809770471
4772058,1920479,397.9460370494984
4772059,1694002,549.2855266824155
4772060,887021,391.4763164901772
4772061,913946,687.7088425766485
4772062,201487,369.59887230769596
4772063,931420,316.3645982063059
4772064,685026,802.7994562316798
4772065,312238,681.6154287901694
4772066,1211403,203.45820939222648
4772067,1584348,963.3641798275336
4772068,1633756,512.1386698923255
4772069,293249,17.639463901667483
4772070,1247803,625.5419614319651
4772071,530196,267.9620835504529
4772072,1946500,347.2330174335774
4772073,1211401,621.813356676367
4772074,548725,413.13803246060866
4772075,730459,736.4192886377926
4772076,1338375,898.5638336512638
4772077,1671884,49.367665368007295
4772078,1065575,627.6771578514827
4772079,847270,850.121804937663
4772080,857139,289.50967120837856
4772081,1598922,133.64341710460326
4772082,169443,12.668341837041574
4772083,94335,350.9790989627741
4772084,1998045,563.2494156005423
4772085,1549644,884.8352354904263
4772086,215769,359.21668041480245
4772087,1660578,173.51606999123993
4772088,931019,553.1667034210267
4772089,497868,881.8170566369934
4772090,1680771,932.0297740979478
4772091,1946509,543.3005573674084
4772092,28573,565.2029648810302
4772093,636041,688.8714640437505
4772094,792420,959.7331655834047
4772095,988117,409.6461189874474
4772096,250270,750.5200175564212
4772097,406857,726.4452055092606
4772098,1694524,291.950633430171
4772099,724831,91.69596291332994
4772100,1286111,310.99905690419837
4772101,563874,123.01314323385326
4772102,956738,362.9222344447798
4772103,1993043,993.69011904188
4772104,976556,542.9886985453915
4772105,240788,653.9064796366933
4772106,1378393,48.371981433429355
4772107,620590,876.9429651429936
4772108,110767,568.5426670151901
4772109,480423,465.4033954990192
4772110,1744505,833.6818879241092
4772111,408964,727.0175150053024
4772112,498624,637.1913936141126
4772113,973707,623.8524183664491
4772114,905011,274.8197250611374
4772115,289314,270.38887081527065
4772116,1178552,506.8125843423087
4772117,369867,713.2696859062161
4772118,316452,187.32000964916318
4772119,1238228,928.4565606838997
4772120,1565164,681.4630217905626
4772121,820933,579.9644732895648
4772122,1983554,768.2603922651391
4772123,593858,396.78333935997875
4772124,1210678,971.8672821390843
4772125,1806014,650.7332756457354
4772126,926793,578.9359312918432
4772127,1938412,91.29393578816969
4772128,751327,821.5219913593487
4772129,874221,883.2978419362987
4772130,1244559,604.6461599664276
4772131,497692,896.9501502019998
4772132,590910,178.3589675176447
4772133,966555,688.4004666868265
4772134,1001435,216.4100232002918
4772135,808417,202.6784620762121
4772136,1692689,71.39292450610391
4772137,1269492,517.4055962185189
4772138,1914777,403.84831609554607
4772139,478304,581.3236690544412
4772140,1955414,620.5320570283794
4772141,1187875,671.0331241504337
4772142,348240,830.6208862629477
4772143,420506,814.8680826911028
4772144,942332,115.01626710844393
4772145,179127,571.165414984159
4772146,1268581,122.72096943692968
4772147,854343,370.480535288385
4772148,1928849,712.4543010375454
4772149,19508,727.3455359378227
4772150,1856031,661.8924708435145
4772151,973643,635.6340951359406
4772152,1966452,682.4471656344961
4772153,1980865,862.1014041522221
4772154,200193,751.6411621270167
4772155,1947504,788.2005837712634
4772156,589861,301.23700548666324
4772157,1194817,825.0796306070064
4772158,1020516,895.6296694872835
4772159,839060,275.4172914070481
4772160,186888,327.18010597944004
4772161,400234,315.6523431170658
4772162,387977,583.7518140595114
4772163,184306,176.70724143177995
4772164,1267483,350.76912973117135
4772165,1958949,537.4736694264725
4772166,1352948,457.46229255908133
4772167,877249,972.8904733679246
4772168,117442,135.42341455540097
4772169,1771599,115.7701939658089
4772170,217224,824.7091346275447
4772171,1440735,862.3901437243612
4772172,1907040,703.7168553297491
4772173,1421009,436.99563710597465
4772174,243794,174.33788770075188
4772175,508994,431.9918591804216
4772176,513439,767.884040106388
4772177,1911231,550.1489496563096
4772178,1522353,913.720039506655
4772179,774560,575.8137478954986
4772180,280265,273.28978046641095
4772181,788832,591.1875423051365
4772182,348501,751.0221144338445
4772183,517189,931.3864423798346
4772184,122089,112.75511510840697
4772185,232597,844.2207161075154
4772186,1400997,114.74811933635098
4772187,1273067,667.1831353732705
4772188,484065,89.25193071382087
4772189,1021405,654.8263130296613
4772190,1796427,746.295633766879
4772191,1701368,488.83596951304986
4772192,685737,402.7945327709592
4772193,222546,165.43035247515925
4772194,1806576,29.532655779686667
4772195,876032,54.77147992550335
4772196,1750340,331.4065472948572
4772197,1418966,145.99187432634676
4772198,602781,673.4158044447364
4772199,543138,532.9097515415862
4772200,1829923,80.83691668789672
4772201,1793434,727.0691952865287
4772202,508927,35.09277030441338
4772203,439221,451.1334306187047
4772204,1988229,64.08546204386356
4772205,641709,703.4235075935538
4772206,1548481,964.4859149526998
4772207,1731313,44.66414528628015
4772208,1873334,69.99638635246008
4772209,1598408,404.05128406950416
4772210,700698,821.1358251304862
4772211,278985,91.407346190153
4772212,1387789,609.8294293460689
4772213,1690646,469.88517058865295
4772214,692109,251.15903620934967
4772215,385716,676.1422077901962
4772216,1802708,607.2025271932732
4772217,943536,528.3841205833137
4772218,1971544,593.9000130200935
4772219,115828,297.1582067943682
4772220,270272,404.964433212644
4772221,613221,244.89244097509365
4772222,1008632,249.04554926945877
4772223,1800161,470.56789128623956
4772224,150731,540.1826256174037
4772225,516434,689.0292261824043
4772226,1192389,888.7314481457441
4772227,1765679,258.69505931487777
4772228,559627,768.9686319471651
4772229,1639747,883.9649841680867
4772230,913323,25.236759174602664
4772231,501846,787.0142806447789
4772232,456358,756.400200860963
4772233,782881,836.7503024369508
4772234,1679111,589.0593936426698
4772235,1521801,63.95613400532707
4772236,1637333,949.7386272157718
4772237,609261,835.3835281794202
4772238,1856271,715.2846594892477
4772239,1620652,870.9329313245695
4772240,1512852,679.9445973711604
4772241,1018291,371.3574657135356
4772242,1437282,368.6638405189192
4772243,148177,771.2664318324114
4772244,1959209,0.04908100887413003
4772245,749504,465.6135874730663
4772246,1052961,222.11521568195792
4772247,1142538,905.4778025624942
4772248,1821222,421.74084864069914
4772249,592908,256.0065141468176
4772250,27783,612.8886076400423
4772251,1679859,12.795434239711856
4772252,1227095,923.724495028456
4772253,1041432,801.7553713518597
4772254,704321,182.62319766725554
4772255,1174293,97.04836719007449
4772256,996348,784.2488390178881
4772257,158685,253.21863814649038
4772258,1487942,472.39192580691616
4772259,1576284,12.04167567763259
4772260,1971734,285.69237519098255
4772261,1312670,740.133584096592
4772262,538253,571.8845089475509
4772263,422515,701.7944409578179
4772264,1453028,618.5141044255682
4772265,1562018,386.42873430674973
4772266,1353635,8.069535841402464
4772267,540791,399.8067700317858
4772268,495320,377.91777143434115
4772269,1170938,107.8007899085035
4772270,1906937,872.418963866872
4772271,1529669,484.20771961081977
4772272,1780506,835.5993841541539
4772273,1970980,754.1018125122084
4772274,1701549,593.6360886095609
4772275,357423,456.10691436714546
4772276,110663,745.8178631278155
4772277,1139910,348.37793410037546
4772278,78869,216.41229146691077
4772279,626484,251.87910690406324
4772280,1484002,815.2924088985428
4772281,1379232,191.31849501188458
4772282,423267,209.05224552713875
4772283,1082564,944.0840207549782
4772284,1964737,45.143472326026334
4772285,667023,662.6886216616431
4772286,1299830,602.981926437507
4772287,620384,299.6803611335842
4772288,1217541,745.7769123108898
4772289,597037,317.0785768720501
4772290,1316019,674.2538116029772
4772291,1746764,972.0349447536078
4772292,962761,270.87554097443433
4772293,1051705,935.4079726521345
4772294,1845424,722.9641249113931
4772295,407725,903.426548194137
4772296,575104,104.83637478861552
4772297,1280379,789.8517245629336
4772298,572855,688.6944977737232
4772299,603811,649.6132566585184
4772300,1355723,447.50386365460724
4772301,1344304,699.2996215751258
4772302,939423,236.88441796633276
4772303,153986,977.3468847069626
4772304,1031737,764.2513644369923
4772305,1957761,641.2988822770058
4772306,1332478,43.407309009404486
4772307,428128,842.2883386868117
4772308,237771,557.7148348406256
4772309,1049426,825.078169771835
4772310,287440,875.4955067045647
4772311,346974,747.1017602687186
4772312,1592843,28.38523227605838
4772313,625210,401.0209054684144
4772314,808525,373.4025217149586
4772315,704722,381.11034497981666
4772316,1219630,526.3307890769752
4772317,1229814,638.7361753313808
4772318,354355,303.32853074884315
4772319,35181,768.9432390022644
4772320,291883,526.2249096752196
4772321,1834244,790.0408394845499
4772322,212972,806.9294369600503
4772323,1111462,323.5498989518577
4772324,1723508,889.435467440129
4772325,462303,151.72615106808107
4772326,1073733,788.3704612929132
4772327,1749295,479.26247904511234
4772328,1882586,53.5936781866766
4772329,165929,276.08896989221057
4772330,1077902,945.6481747315264
4772331,798387,767.6645145556779
4772332,19193,314.641192126306
4772333,1282513,301.8139223947322
4772334,97144,649.1593559085501
4772335,1556279,667.9534319126969
4772336,1871628,3.514864030189968
4772337,1115608,694.593855782544
4772338,1033504,213.73578757295974
4772339,1475075,790.3400054401314
4772340,822111,966.5697534106796
4772341,516772,443.2228558888699
4772342,307326,416.6193522824143
4772343,164161,627.1916510847749
4772344,1061887,509.60598980650053
4772345,1852681,484.57136886006015
4772346,1053109,389.8273966641556
4772347,505186,679.3984472524367
4772348,730995,794.4614334111982
4772349,875184,251.1040231357734
4772350,1285277,160.482949920564
4772351,1575442,659.648617027622
4772352,690069,713.3119611098674
4772353,1323934,946.3469151260416
4772354,532950,574.1332113116026
4772355,1615201,975.902802883241
4772356,1811992,260.31273445670365
4772357,1812947,476.30662207737873
4772358,1421037,346.86975911364806
4772359,913225,223.89190209298926
4772360,1141200,441.9079156635869
4772361,1143356,670.1509747532244
4772362,739514,634.5292290872842
4772363,1543481,242.5803738278721
4772364,1103260,765.5094577564793
4772365,31793,939.3151075656967
4772366,1173977,798.8244511375086
4772367,1738719,674.9828002442932
4772368,991325,383.7351327749394
4772369,1183554,978.1099991991629
4772370,1998494,303.91709532111264
4772371,919258,712.7773032522045
4772372,472404,735.853393905036
4772373,1042380,135.5024883439069
4772374,270850,932.5701552545548
4772375,1538657,134.38143342208298
4772376,639810,296.0992730821184
4772377,1394197,492.1783153994801
4772378,381956,666.5230212655116
4772379,508231,160.78153885605096
4772380,1441550,899.5923162490458
4772381,175335,602.8302427046996
4772382,488826,45.24980240036469
4772383,1782403,698.4972384703168
4772384,1919917,884.7036619032059
4772385,1093200,803.3692756236351
4772386,127682,197.75091128457524
4772387,1211476,201.13053363405564
4772388,899885,697.4265337396661
4772389,910586,827.6698650639642
4772390,1307693,726.6946921971982
4772391,874414,34.780785733527495
4772392,1689663,278.42368077296044
4772393,1740019,470.8627594705099
4772394,1808510,234.7296818426784
4772395,1233183,19.0572371249621
4772396,797155,405.6662023815558
4772397,958126,964.9498594611222
4772398,1115068,824.6417297260917
4772399,206043,801.0438628309305
4772400,234798,78.14185691542275
4772401,1394000,564.5020168437807
4772402,773019,305.60245959320474
4772403,1436890,790.2871842906844
4772404,20050,29.415279907685775
4772405,722873,610.47968092317
4772406,51751,526.1694130320276
4772407,643041,10.529917785032206
4772408,1711867,76.34575796032993
4772409,439454,903.725715340309
4772410,157550,555.6945657588623
4772411,1488638,505.9887451081257
4772412,934691,434.4073075536683
4772413,1561106,615.8371763777908
4772414,1983544,172.55210366873897
4772415,1331832,458.473761271606
4772416,1679728,102.30485009444968
4772417,880035,447.9717516150522
4772418,450228,443.78316694568065
4772419,405249,502.3742879174798
4772420,876530,711.1054771128634
4772421,1726699,875.979492629329
4772422,115485,555.2281109561773
4772423,659753,196.38779739381317
4772424,41303,202.8990841587567
4772425,890585,812.9501769468287
4772426,716753,592.9596158483275
4772427,240391,740.2022180258397
4772428,1995535,431.546217541394
4772429,1682192,124.5082864328757
4772430,350064,216.05266618310725
4772431,1260739,156.81940332460488
4772432,459734,156.55011036262778
4772433,1776711,577.08680725409
4772434,1610677,707.6458372457039
4772435,1125698,942.9239571652163
4772436,41466,429.16097479642343
4772437,1338398,860.9963596696509
4772438,805407,850.1995492836863
4772439,397778,925.3106268583232
4772440,1179691,599.4699192856294
4772441,1431225,879.4769502114854
4772442,582972,297.1102798683771
4772443,1844173,149.6314581082443
4772444,948859,204.45607819617206
4772445,188837,498.52494947849345
4772446,700988,906.1533077531318
4772447,1641184,469.720901603521
4772448,847194,670.9211020536706
4772449,1985778,979.656173748537
4772450,27701,987.1751371860161
4772451,23451,528.9015100858983
4772452,755007,37.08556186397749
4772453,339238,243.871274154145
4772454,1642966,505.9418965131115
4772455,1586401,956.3948068684144
4772456,1674080,37.50434902966049
4772457,1147846,441.9094420039816
4772458,1721722,28.315106784852496
4772459,1497322,620.1491197843476
4772460,514673,995.6846321650424
4772461,1455914,962.0883803681658
4772462,1546455,894.8678267996464
4772463,1902508,749.4860240287359
4772464,1184753,750.1611598556656
4772465,1748976,821.9288049663162
4772466,1609543,957.0562114138123
4772467,915387,128.99596743715423
4772468,1363948,953.7120227891277
4772469,75905,349.42694481561585
4772470,1473894,214.19770797266602
4772471,1141423,574.3843058194329
4772472,1716201,451.9351347115077
4772473,695227,140.10677556281615
4772474,1617433,789.6562224052195
4772475,1919941,69.58166071577043
4772476,1226722,1.460258490248556
4772477,954786,824.681383542084
4772478,1893285,238.62021737129723
4772479,1988485,294.6291393517142
4772480,1282363,289.87757688910756
4772481,795343,404.0928490493357
4772482,1327450,314.2577775595831
4772483,35803,905.8795457091198
4772484,1729524,622.1690924608687
4772485,1012353,138.04949878221962
4772486,1889396,421.13242207871895
4772487,1432979,966.7977003837964
4772488,1431076,160.35971914180158
4772489,1109745,420.60832213740485
4772490,1098684,154.7074083310379
4772491,432962,830.6227898837031
4772492,1597564,845.358666051158
4772493,1507540,807.487902929982
4772494,243601,817.6489098307256
4772495,218610,607.6209536323271
4772496,200325,251.2997028042573
4772497,35074,92.48102965916472
4772498,615828,998.1205312230302
4772499,754227,581.3559400414773
4772500,215920,116.04164295144925
4772501,1614115,305.23378792986387
4772502,1909531,454.8643653759316
4772503,1111648,415.71898105021046
4772504,905515,507.54659232093155
4772505,1659919,611.883289179778
4772506,1607821,437.18506208863073
4772507,838564,583.0999622004663
4772508,771553,522.9600915619102
4772509,80878,813.1016308534547
4772510,27044,774.2706186462806
4772511,1891213,352.7150111352765
4772512,368508,675.549249790796
4772513,312139,55.08755527526399
4772514,912775,258.6373331717563
4772515,492409,425.74464890431216
4772516,887603,130.66378519250043
4772517,1837508,619.1551175083948
4772518,76888,171.36716019070363
4772519,1722589,460.8423326700962
4772520,1673790,907.3329992947457
4772521,875943,570.0805589953085
4772522,422885,540.4235027576938
4772523,674215,866.0113734919347
4772524,1857723,196.08606597977007
4772525,429291,347.3554358792398
4772526,435428,277.2282942765465
4772527,1601261,613.4932113841678
4772528,207142,152.34678037749293
4772529,749478,771.2949643192999
4772530,1402069,305.02687831249267
4772531,1184957,302.1367151782859
4772532,268988,430.19080962851217
4772533,1189857,39.062727471670385
4772534,1824046,297.286844174106
4772535,1025164,546.081177438362
4772536,385970,676.5946169807447
4772537,127874,185.69502353022182
4772538,436243,701.6276051040161
4772539,1666904,631.8522395411619
4772540,1306590,557.8526800025844
4772541,1510309,484.40062629378747
4772542,492734,986.4425693711215
4772543,1652764,872.8487496641238
4772544,1289540,586.0869657727279
4772545,597820,154.9860476053111
4772546,1588623,582.0335483205388
4772547,354740,348.12185168691246
4772548,708317,244.1152201551393
4772549,719875,962.6967458242844
4772550,1887930,897.7119419753661
4772551,1436480,489.1815866310496
4772552,1332104,564.7061202702603
4772553,1177359,65.68483284694793
4772554,1970497,256.5592371932127
4772555,488531,680.191008409483
4772556,900073,88.93367928352602
4772557,782990,761.1195926680527
4772558,1555285,388.4418155059729
4772559,1030891,685.2221161385412
4772560,1287090,965.6288683769073
4772561,1217863,658.0411456168773
4772562,1020672,74.66909416062761
4772563,1196474,591.3881610747856
4772564,57507,478.35500082810023
4772565,918411,354.15667813925023
4772566,1519301,837.8788014901157
4772567,587271,414.9260623041503
4772568,26306,890.8155000262003
4772569,1909076,743.4183739610429
4772570,1022748,275.402578558665
4772571,1698320,458.66690836743726
4772572,176412,41.231068109420896
4772573,614413,269.96370175975306
4772574,337772,334.74419193016246
4772575,409193,602.762273492885
4772576,1175244,261.1817914154151
4772577,1748158,857.3672331613492
4772578,1490084,522.5771468971576
4772579,126065,819.2164464872708
4772580,812174,542.4658610325858
4772581,359945,597.10059512156
4772582,1859639,661.1661280010821
4772583,33673,675.4231221344323
4772584,1329818,617.0209568779726
4772585,895260,878.2970148410518
4772586,1477686,711.5710042316233
4772587,935948,896.3012439061783
4772588,1393807,622.4928641589111
4772589,1359039,18.985589481391727
4772590,280217,243.21875642480916
4772591,999809,686.8689992956677
4772592,342642,887.4254363263536
4772593,1713383,742.1694946115205
4772594,1821929,863.7948462783299
4772595,901504,88.1198289256937
4772596,1600773,44.57324290715447
4772597,761187,220.51051085119312
4772598,515137,403.2933019437147
4772599,1741491,586.0170504991084
4772600,1933797,608.9550746209705
4772601,716082,473.99645333295416
4772602,506823,654.0448923289802
4772603,342829,366.647310714297
4772604,588647,714.604118173688
4772605,1190659,40.26539578091226
4772606,1516954,828.6694097304605
4772607,202954,801.6539424542044
4772608,1533142,515.8183756430623
4772609,1508044,994.5103752673161
4772610,1037997,786.6167545499733
4772611,479532,484.0715388190316
4772612,501676,854.5587884874487
4772613,943941,502.2293525357375
4772614,1951842,982.9718995040449
4772615,57083,840.2789484818891
4772616,1820465,472.41686978279176
4772617,439308,138.03142500117062
4772618,1363906,437.5450955026965
4772619,64240,389.6592349033702
4772620,1662110,194.64176965666346
4772621,600407,275.5616580089578
4772622,1178083,843.7030155506887
4772623,1043609,371.09020158863757
4772624,1089443,420.25487657380523
4772625,784835,526.5169179735977
4772626,533811,975.159246713961
4772627,1428584,219.83364606287014
4772628,893134,74.4386845455598
4772629,217064,805.1770904430394
4772630,804666,324.4643452338164
4772631,196488,815.6044307767727
4772632,495293,363.32098184328396
4772633,963396,824.631563339073
4772634,63488,957.2968811120433
4772635,1152894,634.0177609156076
4772636,571000,675.5669310392933
4772637,712937,502.1735569112896
4772638,1332165,472.01764222497525
4772639,566884,171.37416230547475
4772640,1058474,631.1188924811474
4772641,342765,549.5369160356672
4772642,1739067,459.4284538689723
4772643,1860725,730.5906592059739
4772644,1387658,418.4625010434736
4772645,513883,731.2638738284822
4772646,790827,330.98920153712686
4772647,1334543,84.18147841901136
4772648,1178476,310.00248651887074
4772649,771078,281.4908502182525
4772650,1393259,516.7497899809904
4772651,305458,887.7762674675181
4772652,1641040,831.3783432614189
4772653,1873209,629.3599689562337
4772654,1213508,695.6995192093059
4772655,739029,863.0345627652304
4772656,508007,363.15366846325384
4772657,696236,942.9242405126096
4772658,174322,361.25003489146246
4772659,1746349,354.6674826327344
4772660,1706226,32.392407174204216
4772661,116275,229.71899945221773
4772662,1820057,828.8772495417542
4772663,529747,259.6628512223128
4772664,1124178,493.6696710673163
4772665,65549,396.60496681736356
4772666,1391893,659.2148906436898
4772667,1664793,707.6341011998534
4772668,146318,717.366182669147
4772669,39095,658.8509760794477
4772670,1416132,346.3186983558457
4772671,465690,293.5796939314333
4772672,901063,754.645369222182
4772673,236401,175.5660445264745
4772674,428441,367.51217601527765
4772675,1156752,773.3655239545785
4772676,752160,663.5352140555273
4772677,1577715,550.9668514755098
4772678,1812606,980.4316004434628
4772679,1269302,222.00461349743762
4772680,1122369,33.265407737099736
4772681,1550769,847.9309299187222
4772682,902846,567.3884691291893
4772683,320976,609.6219806938358
4772684,417680,762.3448967401077
4772685,152422,836.7570057515255
4772686,126705,899.69439141717
4772687,1848351,254.94008062807904
4772688,995781,754.3747922810765
4772689,88451,782.7189353800151
4772690,814724,237.94775275772108
4772691,1214192,625.7306227810981
4772692,946947,395.92268413526665
4772693,1408876,21.514231452699818
4772694,39487,518.6095973446363
4772695,1434068,624.9128401618633
4772696,1131204,229.30837742412902
4772697,1362199,541.2751182674875
4772698,1646087,922.8897974781916
4772699,947900,182.97685669634356
4772700,1228918,549.79106574177
4772701,1383008,395.70554247127956
4772702,1206768,829.582089639195
4772703,1295027,200.51862463661618
4772704,983149,547.3505681151457
4772705,1043695,87.38732212040456
4772706,1758047,329.90525289568086
4772707,1242265,460.9869922332993
4772708,1212253,422.33630942310043
4772709,1456135,694.7628580039967
4772710,246954,925.2439255485465
4772711,646224,605.1485720293139
4772712,1184996,300.47078160969187
4772713,1976885,719.6041194546859
4772714,1560473,793.7889980515255
4772715,647665,312.6323491722082
4772716,286238,71.90967257267955
4772717,1307154,665.2899385171665
4772718,1088109,478.1235093031674
4772719,1631268,671.7021506907846
4772720,561731,905.5083108879597
4772721,827340,5.345311500555061
4772722,1237017,537.4759877422408
4772723,1716310,890.2888448276944
4772724,1108607,95.16077685340507
4772725,1799095,460.0088309020596
4772726,1961108,300.5796901031743
4772727,704076,392.40396026541345
4772728,1547935,739.3843053781068
4772729,1780561,262.33393481918245
4772730,1740487,333.16191146055394
4772731,487437,768.5661364988538
4772732,1733695,843.5808731628388
4772733,1331239,227.57477609100764
4772734,1602893,122.60072144160084
4772735,1618239,346.8334443708811
4772736,1979255,710.1569478504963
4772737,1464500,994.269838684982
4772738,1836926,740.8304093530941
4772739,995992,280.9204840919688
4772740,498426,131.43217710015597
4772741,1323194,91.97113749577335
4772742,1206789,281.9660406001109
4772743,1313220,664.3712465051901
4772744,833933,804.3753109208175
4772745,1961689,99.11003298346365
4772746,1403805,145.0263021851872
4772747,59301,879.1193193208039
4772748,1736893,897.3183706623108
4772749,1740081,456.84991359659887
4772750,1345212,930.5366640178993
4772751,210549,197.4438225578946
4772752,1182341,557.4069247703387
4772753,1078125,133.10771456718194
4772754,350399,308.75550196259735
4772755,127245,462.37063220617034
4772756,967019,588.8969615544617
4772757,857940,656.2556250545396
4772758,475955,338.9862136628393
4772759,1515821,629.4368963958722
4772760,466055,253.36199870943454
4772761,984849,636.6445647785632
4772762,18604,259.65826170287653
4772763,1613534,445.29926802280784
4772764,500157,728.8383736193285
4772765,464238,39.38000968391453
4772766,1363115,382.591060743532
4772767,93182,534.0756713854463
4772768,821894,896.7246279470372
4772769,645624,156.14799401008173
4772770,11746,205.16732153420614
4772771,1587836,638.2517054540336
4772772,36699,394.90602960661937
4772773,1323506,865.8445208259452
4772774,1990790,378.0106210663481
4772775,483476,711.2337168224054
4772776,428702,43.91457044303926
4772777,1678715,513.3923779370207
4772778,177080,36.41230077057234
4772779,591859,633.235763137275
4772780,328855,559.8296836788822
4772781,42483,159.93264651917784
4772782,1073832,293.55129816873296
4772783,1364292,462.7972073234452
4772784,15087,270.02090186090635
4772785,1918425,405.9929545874144
4772786,223237,628.4368725100045
4772787,1695854,634.1804388141463
4772788,186991,174.87465848456196
4772789,1716175,598.106344728158
4772790,189640,900.2992333472321
4772791,333345,774.8229323496863
4772792,478040,239.02470105017048
4772793,1177877,837.0238365757434
4772794,1667845,504.3225692717783
4772795,1391301,595.0209440656417
4772796,824955,136.97885260757948
4772797,1664417,925.0410177194482
4772798,774152,521.3371664119896
4772799,1833560,220.5455220468192
4772800,1933461,703.7373831795929
4772801,1076630,225.47527502049059
4772802,1456919,838.2860476976585
4772803,53358,839.6270019177515
4772804,225390,45.564493307379884
4772805,1021711,444.813442873616
4772806,269872,462.24105140373507
4772807,1762282,949.297252306757
4772808,1677655,530.4949511518219
4772809,757159,761.4848411674167
4772810,1751836,928.6645168510046
4772811,1778737,564.9420172663349
4772812,350946,204.82736093808796
4772813,179771,289.7412493103828
4772814,1664154,5.3116765078016215
4772815,553227,690.1808450617683
4772816,506284,80.42810503818166
4772817,378427,804.9846336645875
4772818,1064948,359.3931230374039
4772819,1144461,23.35373077705849
4772820,286297,363.39161649539096
4772821,1653827,199.3006643027182
4772822,1529626,817.5434001064433
4772823,1995571,834.9811019048312
4772824,75119,251.8803820797987
4772825,458455,643.368720296865
4772826,839632,777.9366616208227
4772827,1928883,867.0604539915003
4772828,1145778,631.8254320102035
4772829,1103073,957.7848550370832
4772830,634195,313.055880207007
4772831,1820663,330.42859158008986
4772832,1739291,400.8738730090733
4772833,831521,470.58273290308085
4772834,1660169,222.53886608176887
4772835,178104,658.9868491278554
4772836,1557255,972.7937168063037
4772837,1836098,29.63761381772678
4772838,746885,187.44654908749325
4772839,1331603,236.76977366136353
4772840,1542557,645.5725047866658
4772841,1906077,685.1182287636141
4772842,1957127,800.4028235078192
4772843,656333,907.3619006603653
4772844,1733622,707.5608444641684
4772845,1686726,416.2594043694895
4772846,202015,138.39467933308836
4772847,389901,817.0303879564618
4772848,616698,954.1294531549167
4772849,1225715,654.8122988313175
4772850,589267,748.9423181481475
4772851,1387412,445.0831271141037
4772852,843063,500.7294569898034
4772853,292249,78.01712868077182
4772854,1766156,872.2060495965297
4772855,1322776,394.13020926429164
4772856,1302938,896.7182607474172
4772857,89233,424.95936331383257
4772858,827653,111.86847499071983
4772859,597642,562.6990276292785
4772860,1146885,5.669159993748063
4772861,1981602,110.47363496643692
4772862,65981,371.16726932502087
4772863,1522663,957.1100647525478
4772864,281132,589.6624484406019
4772865,1404821,751.7924738632835
4772866,1517642,225.8673763114174
4772867,21436,150.1063798314063
4772868,154848,73.33997335255616
4772869,1439742,543.8316971551002
4772870,1311783,949.6803896170394
4772871,53676,99.52073768891445
4772872,1397911,531.7465643972786
4772873,375456,165.08159060993088
4772874,1301644,178.04120265066615
4772875,361239,906.4105623362096
4772876,129417,24.33419563513739
4772877,1267602,257.582221882185
4772878,698745,327.54379875244877
4772879,577124,798.5976043087705
4772880,1330081,341.04885030209897
4772881,1338040,916.4557727379577
4772882,910234,496.8759749838929
4772883,914598,619.9611607085333
4772884,1431783,51.719401659592876
4772885,1728835,847.6563643625693
4772886,1909165,904.3801639358867
4772887,1644843,336.53971426985686
4772888,320175,187.37575933630978
4772889,39126,189.6947918019013
4772890,890839,128.27453939925059
4772891,489983,776.3059644205484
4772892,547778,73.88785176189971
4772893,721572,246.83508127757526
4772894,440740,219.83521312990618
4772895,1641354,888.4587877067844
4772896,746394,709.7270104241007
4772897,1210163,311.8535705843657
4772898,1149963,899.7186927148207
4772899,1842558,885.412762170525
4772900,1353509,569.2312821648392
4772901,1297959,469.99419369649496
4772902,264586,183.67238075284786
4772903,295547,975.444132387348
4772904,1595850,492.74416678960023
4772905,117257,423.3101491072152
4772906,371761,198.1300439507614
4772907,283379,171.3069413505006
4772908,945809,920.2127031400033
4772909,96086,918.7853387031638
4772910,503090,770.1645883988153
4772911,1907570,54.91698426507141
4772912,1061291,114.56658758730055
4772913,510817,350.4626185887044
4772914,1930101,888.7657105247677
4772915,1648254,589.044598666258
4772916,1429619,635.1293901056849
4772917,1625021,485.4018032599776
4772918,863786,226.70203677860323
4772919,1070169,502.28119878704024
4772920,344813,633.67819599584
4772921,641422,828.8977636282746
4772922,604850,900.6799676796234
4772923,1516805,335.88836221051434
4772924,1950928,377.34296390314205
4772925,600993,802.3467041398716
4772926,995182,610.9187433698336
4772927,1281735,842.3643587407955
4772928,1640428,441.38576998582255
4772929,1635854,43.637278776628264
4772930,63033,612.0588727503263
4772931,1303146,208.21278187699988
4772932,884532,587.0259946270411
4772933,430980,201.88299364721652
4772934,534871,932.3329142342841
4772935,1240746,780.755480265519
4772936,554773,687.7800164605757
4772937,1805749,381.63625174764417
4772938,1740012,831.0035374791211
4772939,128546,870.576693037962
4772940,1044667,784.5829739368912
4772941,364515,855.2974529997222
4772942,1998914,17.36025295026977
4772943,385109,140.94699856247894
4772944,141883,613.9141455587393
4772945,1284554,746.6850360232025
4772946,426962,866.531432032397
4772947,971697,479.8240154362899
4772948,1200417,399.1219156754362
4772949,261987,337.9392632935387
4772950,317868,872.8858350921553
4772951,1812394,958.407877478357
4772952,1747309,946.7220345978295
4772953,437420,162.65324027655092
4772954,476380,49.32570953899462
4772955,275256,154.14106160648
4772956,49288,883.5822183972292
4772957,942483,424.4816517296568
4772958,936201,90.93306430039728
4772959,1794929,488.0043625126048
4772960,1860522,706.4827391715392
4772961,1242201,826.1454257936202
4772962,611235,420.5521991414786
4772963,550449,201.15268500579674
4772964,1887816,796.2374129810531
4772965,909893,567.0757877100681
4772966,1701379,805.8030600169225
4772967,1745537,574.506383254464
4772968,334436,25.694158166246204
4772969,256899,515.4390423502683
4772970,213830,435.62016596876487
4772971,1648524,43.18786341174863
4772972,568701,504.07660284274937
4772973,1941096,964.0256743842123
4772974,1731466,635.7233872309012
4772975,1530684,144.01401053812845
4772976,1470240,249.09507577432456
4772977,448162,650.4096183608636
4772978,304476,361.3328764674196
4772979,451136,675.1561404025293
4772980,736519,166.90625723852227
4772981,433160,796.5469894949524
4772982,960812,938.5124457028334
4772983,63256,179.56024555776128
4772984,801031,154.0901805586461
4772985,708311,741.9772601055553
4772986,263756,749.6173512983282
4772987,866668,510.73689888665194
4772988,872270,293.00218915110696
4772989,213252,20.131552783368534
4772990,1121981,265.56285401838454
4772991,1797560,400.66048494296115
4772992,139049,156.66474202400715
4772993,307497,846.1748365807806
4772994,1770975,930.3868859430089
4772995,269760,867.1899796398164
4772996,1336920,999.2584954846794
4772997,989241,95.31844651105426
4772998,1546655,582.3851117638671
4772999,1302701,939.2266128731919
4773000,1809077,734.3144877594044
4773001,1641177,540.0545593103138
4773002,1322009,196.5818232295723
4773003,1183478,461.67013980454277
4773004,1613668,501.26041260603785
4773005,1141039,637.3432695942306
4773006,1787923,468.53890336349735
4773007,553933,347.91022380476
4773008,1759336,118.63949593129797
4773009,183756,747.0758022668606
4773010,578516,364.1056824250717
4773011,1158442,46.623249752754006
4773012,1256340,999.4960149172496
4773013,70840,174.0282676543653
4773014,1204642,233.82410323851943
4773015,1634071,769.3319587713964
4773016,964925,372.0715273006545
4773017,824635,83.30657007874753
4773018,492329,461.6855842689431
4773019,1371575,360.4050802328355
4773020,1761326,636.1450245910519
4773021,830279,664.0643019640092
4773022,349167,144.47138672025838
4773023,1361701,382.7300499202412
4773024,651628,969.5180042146683
4773025,1019107,557.8615696753444
4773026,1379831,326.58641172709815
4773027,173700,412.7542705420679
4773028,1403365,86.31153284025683
4773029,240896,616.3851494840355
4773030,835197,917.3312961802274
4773031,942580,25.654660699218844
4773032,126705,550.1146358443368
4773033,1596074,622.961027259755
4773034,29591,992.7005903502063
4773035,497749,769.0118857907216
4773036,777555,819.9185604161298
4773037,294097,301.3989550047549
4773038,1036281,276.24260380381315
4773039,263842,386.51680210697026
4773040,509479,267.9794772382661
4773041,1116557,666.9388291496857
4773042,1592910,403.0347422300419
4773043,1806862,752.2802281384922
4773044,1948432,342.87939274353175
4773045,1824879,586.5584372761446
4773046,1137706,683.415468824996
4773047,1526528,58.11816285892524
4773048,912436,569.2286525082735
4773049,839267,746.245095680223
4773050,272791,215.0242215874808
4773051,1718862,467.3812947377897
4773052,1531928,754.0986041263661
4773053,637204,442.5339782427897
4773054,67883,112.85126301173875
4773055,1013588,266.7845039606564
4773056,778584,317.5110432876783
4773057,1351820,254.69755368223545
4773058,1328172,484.6067916787665
4773059,1824516,436.09675861587016
4773060,103745,263.04391462851106
4773061,579727,2.0071320538812554
4773062,1873571,741.3657679728557
4773063,715059,265.3285857335871
4773064,745314,134.4636426668062
4773065,1774076,24.911890143507254
4773066,717791,19.76688323327691
4773067,988415,826.1814404295618
4773068,919865,593.7467908810537
4773069,1125043,488.9956000174236
4773070,877840,688.6832955573333
4773071,1952184,267.5965453311955
4773072,1726821,751.3971116604088
4773073,137734,536.7885062481748
4773074,1947136,320.83301953339395
4773075,666495,688.9625346651451
4773076,1287932,107.63775582219904
4773077,1391044,394.5438753257209
4773078,338914,217.38152570154057
4773079,163699,10.613157118056105
4773080,1493654,244.92557462049402
4773081,1103375,591.8848839298903
4773082,853992,791.4962794967137
4773083,1248018,324.08492309604264
4773084,588684,538.0673402682074
4773085,646947,17.327066814913472
4773086,1385876,321.7917169867626
4773087,603159,324.98667836735353
4773088,1758772,444.2846989728716
4773089,1192764,781.9132237674966
4773090,604141,306.30891349519294
4773091,1080459,944.1181578948691
4773092,425064,336.7238277400367
4773093,1024505,398.18821326287446
4773094,119482,855.0505069116524
4773095,628486,408.7897319406052
4773096,1665860,295.67202458305144
4773097,1666733,92.27612506324134
4773098,1901795,39.395402799982215
4773099,196445,27.66877666391554
4773100,132427,276.85296072225117
4773101,28630,139.47516798256942
4773102,1478434,304.851215195855
4773103,1331928,374.5439699594909
4773104,1901551,548.0786478596061
4773105,80144,907.528476848452
4773106,1740381,371.366118141218
4773107,1684462,785.6645175776313
4773108,694352,214.18874656131993
4773109,733578,524.1995752560647
4773110,665374,265.6818792380513
4773111,1632026,71.85548421151522
4773112,1611001,885.2812591034656
4773113,522661,751.531118491777
4773114,1004595,3.6152538922757937
4773115,1385962,138.94697407278866
4773116,1574334,795.4116147627695
4773117,1620917,755.2324487401874
4773118,1147190,941.9159008810278
4773119,808449,723.7596833641103
4773120,175592,346.43196334448055
4773121,1096079,854.5866029055654
4773122,4747,381.66150057969196
4773123,410214,520.027336122903
4773124,1460297,734.5252745050698
4773125,694796,539.9998618056566
4773126,1184112,318.919571391847
4773127,1059626,628.5705285281565
4773128,1482285,390.165189789628
4773129,961767,141.45829361539808
4773130,1547700,337.2012728627871
4773131,968531,505.5445452660827
4773132,1319317,512.2345873162066
4773133,1874288,276.0153960105243
4773134,667624,489.2223677912185
4773135,1874494,956.1920002471404
4773136,658749,255.4586487439764
4773137,464169,899.9795964828725
4773138,1069991,631.39509386374
4773139,1191426,199.54079577153217
4773140,1095410,868.9051832481472
4773141,1056735,616.4687445167148
4773142,1629711,384.6519910597237
4773143,491341,12.40687038940813
4773144,347601,743.0594775515076
4773145,1344586,602.7514015809379
4773146,530490,609.202526718494
4773147,269657,34.49268796573779
4773148,601942,269.3491163933903
4773149,751486,196.97155347581608
4773150,531918,81.83779728320195
4773151,824911,466.8256773380849
4773152,31228,475.51857120529775
4773153,1886550,513.6043532564031
4773154,1525472,385.69898952086714
4773155,1263683,518.4795395559115
4773156,149559,918.732466380734
4773157,124389,622.8594842599548
4773158,929364,621.8578468215319
4773159,1736862,465.1266632044383
4773160,404397,642.0646441111872
4773161,820955,478.7876531958144
4773162,1895895,833.8813905443715
4773163,10630,1.427169809854023
4773164,376571,284.28992807723887
4773165,71874,655.633609435674
4773166,800602,56.09602044971484
4773167,633876,284.53944429163937
4773168,521918,840.348381188528
4773169,565169,654.9534342683328
4773170,1619236,182.68871820383814
4773171,532617,524.4531058815076
4773172,1275189,240.83655718892138
4773173,112412,973.4901154175972
4773174,1672079,452.39527184751984
4773175,435536,87.85995162955062
4773176,535619,112.69489500855545
4773177,1263561,143.18807936198152
4773178,594413,87.3323580701697
4773179,711182,962.7797060626289
4773180,1204713,315.09196437405427
4773181,711285,895.0465736004321
4773182,134099,141.8954795053291
4773183,256671,803.2250967051331
4773184,88184,999.8414833161883
4773185,778390,344.6174651095433
4773186,680112,890.8811616548765
4773187,947814,140.59326050193667
4773188,1074001,934.2823164417288
4773189,1032838,199.79377760035288
4773190,652765,918.004123553124
4773191,341825,61.021394492140836
4773192,717842,524.6653831642781
4773193,843328,370.24528608741167
4773194,1643531,728.3142683535838
4773195,937163,591.3122366407799
4773196,1653929,173.96528158894066
4773197,1805073,120.4361311149349
4773198,789679,450.10343971844014
4773199,1779824,803.3717039748288
4773200,1140767,6.11269507630452
4773201,819238,342.60570375227917
4773202,1832174,19.528339857942445
4773203,1950459,180.52462211035203
4773204,737325,365.7489338165835
4773205,176586,743.9719321637186
4773206,697815,586.7296794126302
4773207,1739956,849.6156025011063
4773208,286563,885.1819788821878
4773209,826906,496.2696868962371
4773210,1629443,163.07340350086685
4773211,1858242,727.2638420855378
4773212,153031,719.0848567857569
4773213,586128,753.9185157187046
4773214,809662,509.4220278528676
4773215,1803094,307.39598844923097
4773216,140367,47.582603082585216
4773217,1188242,751.4477095437198
4773218,697148,97.86041496070507
4773219,1676054,641.7305326813375
4773220,1633140,695.855256291991
4773221,75089,151.98886430003543
4773222,1524590,931.0401851379099
4773223,445743,767.1875346151478
4773224,99261,192.428841915789
4773225,863448,195.60104125001166
4773226,1976967,592.9123811379014
4773227,1591451,811.4314729620194
4773228,1645757,592.02237633876
4773229,1546956,688.7764525983243
4773230,1419219,82.63277053276974
4773231,1682784,254.48600876681294
4773232,1021616,116.75659960079766
4773233,235819,501.13857891177815
4773234,1419833,278.3709654162002
4773235,1833914,711.5331908042107
4773236,1065253,625.4973245406385
4773237,158775,100.88587172051166
4773238,1496663,630.732089016633
4773239,1280109,76.69954530335221
4773240,1471456,971.3102263826089
4773241,238085,670.2512465494162
4773242,1011671,617.2080757462896
4773243,1539742,350.5200506798709
4773244,501749,59.878707661753516
4773245,1690653,332.0694930379182
4773246,1321036,638.926997006835
4773247,360033,418.882616094125
4773248,1861475,494.576022419454
4773249,1789096,281.14987032472993
4773250,1195564,627.3545305803209
4773251,1082990,54.03428732271654
4773252,1017672,530.0624015917471
4773253,150429,944.5514565716168
4773254,1464242,283.010274081786
4773255,1376182,766.2438838939175
4773256,540467,591.3157482393386
4773257,1027865,694.6468532198481
4773258,1074521,911.9039311818626
4773259,29389,187.56467508106434
4773260,199747,162.72967672493655
4773261,1117599,60.39737916518418
4773262,374968,283.74191114030356
4773263,158491,80.50114943131426
4773264,338391,542.0405521294022
4773265,1004557,344.43241610460586
4773266,442479,378.4131167401257
4773267,1249242,560.1117678177553
4773268,840064,790.2470172239501
4773269,1900753,778.2615562525905
4773270,642211,428.6686705610556
4773271,1702583,482.7357873983039
4773272,1356781,306.40582231924583
4773273,272634,738.8606272770486
4773274,527557,806.1808289417319
4773275,1804278,417.5179610114629
4773276,1804673,82.60731085932771
4773277,1641528,195.47008343155025
4773278,1134754,437.019807833791
4773279,1667746,683.4697978056338
4773280,227576,996.5844590542455
4773281,248734,487.4480160389834
4773282,629741,96.76807760488305
4773283,1018332,182.99445711499052
4773284,1266223,389.2793528627705
4773285,1250682,761.1378671767167
4773286,407644,489.5814173674526
4773287,1804966,733.7026797895807
4773288,807225,84.79185474897389
4773289,1889221,734.2180318081685
4773290,434894,791.5183067415921
4773291,1376805,460.149711643041
4773292,1737393,187.21882948016167
4773293,1000259,963.4538416026596
4773294,1596986,776.4385350769195
4773295,1932399,95.10245150226481
4773296,664418,925.1725923793216
4773297,1976410,368.6152682670438
4773298,1241386,253.1253699693321
4773299,504003,550.4255484605824
4773300,651234,299.85917302081424
4773301,570176,259.20214103303664
4773302,104996,956.5022547564286
4773303,1384977,391.9465181540388
4773304,969009,0.9138160353703295
4773305,1981204,20.349415518040924
4773306,1848516,599.8302239237769
4773307,496928,402.7642488085543
4773308,275601,755.1599250620374
4773309,675114,216.19602088547762
4773310,1128347,990.9499627212772
4773311,1911779,9.415683895865223
4773312,1789110,785.7269478480963
4773313,1194182,94.27887248953625
4773314,1363258,760.3412512268268
4773315,289499,106.22302146598162
4773316,375294,247.04835737793164
4773317,348842,323.208114541761
4773318,1965500,173.48557963810728
4773319,2416,946.1434995195144
4773320,1534362,941.4519582855439
4773321,115145,672.1895903543918
4773322,1016640,432.92267323068
4773323,648456,870.59321387771
4773324,1590355,109.43493650625568
4773325,502145,208.0633915239335
4773326,1287969,435.5566476628849
4773327,1961351,678.8676064464963
4773328,301663,237.24606481273392
4773329,555620,865.6553349269565
4773330,55940,826.9574843990312
4773331,283883,28.41435517784008
4773332,1130086,36.78794598044411
4773333,1762964,453.4625948772268
4773334,458555,139.03710283215398
4773335,1723124,128.60997813627918
4773336,1409458,173.11615367292043
4773337,630912,385.86455962162324
4773338,584559,646.4839490316837
4773339,1514924,462.65948629039957
4773340,1717890,290.6206293882327
4773341,486508,759.5742187278241
4773342,935300,143.22914067784697
4773343,1534289,990.7907447890108
4773344,580588,962.9347922565447
4773345,527198,999.3030894149585
4773346,122402,387.19571104662396
4773347,1720524,860.8927128462203
4773348,8482,352.24113775469243
4773349,134679,662.1843312654204
4773350,566027,955.859367457291
4773351,108234,781.2669449445694
4773352,682519,849.7148762825283
4773353,95642,900.527240440467
4773354,749451,408.0938545554941
4773355,268772,357.4941609418568
4773356,1914541,120.43324858843275
4773357,353755,23.220878703917425
4773358,1844405,14.325589033922004
4773359,1032335,955.4970724725575
4773360,716375,78.3007684456517
4773361,1946895,848.819829642635
4773362,814013,5.9707799161905495
4773363,1844878,89.65246769959523
4773364,1302946,780.2926434053276
4773365,1565640,403.2717463996841
4773366,1922232,72.46170020580622
4773367,707270,504.5440800693354
4773368,1581840,266.26760865266107
4773369,176777,755.7700334636604
4773370,1365475,832.6300947814444
4773371,937514,134.3712164714296
4773372,1672675,13.20586556699177
4773373,1683726,723.6718509608669
4773374,1461794,874.0519669970782
4773375,55213,234.50638006908608
4773376,148045,94.20845697364078
4773377,497878,688.4700075135197
4773378,1652579,466.7929874389355
4773379,534410,338.8331116895944
4773380,1106289,52.704243484772206
4773381,1685653,206.92164902778686
4773382,1765341,13.325224821047254
4773383,1710558,226.0022847361386
4773384,1051055,547.2059897945644
4773385,1016967,500.4494262639258
4773386,1553618,470.7043576375409
4773387,1899056,427.74828343233804
4773388,1946066,657.5538652851626
4773389,1786360,459.1598950655018
4773390,589476,259.5585659128482
4773391,891486,224.2507945407204
4773392,1464458,158.54269534841882
4773393,1842993,730.1235379788906
4773394,1352016,841.1073045961858
4773395,1105189,71.99650783752631
4773396,1951789,189.13922999103448
4773397,1339604,609.969825277665
4773398,1724429,691.4194753952461
4773399,392831,125.57595022545298
4773400,1803393,47.05129273997777
4773401,520400,892.6061504621246
4773402,260906,166.1262833613143
4773403,39171,706.7409600117034
4773404,474950,540.0918617019308
4773405,1435960,330.30440547061215
4773406,158308,917.3301447921484
4773407,1297204,198.74533393187133
4773408,33524,62.72579438141346
4773409,964098,991.7479231783834
4773410,1907397,607.7228073203642
4773411,1781236,569.8154601329277
4773412,630352,192.7595775166907
4773413,833129,362.3716846608286
4773414,1532887,8.297363118180968
4773415,382780,714.1052397899587
4773416,1635863,98.52383027763511
4773417,34398,205.96302607447203
4773418,284362,572.0606438221408
4773419,1671409,921.4528076903719
4773420,1800030,805.6645799324376
4773421,1428437,2.4974763151421886
4773422,1164291,947.2083646717144
4773423,931311,267.31785464699175
4773424,89372,317.0943009448961
4773425,108226,667.1496669406972
4773426,1408380,530.539222203965
4773427,364628,715.8686464746563
4773428,786534,24.234615304856266
4773429,609812,234.78189678494076
4773430,1105652,372.63391338238824
4773431,1288554,246.6620678913053
4773432,339501,581.0949803801101
4773433,1503348,161.81768713191025
4773434,405924,183.7124979092798
4773435,1353766,191.59671275525315
4773436,1043241,772.5524705933175
4773437,1916598,620.4670529585061
4773438,1511885,140.15695111212645
4773439,1696200,346.667299218533
4773440,1180887,742.5067465234233
4773441,1341633,32.856427948888545
4773442,1387295,904.0342620416418
4773443,1478592,702.5235860706022
4773444,1020673,833.6779544990022
4773445,1104847,391.1094171335905
4773446,1956864,886.9115414423757
4773447,1325060,319.94434449278384
4773448,201498,827.5629641616111
4773449,957279,192.88407407838093
4773450,781448,909.3853749461388
4773451,715367,582.461600805324
4773452,1151389,12.275294184927898
4773453,1130532,610.6729448575161
4773454,1986429,307.42520821396414
4773455,568621,114.67983267251691
4773456,59465,294.9416828204926
4773457,369554,768.3635959047087
4773458,1944962,565.3246360129134
4773459,1842722,45.441774566807425
4773460,1413334,675.8292468080244
4773461,499014,55.191336699655366
4773462,1265501,810.6002146908028
4773463,730810,719.0661558083482
4773464,1114462,943.9710321565335
4773465,754513,298.50541833312485
4773466,765695,989.1672816733154
4773467,730688,250.1232867418446
4773468,1933573,215.94645558806525
4773469,1516891,943.4337655222399
4773470,1565040,288.72352730762464
4773471,32826,722.3965460259767
4773472,298710,321.6325685332484
4773473,1945199,928.9730483196039
4773474,244035,399.1922701296299
4773475,1742861,473.7324813873093
4773476,1997298,479.7492589394694
4773477,1123981,945.3868577350225
4773478,1692838,116.46706423036134
4773479,237435,630.4061505746441
4773480,334057,966.6834944843022
4773481,1896506,721.1086859235897
4773482,1506875,816.4408834239804
4773483,695305,410.93129000609207
4773484,1498192,336.70345074048447
4773485,764780,748.5575266175227
4773486,1858599,342.6662003734687
4773487,1760842,420.31062608522376
4773488,492872,265.5914022046586
4773489,302630,216.20613039691506
4773490,1588565,263.1326700246499
4773491,1879681,551.7953583969303
4773492,237610,112.97773455494409
4773493,1519002,770.0063009198126
4773494,1159134,344.5582117915481
4773495,235547,825.0352894565744
4773496,73195,759.6810414925953
4773497,1711101,824.3273917950302
4773498,650794,994.7477045516816
4773499,1516099,285.95726643186845
4773500,82200,404.85413971367433
4773501,3947,298.1855217311207
4773502,888046,893.871329359551
4773503,1505937,944.1750503159353
4773504,291731,372.40193629011395
4773505,1500902,79.1039855078891
4773506,1791985,943.5587936957032
4773507,277003,913.4589652353097
4773508,988177,114.4980917501205
4773509,1871789,32.193947575821504
4773510,1083366,564.1620985270223
4773511,1521854,657.4248426461137
4773512,1119536,722.6365518410087
4773513,1288515,415.7268746414624
4773514,382007,393.87730637121166
4773515,663,391.176986030046
4773516,361249,115.90477091900375
4773517,1589867,342.91292137520355
4773518,921195,525.1449799054768
4773519,7674,104.86582712123361
4773520,1293098,29.923423043719644
4773521,1083011,829.5654935285155
4773522,1798535,56.210712684330424
4773523,837275,857.7951388621427
4773524,434111,587.6905252704892
4773525,1896872,25.349974134597385
4773526,155500,479.0556824608776
4773527,319767,376.67313106281017
4773528,1042582,220.3584238279467
4773529,1083723,526.5528508459054
4773530,1726826,393.90406803378477
4773531,40085,885.1614318418254
4773532,653321,428.3087393450096
4773533,1519122,458.05319740171024
4773534,1638021,603.5032759890273
4773535,1645581,480.7609939419698
4773536,1568802,713.2238373023025
4773537,619835,180.21798323085181
4773538,930846,294.8467344609016
4773539,1559089,401.3177823652453
4773540,1122318,248.4326985793337
4773541,123801,100.1189280927256
4773542,1384081,873.2867574335545
4773543,150200,844.5602068971991
4773544,540721,116.22187163056685
4773545,1270985,730.723085234175
4773546,649840,850.3586567614401
4773547,1236340,503.57443074968745
4773548,1536910,969.7593951910532
4773549,1161535,703.8043601998777
4773550,990610,23.872797634071794
4773551,22575,655.7278884146109
4773552,1700513,72.73806060076637
4773553,1369524,834.4090519284721
4773554,1555010,222.16700092921448
4773555,1446259,270.23943648952155
4773556,206522,80.62021251345386
4773557,1702482,587.6784960596636
4773558,1606135,928.4595955647538
4773559,10812,901.5795183957384
4773560,1922477,853.6749814336154
4773561,1007634,861.6953658932457
4773562,21571,335.04141671357957
4773563,1128310,366.81444489152545
4773564,1766672,506.3884370698827
4773565,194638,215.97982146627592
4773566,1726519,604.6091303844045
4773567,50959,856.9743237143422
4773568,84350,60.318364150846016
4773569,1733172,284.2854446568018
4773570,1782557,919.6845909239242
4773571,1775492,223.6673881140564
4773572,1592610,743.2956674496365
4773573,1454686,459.03297500093623
4773574,1243650,116.66979787077703
4773575,428363,61.92709174967115
4773576,126149,597.0573265182873
4773577,904238,987.850926386192
4773578,412404,527.1759927054021
4773579,264659,631.6060401006939
4773580,56078,711.3592309677039
4773581,1513880,406.4860203815153
4773582,867353,834.3861440590778
4773583,1305069,62.44433075301714
4773584,1190464,831.9086291012735
4773585,22532,834.4925382235491
4773586,1800286,984.1214509490769
4773587,370238,581.0918818191878
4773588,1928769,974.5085706840612
4773589,1987321,411.5134879631841
4773590,1563565,342.0989281846681
4773591,939188,312.16055086106144
4773592,192875,667.5940628112703
4773593,1858560,882.1787472332561
4773594,1722374,499.884506558089
4773595,1669525,399.99191955892456
4773596,1046759,320.88616641521816
4773597,890682,448.63527340056385
4773598,1477061,626.1337419333556
4773599,1946660,381.48411633488234
4773600,1532769,945.7682833890149
4773601,1433285,745.4863877467953
4773602,906946,659.3909080619298
4773603,1134915,652.6472234488867
4773604,1450510,766.1523749983473
4773605,1162614,7.4062774508917295
4773606,1097017,748.0639031268097
4773607,1164787,553.8070928764528
4773608,536954,278.3401954169342
4773609,1700133,957.3665364299464
4773610,1172776,531.6646947248677
4773611,232785,829.2564730821663
4773612,1846766,626.9111706644159
4773613,1781140,882.7817432638471
4773614,908407,957.757342542789
4773615,1663671,319.1697888138531
4773616,232791,835.3508957404538
4773617,1819146,434.5561742899056
4773618,644581,518.4170061839942
4773619,1448107,969.1643212940473
4773620,644219,502.91131184601767
4773621,424097,479.7551946087324
4773622,689634,540.9442409617825
4773623,1710834,783.4701646403903
4773624,544151,336.56654204850634
4773625,1052904,635.0214302630268
4773626,1576183,356.812966913037
4773627,1057839,465.3365916204871
4773628,611581,831.0827278690349
4773629,1794271,880.1091529571112
4773630,328050,174.42559459917928
4773631,1270785,544.5367358480751
4773632,162039,674.033357143278
4773633,130214,82.73793816587072
4773634,1101928,59.51955586361757
4773635,978077,492.4631417556651
4773636,1268629,637.7244440351627
4773637,1145604,166.7306895885702
4773638,614625,467.7462126780545
4773639,439046,352.80527873314935
4773640,354731,318.27999841596187
4773641,258482,848.4015053863591
4773642,781362,66.33359707152464
4773643,409875,33.663407588928386
4773644,438901,823.1047060523746
4773645,1987743,756.9466310330108
4773646,52105,105.28993470497083
4773647,1086267,519.7780900924322
4773648,1547611,540.8343852682257
4773649,479145,429.93541020785096
4773650,1886793,634.1291698127083
4773651,1070580,765.7394357703314
4773652,1569864,6.1135549743720485
4773653,805854,352.5767165560995
4773654,558550,479.12793467882807
4773655,9725,388.463568418597
4773656,1614415,62.22088801710435
4773657,1332601,890.3613296990447
4773658,1677235,353.56193071963594
4773659,1429640,156.490752936554
4773660,795075,732.2182478115616
4773661,290458,638.0242452740052
4773662,27097,567.6582777250942
4773663,883625,326.9792237329285
4773664,901577,137.83406509533202
4773665,1987569,549.8369104076754
4773666,632826,402.9389516349733
4773667,360676,751.1196884547354
4773668,1200935,308.807455183173
4773669,802151,375.70753917700904
4773670,227555,154.1793783940405
4773671,409388,801.0006096198064
4773672,891611,845.7855794414232
4773673,140241,379.209991572342
4773674,1786905,489.089847371479
4773675,572724,728.06787820983
4773676,104900,780.6659027183108
4773677,340513,279.822847457344
4773678,1837069,687.3247666073914
4773679,1988102,221.11574388991306
4773680,1428991,587.8318239276507
4773681,1395954,41.80280466836561
4773682,867413,633.8100535995333
4773683,376890,193.4448075831443
4773684,1386618,193.68634731747437
4773685,1355861,811.0243918456264
4773686,323314,601.2626499139368
4773687,1038871,337.7476705097392
4773688,1122830,197.53520766827293
4773689,617640,919.3133010401586
4773690,652305,935.456231508472
4773691,562331,322.37555472158584
4773692,383474,591.2624734557104
4773693,1821233,447.3127559770335
4773694,1795261,342.99468893551045
4773695,1992445,978.5156567448375
4773696,110568,520.6575789002181
4773697,1266726,150.94076907585264
4773698,867760,747.1053521848116
4773699,1825037,846.1538380756465
4773700,1489337,175.74202109749893
4773701,156372,262.38438366588525
4773702,15330,67.09384511062343
4773703,153570,916.8084611352697
4773704,1632306,443.4509031184406
4773705,1809368,304.600006526188
4773706,786073,253.25005039050774
4773707,938374,600.1963681883054
4773708,1135044,792.9682617378847
4773709,569950,740.2563980260212
4773710,77183,340.21203184273884
4773711,313523,287.9497153021001
4773712,1687406,186.61283345721225
4773713,371117,703.8675842999245
4773714,576703,52.52658276624245
4773715,1287278,656.8925863015094
4773716,1093695,940.3293796858173
4773717,385738,673.0256125351306
4773718,1740777,901.329004677992
4773719,519213,509.7659443233875
4773720,909108,995.624894087529
4773721,574521,106.6498311757702
4773722,58066,385.3898987003156
4773723,1872388,821.791895724921
4773724,1031104,568.9054394724612
4773725,1969460,208.24658494325942
4773726,137515,896.510743261743
4773727,886290,565.1918041500902
4773728,1376354,652.0039685763227
4773729,1300780,458.48931436155925
4773730,1055511,275.63989269324543
4773731,1992853,628.3877403222598
4773732,1138910,676.6535917542194
4773733,1910421,494.11746187243364
4773734,1021329,919.7367294228544
4773735,864935,652.1060922594689
4773736,1911179,167.39869763540904
4773737,1505542,399.17226998136124
4773738,135181,868.4653655212792
4773739,1096336,634.0437966796256
4773740,548786,585.8157989639375
4773741,427698,257.1553347956614
4773742,1225954,615.2932743150967
4773743,1095207,312.40139502893504
4773744,473967,164.02947352060548
4773745,1402817,272.5629980736287
4773746,309908,599.8014783142669
4773747,1900719,97.98663328683921
4773748,438064,445.5058696325196
4773749,1576418,703.8450162292635
4773750,1282603,310.9293027074981
4773751,1519061,591.8164969223194
4773752,1426613,254.78592304227342
4773753,1547400,298.2338055490955
4773754,1576464,483.89673153221156
4773755,96130,964.449560361736
4773756,1471759,464.63177822588375
4773757,1287270,300.2366136614063
4773758,398990,309.91402903233524
4773759,35894,265.20426079818947
4773760,728699,557.3598256668329
4773761,287712,763.3460409557044
4773762,1434861,711.9347750810417
4773763,1770156,142.50961352348236
4773764,1532141,516.6121128487096
4773765,947780,199.88670321910595
4773766,172524,216.86660620585562
4773767,1041950,631.3689598455802
4773768,78642,460.37226856042577
4773769,1538617,70.6489210834722
4773770,1364012,8.761372037394688
4773771,36780,876.5775193705027
4773772,897441,240.2024075276341
4773773,472288,133.61703734910913
4773774,301215,254.87655229467688
4773775,1965618,784.0563523697997
4773776,303168,591.5433016297005
4773777,359474,339.0153213665326
4773778,594408,841.1818364861728
4773779,1227977,934.1662617375143
4773780,1358209,411.70217462787195
4773781,1379125,16.35676027858257
4773782,1397663,329.9876107734019
4773783,295393,639.5867859957631
4773784,136019,223.83724979150256
4773785,1717747,289.91792743188716
4773786,1543962,390.33462175767374
4773787,680347,616.1186783071992
4773788,1893185,500.61505472829793
4773789,966554,758.4180761970462
4773790,1306937,695.5932522596995
4773791,1030056,83.96259516040516
4773792,100190,394.68966366329397
4773793,1921737,246.83710754109757
4773794,1081132,818.2058615281927
4773795,454176,801.053112772039
4773796,471147,659.262019382001
4773797,928259,184.06593819834015
4773798,1854630,12.260911281421372
4773799,1646492,729.821436067305
4773800,1797466,380.90413213446817
4773801,82051,393.4729212439372
4773802,638070,695.4855574018978
4773803,1479767,860.9351048367529
4773804,581702,384.09086712599606
4773805,1700327,427.37717859726285
4773806,1984007,112.54030420762484
4773807,1144267,161.54086152860236
4773808,1800045,157.11186318762094
4773809,1080995,337.8324270156997
4773810,349477,23.539056789787296
4773811,1441829,220.2667324693234
4773812,1437362,280.05646489785164
4773813,187587,858.0055637693075
4773814,867583,707.1849137490861
4773815,1780642,957.5310478091285
4773816,688184,445.18523502406094
4773817,427726,245.075756591145
4773818,1082749,797.4289016874402
4773819,1431857,498.6299197877448
4773820,174878,363.2346909387627
4773821,1994700,589.9451627106943
4773822,1017217,448.5371688198154
4773823,195880,657.1813328309652
4773824,116963,581.7815063346583
4773825,1244276,237.3278376896365
4773826,1660540,329.9162954629057
4773827,1201471,794.2368564459225
4773828,724708,955.3789302449416
4773829,1657605,630.5883878422088
4773830,1259654,365.1843926555138
4773831,1991890,866.2798122699836
4773832,1614606,817.6940785722309
4773833,814974,320.76430863489804
4773834,1287637,103.59321903613505
4773835,1153932,744.0758803478357
4773836,1497731,571.187679254332
4773837,169795,42.50525714739639
4773838,446027,802.9322211960167
4773839,26322,577.7823046620888
4773840,923061,834.582550144149
4773841,773048,505.61369717528606
4773842,1877205,848.0129059830431
4773843,1701621,792.3903957850722
4773844,1679242,608.0946208322182
4773845,149061,308.57771956652556
4773846,1184177,187.7404189518622
4773847,1694669,67.17747037271205
4773848,1332876,527.9976104889788
4773849,1160788,749.105704138903
4773850,701484,746.5112378265571
4773851,1994071,660.4083746778284
4773852,823566,551.043129390158
4773853,458404,161.14284461624763
4773854,1604711,575.399932761882
4773855,1211562,658.2365909655607
4773856,23704,983.8847403772996
4773857,1103595,30.263594442485275
4773858,1912171,197.06678408971467
4773859,1267955,349.6071391407515
4773860,1394498,9.318034554098297
4773861,106186,710.9080316073896
4773862,114196,6.932637361768523
4773863,364550,112.82833561227312
4773864,847609,893.2770496847639
4773865,818015,128.69051732930026
4773866,625734,972.8528073459977
4773867,1697242,585.2704531813157
4773868,30352,856.9574332090303
4773869,221116,763.87624710508
4773870,939997,37.18690057960883
4773871,1361630,866.3681505693046
4773872,627098,592.6429225564259
4773873,1743432,245.5611360138702
4773874,1541931,693.6573622031432
4773875,64626,601.4196085626998
4773876,1116772,268.73050968837475
4773877,335482,869.1840469771262
4773878,978321,272.7814486855581
4773879,377924,449.62389688582005
4773880,174900,1.6222916974808488
4773881,1490601,85.9214025860986
4773882,421624,147.87260932344427
4773883,331707,657.7990561630294
4773884,1933117,625.2536301794823
4773885,689145,700.1978632607991
4773886,1852674,0.5005018649162363
4773887,1415430,95.74469657855123
4773888,1955279,327.4990437674452
4773889,203396,381.6581576242094
4773890,508574,292.6317507030405
4773891,1379579,497.1527237510676
4773892,463172,252.61570651133835
4773893,952207,789.7430544288637
4773894,984804,735.7863549905991
4773895,483021,292.8472785861216
4773896,1635354,246.50943463258645
4773897,295435,37.19274989817911
4773898,369529,705.5230158416285
4773899,1987277,897.352092160196
4773900,1772934,104.28918620505712
4773901,1423670,147.1015092089083
4773902,400734,361.7622374649501
4773903,315706,403.08432533835236
4773904,1408030,168.64355860558246
4773905,1530333,646.2531805928596
4773906,509079,328.3810068884324
4773907,1781672,841.3079235601365
4773908,540815,665.3246000678784
4773909,1126583,123.05327082846563
4773910,1692182,489.34820580529606
4773911,1131512,941.1486830297565
4773912,1378520,963.0504215821837
4773913,756897,897.5570368686489
4773914,513953,594.1192041775569
4773915,996611,649.3077723477596
4773916,729675,793.7148766969387
4773917,347882,333.75663147911905
4773918,1328520,658.6294456886299
4773919,1500016,602.5592663047935
4773920,1841459,908.1776519234339
4773921,377386,355.0673326218686
4773922,1159103,931.5476818874627
4773923,636887,806.1985166230488
4773924,1935364,506.0439325662388
4773925,438460,405.8809704075256
4773926,1377504,857.9222578896103
4773927,1322464,88.40545634997865
4773928,1812840,631.4094038457544
4773929,990987,811.450672695579
4773930,563035,658.9652595819774
4773931,1621576,744.4055901183874
4773932,1996500,413.66857272167124
4773933,286542,95.62243394169766
4773934,1574196,522.204836981443
4773935,1305721,419.6437448432182
4773936,599529,737.9888283902493
4773937,1266252,414.6531678252954
4773938,1217978,269.8072964566739
4773939,368786,584.6487878578197
4773940,1579935,38.373026132490274
4773941,1405126,834.74964655864
4773942,1549479,863.3896229246186
4773943,1742006,473.3791004829947
4773944,410315,763.2108540686555
4773945,1325359,914.1231221782249
4773946,925237,373.3870610292801
4773947,760426,471.9634608685588
4773948,1392185,599.1944648840667
4773949,574533,609.7907812371744
4773950,623903,764.6494120181745
4773951,1731083,682.7505061966763
4773952,1450521,387.8762303938607
4773953,1613085,221.2381182468266
4773954,1093240,85.37944822706555
4773955,178384,526.9735845819981
4773956,219892,877.1195547256718
4773957,1227193,197.70913764657038
4773958,1699608,406.67260039240807
4773959,1443196,395.5973703388705
4773960,1738857,609.5831337356334
4773961,1262369,519.6218644056268
4773962,120477,452.09811581249915
4773963,1103246,173.15318430554538
4773964,1200382,533.204632351014
4773965,1269736,351.5936231632508
4773966,815079,885.0322855496353
4773967,1467383,369.4869634127745
4773968,1014603,703.8415607520649
4773969,770288,644.2821699822072
4773970,1123320,215.00402097268966
4773971,1319323,570.2864393871504
4773972,1566427,47.740565459951426
4773973,1832043,739.4103014044844
4773974,114726,338.90340612765846
4773975,915684,94.74954810822611
4773976,812425,865.0354706775875
4773977,361595,113.56339451700303
4773978,1700113,226.50542299767096
4773979,640087,880.8791131775973
4773980,972057,457.27472923997146
4773981,307152,965.2357705958983
4773982,1551112,133.59692291708913
4773983,1255875,235.28742438680504
4773984,1347938,456.70669468898706
4773985,1887409,342.7650176358006
4773986,668210,246.4569269891681
4773987,1199861,855.4622671648868
4773988,48611,77.58122424600111
4773989,1295336,329.62451864639365
4773990,211999,996.8968906118268
4773991,773543,42.22766200148242
4773992,913500,653.4089364881617
4773993,1000456,604.6236899160292
4773994,1474802,915.2601474308321
4773995,236604,712.4442888866784
4773996,1351505,905.1700750239197
4773997,77031,533.0942220229811
4773998,1594140,869.3166958639682
4773999,1759202,187.55705055733418
4774000,617217,118.14921439931192
4774001,704908,297.0252827041925
4774002,1865386,204.76668729078318
4774003,426679,898.8445188273198
4774004,1000200,715.5296177099199
4774005,1091126,992.196102138689
4774006,575505,807.4202807632281
4774007,4177,73.31722564829424
4774008,1339310,5.305140175722145
4774009,700092,89.39326687834115
4774010,1787316,218.09283319371264
4774011,442392,556.1270676436862
4774012,1733371,519.6442155373967
4774013,1482472,185.5255280283674
4774014,459107,432.936421619011
4774015,276441,839.5658599770221
4774016,1143060,598.2975365380729
4774017,995124,290.71073140239446
4774018,1694318,571.4130084780151
4774019,906334,873.6538647278755
4774020,855548,44.023323236198394
4774021,1503224,442.9275607841876
4774022,381351,735.3947213300155
4774023,5467,883.1902582142491
4774024,1479298,119.63092565120658
4774025,1549362,326.84231965027845
4774026,1899639,2.677620692970839
4774027,544371,972.999242633474
4774028,1062228,341.2653676970073
4774029,703761,266.81571377292966
4774030,103927,952.3202031165418
4774031,1216671,485.71148256228105
4774032,1946733,953.1266627809332
4774033,833597,789.4986575524689
4774034,1073809,710.5515686959609
4774035,1804027,565.6455338396222
4774036,494255,934.8560726183316
4774037,1049589,661.8804202425206
4774038,23715,379.3818025692962
4774039,1152755,583.6017667894216
4774040,959523,791.102107601386
4774041,17850,613.5844241834848
4774042,1366258,432.21672406787593
4774043,1720601,441.8864539833447
4774044,542929,130.51314259018488
4774045,284494,449.59155060840783
4774046,682590,438.63301749202765
4774047,1677766,318.99536666402884
4774048,866684,745.4467873922605
4774049,1290231,609.4777566039536
4774050,902557,505.0377341590563
4774051,984708,504.3716303314968
4774052,645228,294.93380405130796
4774053,543170,348.6580981490469
4774054,317632,177.44845664515495
4774055,814545,668.4604366335969
4774056,703942,721.1574972683569
4774057,1471314,124.13447137647226
4774058,1159259,103.7828669131956
4774059,49962,527.7578373702162
4774060,1618543,534.0596233829076
4774061,1741649,506.786238563451
4774062,1090908,12.584319111765495
4774063,1566946,660.3211217536852
4774064,629436,692.2935883517662
4774065,1028041,366.00989377733026
4774066,172718,907.699906081365
4774067,184065,577.7776148351315
4774068,225571,68.10664705559321
4774069,1887042,14.48702012921055
4774070,1778364,970.3934792830169
4774071,155838,380.690764933628
4774072,178254,844.1747041463162
4774073,1812930,296.5571744816711
4774074,538453,749.6662565661833
4774075,442342,245.8352180393606
4774076,908814,405.5087312898711
4774077,870988,857.2538754671616
4774078,1098006,980.6481003837727
4774079,470133,713.7818561623664
4774080,472646,112.70282578425272
4774081,854627,748.1677365035359
4774082,721227,850.6898017698562
4774083,1642421,472.35842143147755
4774084,1283300,397.78030563587885
4774085,1562292,481.43742315733516
4774086,1537270,548.8932851926413
4774087,142402,250.3391478944036
4774088,410511,932.3935832044085
4774089,471515,413.598892504744
4774090,1441612,540.0857491734613
4774091,1847666,136.73600016316544
4774092,496528,461.6602955629757
4774093,794130,888.7165813390242
4774094,1371240,645.4848351919496
4774095,1608506,614.1261895790237
4774096,1270729,68.29300874988564
4774097,1416904,220.74992651048174
4774098,1947726,89.45712201604216
4774099,1814905,607.332876505343
4774100,1413340,204.27174797896453
4774101,1353652,107.08467531315536
4774102,1131481,215.10874628261345
4774103,345402,220.7856587954171
4774104,852168,459.1885734327177
4774105,1549258,220.95043703490236
4774106,1532436,975.5393851245193
4774107,469473,438.6259758312956
4774108,684832,825.482139756749
4774109,1187536,886.8541587774941
4774110,1278570,26.66418083988942
4774111,132573,373.29616412951594
4774112,247521,598.4212129455658
4774113,1221206,318.1822111179411
4774114,9268,299.40168716858386
4774115,1992105,330.80563375252467
4774116,1040332,306.3018016165215
4774117,555882,403.52737391300695
4774118,1382419,884.164883297202
4774119,1034121,292.2817296409535
4774120,1156982,949.7316068239923
4774121,1625056,9.350231482330162
4774122,121302,821.3187629347296
4774123,1285260,619.343048241533
4774124,1645135,343.11257953861605
4774125,1029259,632.2601408088683
4774126,1627968,346.1225367070185
4774127,1291712,842.4353688758707
4774128,1503626,913.2396642652278
4774129,1024785,696.8073986530976
4774130,642231,839.6993692129464
4774131,1707099,395.9365085022324
4774132,1427580,286.90453543119196
4774133,1496625,760.3379391832234
4774134,1701910,326.0515496151438
4774135,493866,357.286806667767
4774136,629023,291.6473833785431
4774137,1714904,932.8222482629067
4774138,133234,883.4787727523335
4774139,606127,776.9928301940643
4774140,673150,878.4792113720445
4774141,22425,582.4068065694212
4774142,321074,782.2124438039203
4774143,480513,842.0302779531553
4774144,626198,376.2182264382947
4774145,1023347,586.5003293944308
4774146,440330,193.61742227657254
4774147,895448,804.4684826991875
4774148,445380,155.06885468141584
4774149,1408554,36.611541514036226
4774150,1421560,203.85730995186847
4774151,119528,774.2581598593125
4774152,777159,12.822162038322983
4774153,727536,821.5423605574183
4774154,1321168,650.2437323371616
4774155,589554,462.091536925913
4774156,1894110,599.6602304735935
4774157,1533342,409.2231124789809
4774158,616317,51.63952247197467
4774159,322654,399.99233227315233
4774160,1249988,221.05311199453138
4774161,635482,673.4446106227009
4774162,1592139,485.20179120489723
4774163,813828,255.4296404901728
4774164,1194069,345.35639971217944
4774165,205132,811.2677359250803
4774166,1812441,364.82309664018453
4774167,1315153,952.4582532208402
4774168,1595598,450.43368446732137
4774169,1103220,546.9637309592833
4774170,1792866,679.314942262574
4774171,1840377,756.1139791845272
4774172,915882,329.573970270713
4774173,1056701,347.9967222092921
4774174,978500,568.1296127328021
4774175,301586,172.84713609070644
4774176,334508,975.4202081892794
4774177,439135,911.9135463275163
4774178,1970956,582.2997475941781
4774179,1883018,378.7615131023029
4774180,577709,890.1098176578888
4774181,1214254,0.882437962941407
4774182,895331,896.9940810938712
4774183,419574,442.5303721324192
4774184,701582,771.5101884626346
4774185,1228487,266.74203917879424
4774186,16341,781.3049778033611
4774187,1941659,770.490442426736
4774188,1817240,916.8970061972725
4774189,419334,99.4724653607425
4774190,206948,218.90487928901015
4774191,480531,375.62577345110606
4774192,334035,792.841190612092
4774193,971589,899.3152394046372
4774194,1708170,406.25977698343894
4774195,1290692,778.0440071827633
4774196,592165,337.61204363403385
4774197,1056434,608.9970967009982
4774198,206589,798.2465516206912
4774199,102789,172.84379671142858
4774200,1082879,632.2952541611693
4774201,1108691,48.01208399177159
4774202,837122,874.1671401019803
4774203,315924,416.5207209491281
4774204,940476,314.00268310434586
4774205,1938433,131.4060331899216
4774206,398863,482.39049623495254
4774207,1080159,608.1478882572609
4774208,291833,123.60642439206215
4774209,1503981,657.2897233546859
4774210,375741,569.128353411347
4774211,1150505,844.2393557125338
4774212,780960,437.319320035521
4774213,988222,645.8932633378156
4774214,1267180,687.4751438027496
4774215,441687,66.17371810097895
4774216,716690,869.4177263747924
4774217,1629975,692.1635676017099
4774218,236370,734.6311809358488
4774219,650381,220.98614908696646
4774220,663136,194.07939986139522
4774221,6687,529.5864502826249
4774222,51044,443.25748601246875
4774223,804919,192.60329106452966
4774224,114459,788.2593017357233
4774225,1478044,652.1063280460262
4774226,269752,812.9957168558797
4774227,554470,479.12366983053136
4774228,1837727,955.6625296768192
4774229,1710774,177.00547018066393
4774230,1143754,333.4818059902961
4774231,589493,758.4725923193366
4774232,1315929,541.6915969203726
4774233,1587386,154.6458014623362
4774234,1140583,374.8767669506626
4774235,282030,819.1199608409894
4774236,1017953,809.6080259190979
4774237,852735,428.1268174209308
4774238,1327805,744.3413031864226
4774239,537734,26.80444199528287
4774240,1251286,88.96046703295856
4774241,1038968,496.72264496690445
4774242,1385741,755.7438433978737
4774243,1014753,826.1636676403712
4774244,1109650,635.9816000314453
4774245,851449,359.3992194145785
4774246,568420,688.5839448826605
4774247,1048917,205.18259355261125
4774248,643333,932.1273451218709
4774249,1608680,951.5856155160869
4774250,1952119,336.3052533700356
4774251,1936130,796.2947492187704
4774252,267650,883.4950859357624
4774253,775767,913.4779964873749
4774254,74253,257.48978775015075
4774255,232000,625.1804981982654
4774256,391190,832.1998409608017
4774257,609522,239.08162704889824
4774258,1362274,558.4677789908577
4774259,604243,394.62088273849395
4774260,1962118,59.57510350001671
4774261,1780343,370.8999124792467
4774262,73060,151.47857198521308
4774263,430674,961.4029265512737
4774264,1150822,699.3713396108449
4774265,1603004,736.3258314123694
4774266,1665478,884.9545914402272
4774267,1827547,817.8761054529787
4774268,408229,153.20806028306066
4774269,1643627,807.5051377369733
4774270,1076275,133.4990310473192
4774271,202811,138.16475978063968
4774272,346155,903.1543254402155
4774273,99305,58.200697640673596
4774274,1425411,717.2178874576095
4774275,1688521,141.0449512119275
4774276,1322699,27.672409649343145
4774277,802255,948.3656621570084
4774278,1027637,333.8037317529017
4774279,1024227,294.65838195852865
4774280,1856526,404.83618988962564
4774281,144264,852.6514608959599
4774282,1130414,250.74034203691974
4774283,838383,30.23087137243796
4774284,327327,394.9369934873546
4774285,1944565,848.0166496329886
4774286,1141428,488.4065770830579
4774287,103660,650.7718611387276
4774288,499613,990.1266732095003
4774289,1608938,837.4158921773144
4774290,1104988,883.7968966747273
4774291,120871,680.8352380968295
4774292,1505997,416.6294950503233
4774293,948876,993.0979100256102
4774294,1549021,836.7482980217789
4774295,1962166,323.59178994931847
4774296,887570,190.5498355996905
4774297,734005,848.930064598531
4774298,1455215,293.91706454999
4774299,682991,929.5130527253407
4774300,571280,778.8458200268929
4774301,147123,591.1370060214948
4774302,71700,893.0206508682378
4774303,1004530,640.3461030709238
4774304,755467,96.03646737530013
4774305,1528903,780.3546234369627
4774306,1690400,466.7475396522126
4774307,376645,237.55877010462123
4774308,685814,732.4097991478484
4774309,577741,938.1216216300309
4774310,750081,510.2898858259083
4774311,1924250,584.6904155961464
4774312,1094986,110.25686527063239
4774313,1379100,785.4280952801485
4774314,584933,873.1327466823113
4774315,367178,967.4455598471768
4774316,1790883,46.80461104759448
4774317,675515,695.3749730972821
4774318,782424,548.8932505380698
4774319,1182916,42.26859063224575
4774320,927954,936.5876209291197
4774321,1378916,823.7923616250393
4774322,1709729,469.77209320506455
4774323,1907184,255.252220043796
4774324,361737,227.04425813655638
4774325,1453576,735.3508910912433
4774326,1124033,872.8767185124109
4774327,1407849,134.08287876446778
4774328,1439144,218.71322653586535
4774329,796625,365.38908530343485
4774330,1087072,119.61211456978305
4774331,1346520,942.44785006753
4774332,514804,568.6118160658458
4774333,1890915,897.9398378848211
4774334,1496227,516.807923381197
4774335,1385214,420.19124840756086
4774336,1587637,587.9539485247915
4774337,1055404,274.64489511651357
4774338,839210,907.5997062167385
4774339,1484776,643.5099616903879
4774340,896695,427.34677708546974
4774341,1368405,286.0593806794367
4774342,1689015,101.23389874211364
4774343,1900319,771.0429528772931
4774344,1891581,424.2576544822226
4774345,553367,889.6999380144013
4774346,1306220,223.98526132933384
4774347,1330812,809.441451603406
4774348,1545769,701.7991252746968
4774349,1558584,189.6224794031677
4774350,553691,471.59289138498673
4774351,1442911,991.7871972026011
4774352,942621,896.8849987427323
4774353,1025407,539.5598120056974
4774354,325304,940.8716874227172
4774355,1947579,729.8122671907249
4774356,539187,374.9902154234983
4774357,1338112,663.0104624694952
4774358,206364,40.6641703109275
4774359,1055736,527.9316035760254
4774360,1631158,324.21010096648274
4774361,1634181,519.3649295850295
4774362,1058845,142.20154479771153
4774363,545678,59.791052510142165
4774364,404501,661.1268400874576
4774365,1924004,815.8183529816264
4774366,699554,645.0865203209887
4774367,1457419,648.0743908356978
4774368,1293569,639.0233107604441
4774369,1194480,985.9125474296834
4774370,346671,763.6527659438652
4774371,806978,683.111318895196
4774372,487062,476.6629065547588
4774373,1036402,311.0544027495347
4774374,1041203,36.79093731480232
4774375,1476354,507.55738589385555
4774376,861388,207.16046910415875
4774377,1008190,649.437320538405
4774378,717730,554.6252705230974
4774379,1128057,897.2680624727201
4774380,646797,444.12454074047434
4774381,617281,981.6648589265161
4774382,517754,168.59295443328025
4774383,526390,865.7382875503613
4774384,1241975,420.20401079812297
4774385,492090,630.6818948858181
4774386,503107,465.5521160988777
4774387,317189,638.377146124111
4774388,54219,746.2258613402103
4774389,329458,148.02248144373831
4774390,793556,865.4946010886287
4774391,1688531,638.6816353958
4774392,508004,948.189965096971
4774393,1321021,470.087321931699
4774394,80361,971.3795427306816
4774395,1693076,98.06287403217806
4774396,1296574,796.0578159179927
4774397,1699324,524.9776465490529
4774398,1932944,84.29693787942804
4774399,184752,741.5319652971772
4774400,1149319,677.9145682116326
4774401,1261486,47.80471959030874
4774402,653641,554.9151247144196
4774403,1175678,159.08396004216917
4774404,1160397,882.0552311768021
4774405,1278489,928.6086291093671
4774406,1673088,864.2724807891423
4774407,1463869,803.1674600307023
4774408,1118122,771.6906476159438
4774409,699178,38.228150739139544
4774410,851996,147.50319244423915
4774411,843181,821.0297634518081
4774412,1360866,421.47648559258
4774413,1847431,358.1088096228482
4774414,1152520,213.244002534683
4774415,825215,616.1990333990998
4774416,907387,792.097787841629
4774417,447362,239.5236477886824
4774418,1510315,521.5456466293655
4774419,751319,825.011692143016
4774420,18476,736.0771433993328
4774421,1891378,540.218430692467
4774422,719046,755.8847046099254
4774423,1096263,526.0428415330164
4774424,928588,178.84650338276342
4774425,570197,833.8773615844681
4774426,1911989,717.0414566768417
4774427,653999,246.63084860601538
4774428,1502749,52.582697671866626
4774429,1457904,899.9019350995819
4774430,274431,360.55942688363695
4774431,381541,897.0823898024728
4774432,609219,27.373078032549735
4774433,1886012,609.8672931534305
4774434,1856435,618.1389765288404
4774435,1429715,19.18034612080499
4774436,1015303,777.1517685858645
4774437,896681,585.0423693158137
4774438,539345,885.404039639246
4774439,517656,275.13430728691515
4774440,106607,919.0483919659731
4774441,381729,700.383867357552
4774442,1011894,634.7596728025441
4774443,944745,649.69134762288
4774444,611122,674.099682333004
4774445,267952,556.7439326729902
4774446,1020632,915.2722268926468
4774447,1688805,848.4054684898039
4774448,665159,380.6214134773131
4774449,1654736,949.0397238597793
4774450,1689318,667.2459943888445
4774451,430050,710.4566203317805
4774452,811922,604.5167956248233
4774453,222296,940.3902190388035
4774454,1780736,368.2195673280656
4774455,533027,573.0554845454187
4774456,782689,986.2551971490838
4774457,1614602,678.047774568462
4774458,636588,94.11982897007498
4774459,512270,279.8474874961666
4774460,529639,733.4387129269583
4774461,552218,445.05683902627055
4774462,199171,130.47770738041254
4774463,388846,180.25346136860608
4774464,810042,867.9506814183289
4774465,1529263,401.35635711309305
4774466,157736,926.8258583817505
4774467,201145,924.6346573379016
4774468,739088,645.5207482760646
4774469,1515959,265.27600396295384
4774470,824505,985.0495914061338
4774471,1935746,55.646205253151784
4774472,1586716,458.84185869753105
4774473,1008008,668.9313407185939
4774474,1547948,947.1898784119817
4774475,1085583,420.05447952894446
4774476,614139,173.85552659485492
4774477,1109322,59.727471488544296
4774478,806417,971.5304546063944
4774479,469831,788.1786327060463
4774480,953793,180.42912368083987
4774481,907808,6.906462716799067
4774482,1956779,301.29943487178633
4774483,237900,107.62431509509341
4774484,507998,932.1217102927471
4774485,325041,202.4672904984257
4774486,1439114,246.12572460857973
4774487,299400,572.2505064657224
4774488,606724,966.4972654131095
4774489,194487,81.2385277767943
4774490,961446,174.60971232801037
4774491,1422653,934.2393998352068
4774492,992183,617.5687574979976
4774493,1375464,735.4769802911339
4774494,1231505,620.5936566119267
4774495,388464,462.1231066323804
4774496,1669142,887.9699831211328
4774497,1402422,338.9149210181879
4774498,752872,702.1024069149012
4774499,318151,72.81066492455612
4774500,359675,418.8251146714984
4774501,913626,430.57617359697485
4774502,1767263,860.9630803632069
4774503,1875522,189.00049416118293
4774504,15211,18.312888398136607
4774505,1912194,783.5384202766425
4774506,1592088,465.765868365992
4774507,912322,433.196734936925
4774508,1765323,505.6414930429881
4774509,1649544,576.7819631205007
4774510,1380735,318.0169470681916
4774511,1069415,684.189731551494
4774512,239654,994.4569893572927
4774513,1831727,803.6347685077782
4774514,93277,8.085900932759627
4774515,1667345,539.0642237089087
4774516,1575683,459.19353844487233
4774517,195965,737.5756649935784
4774518,1377837,481.5529970140532
4774519,382760,853.5245689040185
4774520,125681,652.7728764606695
4774521,614394,680.4142792827142
4774522,722486,374.07514998711144
4774523,1686607,195.65206916671042
4774524,1941481,933.7509481133383
4774525,1192482,487.8686202833495
4774526,455110,268.83405747399746
4774527,1995409,570.5477372993329
4774528,1158611,224.70962068068067
4774529,595473,478.83675550759494
4774530,707158,636.7861514043901
4774531,866262,901.9664878083323
4774532,1017020,467.1785768548216
4774533,785889,146.7402590058936
4774534,1263898,794.3213840844268
4774535,1630854,975.4739605527744
4774536,1179090,624.3378479494173
4774537,971727,671.4065452089238
4774538,1315305,989.1800624575246
4774539,1813426,476.05890345494663
4774540,1944747,711.5877888292434
4774541,1413707,895.2251478241271
4774542,1968138,149.41983622941868
4774543,1711403,103.39853631088691
4774544,616627,135.66769252851162
4774545,279217,193.8924762375912
4774546,857067,709.9418589570867
4774547,705090,172.53443718271467
4774548,1960112,299.59475001090095
4774549,506397,273.16259403870623
4774550,338884,852.0510971637401
4774551,1208590,581.3209829221366
4774552,1606607,247.1144072422351
4774553,200027,425.1266283184133
4774554,848797,911.3986708442667
4774555,407618,148.57188244099783
4774556,608412,713.0682251504768
4774557,1430567,618.3784133933683
4774558,488305,476.62147849844393
4774559,1389206,718.7938379255648
4774560,1478833,737.3439565562659
4774561,1333475,159.10199102179857
4774562,1255731,532.1665292993074
4774563,820028,905.4250572459946
4774564,45848,772.886679722742
4774565,1305812,825.3623124125429
4774566,1580349,815.5984796792392
4774567,1509918,923.1740917706669
4774568,170839,648.9209608499265
4774569,844797,79.8777780151887
4774570,1534248,383.78339414803065
4774571,544536,921.7224891446685
4774572,12501,742.0891038072845
4774573,1978217,666.059435606148
4774574,800713,791.315528822681
4774575,299788,830.8781804184931
4774576,742800,866.3302233480977
4774577,223520,314.48623697408016
4774578,74801,467.24778482765305
4774579,1969848,8.482139683450129
4774580,797484,464.6096430972848
4774581,971645,251.54116368408575
4774582,73543,137.68242397515286
4774583,1342031,317.7254519335384
4774584,15462,74.65816521598178
4774585,335071,692.0014244997298
4774586,1247107,426.7608004840805
4774587,462758,11.405737945935357
4774588,143487,353.51955829224113
4774589,747029,338.9416050051669
4774590,1020347,114.13495527775608
4774591,4962,747.1721782630141
4774592,1935875,909.8202060593886
4774593,1076763,999.0691995483207
4774594,1823250,426.51647629606026
4774595,438416,720.6441458884192
4774596,464745,270.2397143264388
4774597,1174772,8.120640080362286
4774598,1456726,638.5569094693368
4774599,408997,156.44188152584394
4774600,250061,972.0173950644684
4774601,1615655,259.8093084736622
4774602,664398,991.9899993611028
4774603,1116819,672.0313193593082
4774604,174068,493.2731605223863
4774605,1296855,788.2107104663095
4774606,720661,679.6260360307157
4774607,399723,84.82687694679336
4774608,398215,652.6030693463476
4774609,624326,578.0394859449613
4774610,1834639,637.4734586967381
4774611,1603186,787.3289432591077
4774612,792399,51.59429248527325
4774613,1848253,333.7337168685195
4774614,1627594,936.9902970883057
4774615,1449570,199.7116018099915
4774616,790866,381.419937871881
4774617,1620900,870.5134597441751
4774618,555405,87.62934186301719
4774619,1150442,97.23993372615215
4774620,1413776,501.9909373281985
4774621,1068598,253.26402225586153
4774622,362472,208.13448891894316
4774623,440756,231.36995646012147
4774624,1573032,515.60019136028
4774625,1386133,939.847650897203
4774626,1618971,949.4113784424827
4774627,853307,678.4935909310672
4774628,1498111,164.40918610546728
4774629,1105792,712.9287673059974
4774630,16624,780.6103739822307
4774631,1441122,72.62251022133314
4774632,1594827,298.86749381335784
4774633,334384,952.3679806105906
4774634,1000914,603.76633124005
4774635,1345164,588.1780744843063
4774636,1833124,711.2980513319773
4774637,278120,968.1693457382822
4774638,1150058,885.6283205418353
4774639,361719,782.7096673126365
4774640,1415669,90.13873315799836
4774641,734716,326.419087405696
4774642,1549338,713.7922095603531
4774643,1055574,805.9989735782315
4774644,840025,648.9320327429796
4774645,333392,888.350883098699
4774646,156321,92.11303850410435
4774647,1092591,59.3218078730614
4774648,1385724,319.88906490360813
4774649,1349784,323.7217707087344
4774650,943864,53.648367008759635
4774651,888717,502.64992285484743
4774652,1442021,702.1357634342114
4774653,928031,882.4651126036738
4774654,658157,415.04720674937687
4774655,1754249,964.9252039449533
4774656,464962,58.29570999016664
4774657,1917566,508.7656877218447
4774658,1113028,66.46232824719156
4774659,649753,211.9911253652651
4774660,1699763,191.410637183814
4774661,590504,935.0235490343877
4774662,729721,370.1441093483384
4774663,189055,696.966455676352
4774664,1334324,639.4805257207333
4774665,1319448,116.34965519936624
4774666,1641870,299.5581210118406
4774667,1945052,547.1981374470307
4774668,796455,373.35420531456896
4774669,1060202,25.747092745502577
4774670,590716,87.75693025711817
4774671,571972,696.6257437636693
4774672,1718293,734.486480580157
4774673,603149,325.15681311338795
4774674,1014795,643.3733223861545
4774675,1516487,171.70788652469938
4774676,1781848,826.1619751882331
4774677,244281,206.20324628652364
4774678,1045523,726.2952622491846
4774679,766950,601.1812461853243
4774680,577417,864.2955725410872
4774681,1033833,288.18667039015844
4774682,1012405,756.2193214298982
4774683,1193526,494.10629746686385
4774684,720846,344.3624259810597
4774685,1599452,235.11308301093038
4774686,1814740,938.823319533812
4774687,1202415,715.680020961406
4774688,737887,810.5538066702123
4774689,1526365,403.8078023968685
4774690,1973082,476.8764584258861
4774691,328881,13.104135560725094
4774692,173603,836.6733930726251
4774693,710208,962.8461074926574
4774694,1133478,834.3018013654765
4774695,858706,396.19619900722756
4774696,1033714,146.3943104258363
4774697,889244,459.2910490516554
4774698,1204947,543.5542686596449
4774699,231245,315.07802278867746
4774700,1010539,581.6790544865294
4774701,1231417,682.341067433593
4774702,1206628,780.6147528141238
4774703,420048,750.2665210077239
4774704,1131447,894.5216316556781
4774705,214484,368.39928633051755
4774706,728629,164.52203412300216
4774707,419501,793.2687184941889
4774708,1683600,123.24048565195433
4774709,820623,695.5815647091331
4774710,1566070,619.423136313665
4774711,1462272,533.8335588269073
4774712,1259781,569.3069061109613
4774713,1640452,295.28778842992784
4774714,1661840,925.1732635336459
4774715,85418,395.7624319786658
4774716,450789,658.1830648139012
4774717,1064823,32.707893946097855
4774718,1869616,214.56794848047312
4774719,12916,420.89100565479566
4774720,845623,731.0050485980851
4774721,438741,712.1015560985668
4774722,1192345,782.8542940944819
4774723,1171792,721.8870038486652
4774724,510284,528.3527285685186
4774725,1608,344.6698852338934
4774726,592893,595.4479338447533
4774727,859892,260.5984877348719
4774728,805978,53.96365279689208
4774729,311794,752.7763653855117
4774730,1085482,396.839167898654
4774731,1856826,755.3356870527543
4774732,457665,754.9122701709396
4774733,1953979,56.0386492578201
4774734,1345151,594.3115508950414
4774735,388806,12.527667236027717
4774736,1438484,964.6989119864786
4774737,252114,475.9440084134111
4774738,1711128,175.48102765950347
4774739,1451621,434.60637648393697
4774740,138303,530.9927702337135
4774741,708016,724.7518739932725
4774742,522488,868.2303282244823
4774743,226281,349.04995935035157
4774744,217043,871.5058418114613
4774745,1283471,361.0599772749128
4774746,1592311,65.22322875141894
4774747,149623,881.6014110230361
4774748,307439,201.34620277657035
4774749,983988,512.7579921053645
4774750,526634,415.4949544791503
4774751,49806,771.8003467971438
4774752,38771,839.2375458212442
4774753,1112984,43.73790037519054
4774754,1720693,470.29972089443186
4774755,1828091,65.02238656112513
4774756,149185,642.2613155834321
4774757,1895233,107.55385434310882
4774758,540581,560.2251772498304
4774759,1831749,218.08760548341954
4774760,441372,404.18541004025786
4774761,337656,622.0838608516116
4774762,778953,3.2442326609180006
4774763,1888176,397.8754933837563
4774764,832326,242.41747475798903
4774765,716924,578.9325152064266
4774766,647144,363.65036503022617
4774767,1608257,636.6027681180994
4774768,406498,130.8869006334893
4774769,813076,459.77074070809596
4774770,1515283,21.496708522656505
4774771,785472,332.8418257682401
4774772,1250656,429.25786758856134
4774773,1849250,176.90231631810937
4774774,1747583,844.3585411957728
4774775,580384,495.3631378496762
4774776,345106,712.4176901549116
4774777,1245280,959.5196012369853
4774778,1558411,228.3610241452795
4774779,1849174,996.0154556165933
4774780,1319985,395.00698704830586
4774781,697566,241.0607824731813
4774782,1095863,389.4176903249463
4774783,54621,788.0496635158673
4774784,1546800,110.90223414347489
4774785,879980,946.0332121953801
4774786,1837118,872.4014668123625
4774787,304159,4.7138213981468
4774788,82481,740.9372306079077
4774789,316686,311.3193048772126
4774790,1455486,401.5074836058792
4774791,1788817,742.716752930998
4774792,30121,806.021913828544
4774793,425850,23.751896741218694
4774794,1761529,834.627886429923
4774795,1157829,388.7718493861605
4774796,522992,376.56389314728665
4774797,1132150,256.3598952701149
4774798,1773491,212.85003445513806
4774799,1705878,70.0050265080322
4774800,1172104,528.9660734231736
4774801,624136,734.6821577790853
4774802,1544350,419.91930685225407
4774803,923105,424.81947484417947
4774804,1536280,657.7775911948264
4774805,316947,788.2390983685467
4774806,245143,858.8314419380721
4774807,260373,571.9673581811098
4774808,1097718,375.9204478923965
4774809,829856,272.69677047737275
4774810,920890,27.192985634750254
4774811,197443,82.43646342164857
4774812,1218216,845.6843792593912
4774813,409999,136.4744696642619
4774814,666231,755.7592165857303
4774815,477008,467.2850723050162
4774816,1940863,665.9855270974907
4774817,448080,701.0062757109384
4774818,1026723,652.3256800593495
4774819,1653572,46.952921917009505
4774820,628693,590.7313427341539
4774821,488373,960.4097279632578
4774822,1972831,877.0110464903335
4774823,1861859,630.8699648942496
4774824,1114107,774.7168664167785
4774825,1765056,972.9974898175318
4774826,793468,381.3518054809667
4774827,436073,841.9145975540522
4774828,621349,768.4635964067544
4774829,936109,672.0084378958977
4774830,149210,28.35505704121055
4774831,1612337,318.8910451682311
4774832,1659665,493.8327442316457
4774833,984528,36.451424178750024
4774834,591945,748.1190529652378
4774835,1173004,66.40028165402457
4774836,475201,596.3160653554669
4774837,461294,907.2395974801428
4774838,1237678,784.7849013075247
4774839,1395939,52.1636075877302
4774840,1795467,744.3796073936694
4774841,1950188,991.4079390378967
4774842,1617584,170.2683792266494
4774843,957446,729.2335081719436
4774844,865916,998.6924649769652
4774845,971655,414.397613701935
4774846,539991,632.9018946470587
4774847,1778582,187.00930960882266
4774848,1285493,146.60360938730798
4774849,1772806,129.0481756603511
4774850,482029,385.43152319369
4774851,1570486,874.5263562203396
4774852,568353,283.927396076686
4774853,41523,178.21611284521177
4774854,876023,325.41986391718046
4774855,1104349,139.65135830209474
4774856,756871,847.7126801071557
4774857,1994442,999.9234831733357
4774858,84340,14.017913017493555
4774859,1124227,331.32271330775154
4774860,1987825,876.3574597914441
4774861,1338061,866.9310573945984
4774862,1708029,395.9263089431443
4774863,1910994,826.1566268758659
4774864,811592,144.9362273095386
4774865,584742,477.956751140288
4774866,1415906,703.3906348532254
4774867,1116268,407.191905681019
4774868,1539878,631.1016398322519
4774869,1410004,466.3197091367061
4774870,423466,568.367169031186
4774871,1062286,539.1563824080368
4774872,642819,17.378442282803498
4774873,1394973,193.76541789492452
4774874,765062,625.8589020429275
4774875,1021828,943.205452223715
4774876,532613,885.1799269196578
4774877,1733185,509.9382123375583
4774878,354533,980.3503212880177
4774879,155338,697.7048323473658
4774880,1728144,680.6646204603136
4774881,963883,99.9093978193234
4774882,682712,719.0986768218521
4774883,1020849,596.4284765386943
4774884,269165,301.00011503446314
4774885,1179685,319.38498413113746
4774886,1924080,446.79657579114286
4774887,983574,169.41547764075148
4774888,457346,603.5222841182052
4774889,483302,478.6608856284191
4774890,650752,778.9102321836978
4774891,260948,531.6496331859566
4774892,1753755,696.7181101590107
4774893,85062,283.62745171419857
4774894,486019,122.31412783800278
4774895,663538,857.3606120362003
4774896,354358,184.19788851266915
4774897,1846013,885.4190042452927
4774898,1776537,593.1741111322002
4774899,906280,181.21895042139212
4774900,1466669,179.03766754178352
4774901,1816961,725.0454756235407
4774902,1267812,369.9650099567242
4774903,608416,796.2720644770819
4774904,781390,685.0588978301552
4774905,1610571,139.5540891772241
4774906,401723,137.51142132279338
4774907,1117239,150.15838114871227
4774908,1026878,467.0091104355426
4774909,607095,772.8353857662664
4774910,1518929,7.125215014501918
4774911,752523,102.52596547851267
4774912,1293509,473.5111309545066
4774913,193054,38.897553442664766
4774914,585874,289.74137596035075
4774915,559925,30.188961097404878
4774916,909553,806.6476821508393
4774917,579026,652.7191938792571
4774918,803959,145.0051781847963
4774919,429320,206.07287562280274
4774920,1013325,859.0217155768134
4774921,1670222,238.7913947103677
4774922,420498,374.0873269841376
4774923,381118,452.1747249699435
4774924,510547,202.2993409401834
4774925,206490,306.7339992498854
4774926,765821,622.3940701857808
4774927,1137454,563.3413572025056
4774928,1389418,849.702143316763
4774929,808314,274.62445188384544
4774930,505400,525.5121884951996
4774931,996925,116.87892138104384
4774932,255872,702.8404187017985
4774933,1220839,898.3142293080981
4774934,1670571,293.44897816034745
4774935,121764,164.5168957127795
4774936,1592008,156.98300863397964
4774937,1327565,253.09278935008473
4774938,1732381,808.9351175276616
4774939,103353,743.6723631766371
4774940,1213294,566.4090396752803
4774941,1934653,120.06428254376289
4774942,1488751,804.6505292877532
4774943,821960,39.47207820099041
4774944,1522729,149.54367888974429
4774945,1823714,486.4100000079057
4774946,1910905,559.8749997457842
4774947,1189716,555.7649637059247
4774948,1941463,752.3200823659367
4774949,1914639,124.97355261977272
4774950,378648,461.04116189545505
4774951,1850516,313.2664218109237
4774952,946154,361.43895493526566
4774953,1848069,892.4940964252643
4774954,1217759,303.0337254984462
4774955,778362,184.148705705533
4774956,1566880,175.16496986032593
4774957,1109080,286.92961263548267
4774958,62720,792.3383590349375
4774959,638182,264.2664266514415
4774960,1182619,356.46056013305486
4774961,1550165,341.60696873404186
4774962,815536,869.7965618801327
4774963,208906,228.7531414282433
4774964,383193,320.1308909776941
4774965,1794980,44.51287097915102
4774966,250202,741.438458303013
4774967,385336,810.8274388971149
4774968,1223953,516.526038536517
4774969,675609,569.0922161564876
4774970,51174,624.6673092948815
4774971,714928,349.37118824054903
4774972,1725477,604.7081301260595
4774973,1308328,612.0046536065977
4774974,1206496,248.27727953172973
4774975,1145703,987.6162556804921
4774976,324625,413.47132917392014
4774977,334552,52.20478439659249
4774978,248976,946.6398548248211
4774979,828733,391.1690376526741
4774980,1999760,435.8045153069884
4774981,1387963,899.9930787846553
4774982,1845708,858.5973131358745
4774983,755811,723.7422499584746
4774984,1494620,811.0118193706054
4774985,1637481,241.221940611418
4774986,385076,35.823454608518105
4774987,1280339,39.768692266276105
4774988,1865596,408.9179764867479
4774989,785301,660.0465276700123
4774990,364727,722.4737703827984
4774991,1211068,72.40923378456866
4774992,375096,919.8107948587469
4774993,883005,576.6779312984477
4774994,1776763,924.0661099530463
4774995,162403,123.29610258404166
4774996,1165373,525.8613585745815
4774997,1325330,968.0354544086802
4774998,1109103,581.086910767769
4774999,806121,465.4175088699156
4775000,1776723,840.5118449736113
4775001,1464077,375.661417342434
4775002,1850903,384.18357286846583
4775003,846262,361.4346582850686
4775004,100154,516.3723966294624
4775005,573537,654.7973823523363
4775006,951104,351.99158825015263
4775007,1678168,554.1879634681923
4775008,59532,368.02526052445694
4775009,1686363,600.983778072496
4775010,898900,808.2673386141176
4775011,1606471,703.8891580047266
4775012,1817814,364.86178361684887
4775013,1196341,510.0748099313508
4775014,192011,53.05068158585813
4775015,512398,740.0638412654048
4775016,1306035,42.74748515874227
4775017,863228,435.1633068679608
4775018,72224,891.4347006068755
4775019,1860258,171.50549599967957
4775020,910933,386.44662735142623
4775021,1398661,146.08211143370863
4775022,990760,992.1229847205569
4775023,1852234,389.72321161695
4775024,1907965,683.4871411266757
4775025,1428857,285.7739882177269
4775026,1148089,578.4905539195895
4775027,1376051,2.844411883041853
4775028,691550,772.5519031340087
4775029,440941,137.8686285003564
4775030,47289,964.0195900158592
4775031,204270,891.3553245681342
4775032,234431,130.34768670932374
4775033,53755,572.2445695878531
4775034,1260542,417.32150565242176
4775035,149018,781.858115394953
4775036,1820214,394.0443905171247
4775037,1388155,14.114121211111108
4775038,1694352,870.4228264103707
4775039,371963,796.311537313065
4775040,392233,846.1909819676529
4775041,276171,605.0081234844221
4775042,299521,254.88793000674838
4775043,1243316,467.21272909842406
4775044,1749906,383.23142691089106
4775045,240930,236.35594538525717
4775046,1686071,964.6129728866238
4775047,338790,471.3733555277655
4775048,399114,463.7057001531152
4775049,1021471,710.0329908252147
4775050,1167480,641.5757246193706
4775051,1536458,760.3616584977391
4775052,1737042,439.94990126315315
4775053,709862,693.3792113661158
4775054,1066281,188.6363919775571
4775055,427439,794.3778220669474
4775056,1824293,897.0366222759201
4775057,724053,769.5720745940324
4775058,713166,250.62000648862303
4775059,18604,915.100773869669
4775060,1661711,998.778241289062
4775061,1331277,898.8202748537999
4775062,139457,124.24391443443972
4775063,951591,736.0461402361427
4775064,1367711,200.25207319484505
4775065,1877530,849.2335359148205
4775066,618328,704.2925494660199
4775067,1389214,681.5628455280315
4775068,202284,723.3956172538783
4775069,1372568,174.48823584016583
4775070,189892,150.49020743546282
4775071,882182,73.27027757430128
4775072,1647,293.42831858823337
4775073,749558,560.0882449939236
4775074,1190741,674.4482918782442
4775075,1515536,586.1238597842025
4775076,1453472,718.4085479168591
4775077,252835,840.3581952964824
4775078,1302128,514.1478211377894
4775079,1780639,483.54330949948974
4775080,691791,778.6338651247705
4775081,1868801,681.481665176663
4775082,135707,725.5168970552938
4775083,103887,752.2893105911747
4775084,1591756,323.9113225746384
4775085,1193927,116.28505021848979
4775086,466,503.5168746051976
4775087,1378877,498.6406495654996
4775088,1214481,656.5648356481123
4775089,1641411,314.98474328639236
4775090,799702,916.098604243793
4775091,1899475,360.9434403104331
4775092,854569,908.3530199002914
4775093,626567,109.28802258678793
4775094,327583,852.1207917315141
4775095,956869,606.9003769311205
4775096,88233,854.2539683938036
4775097,1045605,902.3275468870329
4775098,1650092,217.23688764484805
4775099,1386837,879.358180406688
4775100,502585,681.97981115049
4775101,1103305,529.4882530531219
4775102,1723447,547.2561748947801
4775103,1235212,480.7396776800731
4775104,1345370,571.1659220555124
4775105,1583750,151.03023437926345
4775106,1510591,363.0443169034385
4775107,679487,924.861005662501
4775108,1797591,485.47883383962875
4775109,563350,635.0929643346694
4775110,479716,221.27307058821856
4775111,1506820,214.89756103145686
4775112,1904244,392.1404465115583
4775113,709771,52.09231727473629
4775114,964812,637.741334497793
4775115,1760152,692.4170545528428
4775116,292983,351.0711064586358
4775117,688297,459.3072955299851
4775118,708500,628.1132519491457
4775119,703309,155.50702134245276
4775120,1219282,786.9258875084054
4775121,557388,122.57719193827322
4775122,1498302,960.8153706440856
4775123,852051,493.6300710575342
4775124,129210,180.05788588689708
4775125,1973612,275.13004582719213
4775126,1901361,304.9150117412146
4775127,772837,333.38008972625266
4775128,1874917,257.64637855459983
4775129,1462735,445.9226789765106
4775130,1263034,647.978538677898
4775131,645113,166.33212958743994
4775132,1222708,355.8175804567104
4775133,877623,337.7252651341851
4775134,166082,308.0726904525666
4775135,172696,392.5420795679682
4775136,656503,942.5327947074243
4775137,1489191,103.99841000473819
4775138,1739551,104.02473473721963
4775139,90603,395.5445397885874
4775140,1968871,921.8455075486049
4775141,145981,730.6153266045825
4775142,763696,277.1420959349642
4775143,1213715,795.9676222637936
4775144,393427,169.37147074189417
4775145,1405854,685.6156527421566
4775146,785362,38.6907062410059
4775147,1996317,120.50758830098329
4775148,1823265,590.4877400227381
4775149,181861,985.9271136234913
4775150,1294168,331.3938487303486
4775151,1922544,682.8977846743626
4775152,525771,864.9006590781783
4775153,1297512,333.04060117199907
4775154,1289758,306.9738740980065
4775155,1062986,721.8464927616805
4775156,21425,704.0884235112779
4775157,695340,586.1925612100487
4775158,957302,906.7197469770459
4775159,897061,230.8547571083821
4775160,1667140,825.3118657519432
4775161,1110277,231.849239877145
4775162,268004,461.4244773833925
4775163,1409256,894.0983335475247
4775164,1054473,77.07791710257139
4775165,964962,578.2732895583964
4775166,1656812,453.33065366926905
4775167,450492,617.8914561735754
4775168,893964,987.5430045020266
4775169,275924,611.1473773993332
4775170,356504,376.7704109258949
4775171,322751,100.55199532978487
4775172,1299040,642.1699377509744
4775173,1130506,771.7383867143674
4775174,350554,766.5613742819205
4775175,219694,341.222970735681
4775176,747887,736.6284652803273
4775177,577186,898.0012227803128
4775178,345500,813.0027929441651
4775179,733959,914.9772865005752
4775180,1150770,735.3143044792037
4775181,1191293,290.2339953100024
4775182,1465142,791.3296490996632
4775183,1462825,365.5967521653286
4775184,463506,977.5053866645793
4775185,1573965,834.4650489129668
4775186,1969760,792.6255134008351
4775187,486788,279.2145348624433
4775188,1820496,179.63408119984547
4775189,516558,673.7244650656447
4775190,354712,222.1405016097787
4775191,1235577,977.5677596301165
4775192,1423527,259.25191567755456
4775193,1555627,278.79231135548645
4775194,512644,54.15920021234821
4775195,903187,414.5368848616018
4775196,204820,980.8388697207735
4775197,1675311,905.3653880445893
4775198,790349,907.1629298836551
4775199,1207453,360.865396868889
4775200,1505667,367.20244296411744
4775201,529586,114.1959311276728
4775202,1964946,296.2291962199852
4775203,65356,7.606436588557752
4775204,1908614,839.7713368297868
4775205,1904847,53.06135322861483
4775206,1628405,680.3404741136859
4775207,1061403,912.6247687713536
4775208,735696,378.3164325021382
4775209,264744,107.21547582207813
4775210,810213,204.6666820882276
4775211,1224122,656.8600782890024
4775212,25760,154.52181854843062
4775213,1592088,33.75066641658542
4775214,237396,876.8568659716304
4775215,464209,842.6302277101516
4775216,1559008,868.8485891274298
4775217,498319,926.7819825726008
4775218,36036,730.159783606098
4775219,1152740,845.7655824704019
4775220,856270,424.16614928593043
4775221,1401835,284.68516391311624
4775222,1025436,840.5856048346304
4775223,1723712,520.1668901677411
4775224,223125,216.51184307638394
4775225,1497790,855.8351354118672
4775226,1342044,60.83968243849647
4775227,339532,917.9401164143557
4775228,1630553,850.5123753035941
4775229,748170,565.9374497315753
4775230,1770063,745.9206186143529
4775231,1524882,8.472083289376764
4775232,1963055,87.54659635913676
4775233,1843521,208.86164194251856
4775234,13705,960.6025601244935
4775235,230550,172.71081755877694
4775236,1509930,650.58197751548
4775237,243861,966.3669090697355
4775238,921580,863.0632416870059
4775239,484150,425.45288951267133
4775240,1601888,256.8859193518258
4775241,838013,441.1826271951471
4775242,549820,503.0458252852037
4775243,1590695,276.6020504162967
4775244,186536,523.2131032464976
4775245,1156066,183.78147252901744
4775246,1217714,860.1607553615698
4775247,232584,440.0935478607072
4775248,520062,352.99219167085596
4775249,146030,643.1589741634947
4775250,1693353,207.85045440390104
4775251,300484,714.9535706648935
4775252,1012430,569.8539747593546
4775253,1269583,855.2549440324348
4775254,1481274,412.88048314645164
4775255,817928,29.709459778746616
4775256,285361,936.4528822019661
4775257,1347163,866.1400611305987
4775258,1617049,442.10738910535497
4775259,1544684,200.95603680733598
4775260,452030,755.3562682465629
4775261,1065860,346.8087583134696
4775262,1743632,58.632555432160174
4775263,1594631,930.6835542419838
4775264,303676,409.8745815106477
4775265,745437,463.0705587577565
4775266,804019,680.7074393873638
4775267,1251383,731.1271182137356
4775268,180166,858.8792383061245
4775269,1816094,601.6537940641108
4775270,1595601,883.5927107944899
4775271,732630,272.6751678511987
4775272,178134,758.8125451770151
4775273,646333,219.30423973508817
4775274,1377247,304.1427003107111
4775275,106777,61.52729015586888
4775276,1267008,819.168363126004
4775277,888574,322.9556086557857
4775278,1592409,173.7152681464138
4775279,522372,359.710816463521
4775280,1617466,918.9860744523663
4775281,496351,968.8170076061767
4775282,660071,372.2542854553607
4775283,583597,216.9849207377108
4775284,1089927,156.27346667646424
4775285,1832276,58.60796287724646
4775286,1060983,147.5669778305069
4775287,288577,488.66423566434435
4775288,1375137,134.2998278870352
4775289,1954091,628.7160875450987
4775290,1401052,524.7770072579997
4775291,1367907,706.0731008748155
4775292,326180,411.0768806794811
4775293,1188297,581.1143733048491
4775294,1355995,216.08841127243338
4775295,1560556,788.8687856521889
4775296,263648,939.8517258929916
4775297,1792917,892.3159478608519
4775298,1210663,776.6150628556776
4775299,503721,431.0072726383657
4775300,262717,865.8805335013049
4775301,1471664,709.540884316689
4775302,699626,194.4162842894158
4775303,55312,940.8816154287701
4775304,1139665,37.5719787430322
4775305,1241841,926.6333892773168
4775306,1277244,519.2475576171875
4775307,1470648,982.9198977360613
4775308,364437,501.1882782236037
4775309,1562158,678.2001642987005
4775310,75821,13.316561271258909
4775311,1631997,620.1597623806674
4775312,693615,733.309244434409
4775313,429004,453.6047394100159
4775314,349820,39.53876372298004
4775315,706966,12.383463499837433
4775316,1020341,312.4797688825658
4775317,266794,740.2640490228008
4775318,546848,761.0436870257357
4775319,1289213,146.64932354898596
4775320,811782,807.7365760148874
4775321,600994,324.0160287927795
4775322,452766,189.42135997107746
4775323,1294024,561.0137248739635
4775324,896403,975.9532776946131
4775325,1172470,816.3138920877157
4775326,555987,744.421860224351
4775327,507127,50.06587118270822
4775328,1704861,471.8000069822108
4775329,1541887,168.66194195932871
4775330,1421783,330.81099892193
4775331,624898,727.6568370423499
4775332,306599,357.0758185083851
4775333,1542322,819.2578124527241
4775334,536395,781.1754964476768
4775335,420589,197.13355463595562
4775336,710422,486.67833991194107
4775337,1572019,240.10532189759758
4775338,1578727,259.11411630851245
4775339,554212,377.51048292509324
4775340,865455,189.82352793350032
4775341,40225,244.2644183377346
4775342,912788,233.1987462974714
4775343,584813,904.9284279227373
4775344,180623,114.65582294463839
4775345,1198499,304.60241139877564
4775346,512715,16.56665246146638
4775347,1490455,524.6377044328526
4775348,618229,959.71880910888
4775349,1158691,528.908181922043
4775350,667168,590.83782764367
4775351,767360,823.9873083980622
4775352,577189,521.0475832684245
4775353,1517475,184.19920235738707
4775354,1058214,212.21088543272515
4775355,1291297,107.04119777678622
4775356,1975798,905.5980780053849
4775357,1435389,231.59009093458448
4775358,1408434,502.83345329935526
4775359,257726,610.8793547273489
4775360,1276094,629.3341522244862
4775361,955960,837.915900189722
4775362,1806911,883.931698162478
4775363,481117,117.8898745081689
4775364,469397,351.4944083693565
4775365,1074792,951.8554426892958
4775366,756360,434.1986156556388
4775367,252858,151.47772238453106
4775368,1537419,481.19419883407767
4775369,1549750,891.1557536610349
4775370,1484787,695.9805064273802
4775371,1566001,599.6561699619392
4775372,65733,113.94057379561295
4775373,505113,342.2469905896388
4775374,1869365,952.7097853230744
4775375,477123,860.4458590953147
4775376,584450,911.073962095245
4775377,81825,96.88091403934041
4775378,1774249,841.3992941285311
4775379,982235,536.3305431988828
4775380,687876,486.116567454414
4775381,203444,591.3457326465865
4775382,1978363,387.8791111347859
4775383,672531,964.9799288969324
4775384,1201705,192.41991993855413
4775385,672160,995.0251842711876
4775386,483421,466.4280116054459
4775387,1757802,792.3832654871967
4775388,971431,737.5988356764958
4775389,1917360,279.89588518101505
4775390,1021299,432.41783021711467
4775391,1083810,778.1569004930639
4775392,1221580,123.95203073950168
4775393,917016,585.3414418164955
4775394,1536929,954.221650613054
4775395,1592724,205.92186572861536
4775396,998969,600.5433374827098
4775397,1114382,936.0210930104492
4775398,1953856,255.93352901417666
4775399,973287,319.8114829708076
4775400,1990318,960.8092065659821
4775401,747001,122.70829894249357
4775402,471772,387.290705947122
4775403,1849326,449.48692012370697
4775404,712384,41.804518276519985
4775405,55184,873.4661164061333
4775406,1710801,379.7044539798029
4775407,1229747,426.9331584511752
4775408,1521851,626.9417348104038
4775409,1152050,763.4169699796709
4775410,1734070,807.2087308132556
4775411,881737,580.3217955868203
4775412,359820,167.86028940411302
4775413,1577586,483.75977121866174
4775414,1528202,164.04756919572617
4775415,713985,95.63802594228987
4775416,686564,319.27393623418675
4775417,390232,989.5548505129512
4775418,1270546,968.998780726832
4775419,495960,34.18715044276532
4775420,514959,50.323455960851526
4775421,1315661,603.81949880028
4775422,1476534,540.4430679382156
4775423,210883,302.0765235397599
4775424,1110071,519.8520458201111
4775425,1310210,446.0318037171767
4775426,1600531,481.76225783651904
4775427,920817,935.8535090895342
4775428,1940808,100.16635490297965
4775429,481513,802.4213811518498
4775430,560672,463.9565249344548
4775431,597461,899.2324652974931
4775432,169026,360.9555600664134
4775433,1337526,733.7489409680168
4775434,365156,509.9791983525981
4775435,759814,778.1675147038872
4775436,1285270,442.09843760022704
4775437,586763,542.8318365464611
4775438,1515934,101.2002904892757
4775439,1317408,164.67701476826556
4775440,312374,212.77353738521853
4775441,1671870,354.1394013802031
4775442,1014504,4.250787455461147
4775443,294712,829.5875701558693
4775444,1468152,45.31648326476745
4775445,409061,560.1693747593183
4775446,1553744,881.664159800437
4775447,847641,730.3949556515596
4775448,1046835,795.1853841373434
4775449,504284,613.2623819812658
4775450,311712,173.25192328419035
4775451,1400468,113.31970318312645
4775452,1234113,30.101312861291696
4775453,200633,771.3659167993346
4775454,1557078,236.57442981797527
4775455,1688960,529.8619839560502
4775456,299012,563.986262550129
4775457,1432762,678.0946094913119
4775458,782669,25.136167298536737
4775459,724381,724.7140266081805
4775460,16564,161.98855022391135
4775461,1514421,242.893897809066
4775462,1065956,963.635430380763
4775463,790872,988.4293542998674
4775464,683165,258.4519369190364
4775465,1643041,770.4794781681518
4775466,1135462,942.9271048671015
4775467,1570491,158.7238587667278
4775468,1769494,104.82819021629253
4775469,1665087,456.84476434009525
4775470,848567,127.11738887028102
4775471,663730,511.7655086752994
4775472,1140816,444.6661712970362
4775473,376280,779.7166320660364
4775474,1274109,186.23443530324724
4775475,111548,927.0853979187925
4775476,587321,264.5897905545519
4775477,1998279,514.7117372026037
4775478,1108000,253.18805105541807
4775479,1373693,432.5787712835581
4775480,752833,349.38272360896974
4775481,254880,657.8007602636611
4775482,1247460,829.9813092397578
4775483,1105693,650.9207788614877
4775484,432569,580.15510389278
4775485,1491454,81.9653234831963
4775486,751892,817.0529700879094
4775487,284727,650.2305742124345
4775488,496228,593.892807127518
4775489,1367408,881.0239321257652
4775490,1506277,538.3654664008734
4775491,1700857,981.7667774265465
4775492,1816656,642.6784374089998
4775493,1698393,906.3492231934462
4775494,1514281,170.4193310531329
4775495,1086650,221.9370935652175
4775496,1182123,374.22059619540147
4775497,1168513,697.044067003364
4775498,1785689,659.2915092381878
4775499,943829,344.65655129167516
4775500,1048452,394.08246692122304
4775501,1780542,10.951586910696086
4775502,1474550,722.6781064505291
4775503,1075755,866.7883650607156
4775504,1488076,7.858117966976441
4775505,226571,163.91405845566086
4775506,756252,505.8783035554146
4775507,249551,566.4768340942135
4775508,626592,164.48703874351688
4775509,1914537,999.6331919518551
4775510,1890040,601.6383683356877
4775511,1103408,623.2098665309882
4775512,976617,614.6037932662671
4775513,1265738,784.8666369074542
4775514,116233,998.728533984817
4775515,1944431,353.61334263912715
4775516,1864820,876.5873606825111
4775517,957275,546.6074719229941
4775518,1671694,790.393880291198
4775519,1123421,862.2832547216466
4775520,996014,572.2271023675632
4775521,991153,539.8580876279191
4775522,1818189,877.7749105865556
4775523,846951,467.8044700975181
4775524,512333,370.3460108525253
4775525,1078789,820.9867712566493
4775526,1002645,719.0257568495302
4775527,1607522,23.64696012358969
4775528,524261,274.5257308080272
4775529,1358118,539.6123302756453
4775530,1306949,432.201178659368
4775531,1941753,838.4570782888319
4775532,855305,670.3393429390937
4775533,1855025,485.750276608932
4775534,123510,726.4021681227626
4775535,1115496,943.8336474563217
4775536,1828654,508.0770099485163
4775537,362993,879.3376639817443
4775538,552612,446.22123034347794
4775539,1053708,948.2882847360974
4775540,1614693,245.0142110628275
4775541,1966780,282.98857094387944
4775542,1209369,330.8475785347892
4775543,584367,606.4225421678559
4775544,188310,842.2810943305248
4775545,251728,769.3830894667074
4775546,1708045,740.6322844603453
4775547,129169,589.079546249187
4775548,1569555,853.6485411361036
4775549,1744181,309.269177922503
4775550,1319154,364.93292317957514
4775551,1293441,545.9594115159421
4775552,1173369,890.8154538703694
4775553,287372,709.3531239769685
4775554,544671,397.0539119596315
4775555,233783,328.0856164011838
4775556,1905486,622.4920273370503
4775557,1743639,386.60233332851965
4775558,1778671,797.9278426395947
4775559,723832,106.74743572173672
4775560,1838258,747.2703019577125
4775561,1596711,739.9163427867344
4775562,661887,944.8214189642541
4775563,1951086,321.30150217213173
4775564,1042047,798.6308227457451
4775565,637522,356.42726164348915
4775566,1728173,891.2448405853694
4775567,311907,591.2516707714431
4775568,256616,560.9850283897842
4775569,244032,85.57524587000331
4775570,1334440,159.06706346296505
4775571,1030379,645.8940164584322
4775572,1244234,829.0592708408677
4775573,884187,268.6544539625132
4775574,829241,828.4727127507385
4775575,1625072,849.2201324394011
4775576,686387,530.3707834331392
4775577,742402,814.1323474275192
4775578,870310,799.1962513119751
4775579,438634,603.8849207031079
4775580,931090,407.27550312603455
4775581,1177416,879.0635502887135
4775582,20,606.5752466087539
4775583,1529152,319.75390241015975
4775584,883289,360.7261104773007
4775585,691813,675.0027334116356
4775586,1926512,387.4669437461644
4775587,810821,663.8242759599491
4775588,1062565,807.8426991140738
4775589,1790770,844.3200032680423
4775590,1843110,947.2614463855082
4775591,1464078,540.8756260693485
4775592,777140,278.5206079283374
4775593,1517602,989.203999391924
4775594,678680,504.87923757363495
4775595,468352,52.4604804802159
4775596,608108,888.6078217678256
4775597,420103,135.94141822091322
4775598,1593901,931.56728700616
4775599,200434,252.14897192238027
4775600,263551,905.9055934760718
4775601,361578,268.03699338951316
4775602,698726,672.0641757485016
4775603,679923,144.51069912583748
4775604,1975989,779.411914401236
4775605,1475669,890.8702102671776
4775606,1508511,246.49799489724077
4775607,233708,865.1157664189298
4775608,781570,981.5510742874446
4775609,465442,791.659739958708
4775610,1341478,270.4430253915523
4775611,1663373,943.2651894177314
4775612,508979,953.7968519355214
4775613,740250,633.5674604674568
4775614,1722854,343.27269615449575
4775615,648850,882.8539569414596
4775616,1589950,928.9073996547922
4775617,96517,865.9246606407878
4775618,1344838,922.8188758856365
4775619,14150,178.08838695450646
4775620,198670,633.0634146029182
4775621,1689629,189.13185929427556
4775622,581239,295.2555163205278
4775623,1349650,332.56920924693844
4775624,1277630,586.648291893096
4775625,760759,785.1382350110073
4775626,1320357,471.29028556984633
4775627,101943,886.0067667701435
4775628,1274435,881.0105234912295
4775629,1378487,866.7210349079335
4775630,1717332,344.3127555833736
4775631,301581,520.8932281529877
4775632,1757266,320.95802199741007
4775633,222346,193.52661927708414
4775634,546077,775.6005280686413
4775635,1687772,971.8879386450867
4775636,1662258,404.6572104406625
4775637,864653,800.5454540405872
4775638,1393209,269.45735689757436
4775639,1395353,359.1457961114035
4775640,216390,905.5332181355066
4775641,891770,715.3609221641909
4775642,190576,48.318344122323495
4775643,791118,107.26527775833206
4775644,1564859,851.9630768460805
4775645,1740628,120.61937206898409
4775646,891391,329.2891929234637
4775647,796015,373.68003783460404
4775648,1929054,580.5561960534716
4775649,832624,213.5439086187284
4775650,1259354,641.3815577028106
4775651,1506545,216.12577657434773
4775652,688268,151.9506720344407
4775653,920031,128.27547298182873
4775654,504480,744.6078295421306
4775655,378715,792.9964408109272
4775656,726647,264.4948041272357
4775657,1198771,443.1722494348136
4775658,1999209,337.2484109767655
4775659,378924,893.9363567856482
4775660,331056,147.5286008607798
4775661,403956,504.50309698213516
4775662,1888241,875.0713478212595
4775663,1354831,320.8964329597858
4775664,337832,979.6685398587854
4775665,951370,692.1320119319671
4775666,1410475,221.0148972036423
4775667,206064,276.89229884692634
4775668,1200169,170.8276531601277
4775669,1354798,775.4271406479623
4775670,404274,441.1398174525423
4775671,1789595,566.2430293248292
4775672,874477,898.0080850303137
4775673,634579,904.4052114972051
4775674,1897509,971.163787968899
4775675,1919722,132.94884801767137
4775676,318376,573.1858306457517
4775677,1725836,891.2010400498608
4775678,518521,468.67227339402496
4775679,1867131,697.5879311737034
4775680,448416,950.9573493319051
4775681,1992813,359.95604368445254
4775682,1509831,716.5091743978539
4775683,524734,667.8269673915887
4775684,41901,612.9114736150208
4775685,854440,29.332431156379847
4775686,1926670,964.8125834323046
4775687,397741,21.443901445094227
4775688,1462,81.48367436133196
4775689,693826,186.58575682104407
4775690,1631976,760.0564500304432
4775691,822309,185.29818892029704
4775692,1301306,101.77058152225248
4775693,667427,507.10749961025783
4775694,1839660,758.9303528483479
4775695,685343,424.8168083834608
4775696,416129,481.41538645853956
4775697,386071,761.5627968001396
4775698,1442074,539.5675521661367
4775699,695113,160.46266598325286
4775700,1423613,142.3797303805395
4775701,1937279,143.65203734546728
4775702,666474,109.75654231046094
4775703,1734247,901.5862621784859
4775704,381224,849.5116025920139
4775705,1231828,769.6719143669841
4775706,1224877,856.681621903832
4775707,924920,640.0609233566684
4775708,476510,936.6583479368622
4775709,730949,177.9521742548622
4775710,147131,635.9258429665284
4775711,8233,264.27935563380623
4775712,397349,912.0736535549468
4775713,397064,382.1754923845793
4775714,182820,259.8915893304773
4775715,1341553,533.1524463820856
4775716,1826709,855.854581665805
4775717,674872,433.6717945972086
4775718,1808133,228.24454790257042
4775719,979861,552.5867609627845
4775720,1227017,49.96492911520001
4775721,406733,228.3125606387445
4775722,471919,979.2866758664278
4775723,1965910,231.93260179879104
4775724,1512857,753.9735841777626
4775725,1963954,68.81724688748648
4775726,319018,395.8321068431757
4775727,1906878,516.258665625641
4775728,421661,439.0498685663383
4775729,1926590,334.14658250624507
4775730,391513,495.9594420812695
4775731,1144226,160.2076254326047
4775732,910119,280.30773498500383
4775733,1873346,585.4391482665889
4775734,405672,468.1118269148705
4775735,1174573,715.9668262239026
4775736,163980,766.4047919889947
4775737,29280,362.75744972206456
4775738,613289,202.56434704166116
4775739,1587109,35.99025228625008
4775740,196091,981.869212015691
4775741,1917587,582.470809641767
4775742,518586,172.05589007302424
4775743,1502071,607.838550099863
4775744,1855706,104.44870592034705
4775745,120020,809.4317379560764
4775746,1164265,805.846225892044
4775747,1069261,316.2164680454518
4775748,32390,196.53348515413128
4775749,228023,547.1395175484924
4775750,1240659,401.0813770280619
4775751,540071,595.1361574065667
4775752,1585085,656.4902454922324
4775753,324260,501.5786705514488
4775754,752538,937.1469058893955
4775755,32267,692.4240638692232
4775756,1135303,642.3964244431293
4775757,1372540,718.6475307856415
4775758,461767,224.57251433882698
4775759,1714416,559.4500748786354
4775760,1293242,892.4624827037634
4775761,1428143,671.5403786351859
4775762,115730,620.980530708176
4775763,713449,766.8786464983662
4775764,548975,193.16505094643287
4775765,1770028,394.70966155271503
4775766,499652,846.54539943272
4775767,67356,264.8000372676917
4775768,54279,155.45124546547106
4775769,513255,379.58678225790544
4775770,1373001,400.9086938803135
4775771,6496,99.32807681331846
4775772,340138,230.81094274157522
4775773,74605,481.9656743473827
4775774,1980304,778.1060804198618
4775775,95963,417.6900259605635
4775776,1622543,794.5415636294314
4775777,1339758,174.89157382766683
4775778,85677,854.7487073108272
4775779,1052983,571.860674509361
4775780,1718762,72.49930023918128
4775781,159012,458.28425177265274
4775782,1463959,758.6482484906293
4775783,854195,419.07213168059974
4775784,1332393,380.1728528299133
4775785,640383,205.85149824959947
4775786,1457638,532.4192553171704
4775787,1103352,795.8269469207653
4775788,1395954,638.0274527555698
4775789,1595609,444.76560720522497
4775790,629764,634.8030437386257
4775791,266375,258.5068512506948
4775792,1978424,986.5663377494348
4775793,592343,803.3686944624025
4775794,1870547,258.8051492150801
4775795,962158,193.92025802742842
4775796,1499581,603.4904366305431
4775797,351836,541.8567017180156
4775798,563673,916.8306270605467
4775799,188029,61.910640283185494
4775800,286635,177.0331482238493
4775801,79710,91.74741380444785
4775802,1579444,412.0349197107781
4775803,1251813,776.2372000280243
4775804,329673,769.6748049683962
4775805,1360874,836.2569222198402
4775806,1700955,120.07045797797188
4775807,913430,878.3995304312923
4775808,506307,785.3871611502258
4775809,277316,403.15745773285573
4775810,1904554,812.366347259505
4775811,785112,239.31506215326382
4775812,1122019,143.990515719141
4775813,280107,261.73017401148866
4775814,805717,413.49310992914843
4775815,1665964,700.3388428712881
4775816,1506586,439.34736476231063
4775817,1392315,89.39701752850293
4775818,247953,489.26419506213716
4775819,601199,23.666628300418992
4775820,212707,749.3366242799153
4775821,1199300,551.6015763955372
4775822,1367268,892.7871510353639
4775823,1217505,446.93843610449954
4775824,508931,877.6187666358514
4775825,184578,86.35752527747809
4775826,155246,604.8940865420241
4775827,142775,493.1777668023842
4775828,1897484,655.331451445297
4775829,1729342,522.183713443042
4775830,724899,475.7470523353896
4775831,1736680,379.20299990678166
4775832,845756,801.0497807887876
4775833,380378,626.3546350666567
4775834,337651,436.03006120007205
4775835,915286,732.882546295945
4775836,1705267,91.54937558564025
4775837,1712934,574.8488266609139
4775838,1135311,821.6796598100872
4775839,1275531,524.7388772747837
4775840,1694011,354.41924540306246
4775841,1418018,43.087826700020095
4775842,400417,904.9523518376275
4775843,1684996,891.2150041410864
4775844,1056053,411.46377931501223
4775845,1539434,777.6268723125213
4775846,661297,575.2674328348718
4775847,1431351,52.010917802048475
4775848,570539,729.7998860781029
4775849,66519,278.7755810829385
4775850,1411081,230.34842601048632
4775851,971496,247.57777677787496
4775852,901002,975.349865479458
4775853,1341953,171.47614513641318
4775854,1454248,608.1759877655157
4775855,148505,328.0437037899887
4775856,1584522,639.7880895128428
4775857,919317,810.5181406800463
4775858,1984157,747.7232636534237
4775859,704053,736.369489746702
4775860,770832,365.1396590886219
4775861,812645,362.72591202925884
4775862,1087158,109.7174486903827
4775863,267941,742.210498656274
4775864,512779,621.4747929914394
4775865,1526590,247.48670171264342
4775866,751760,851.2781815969363
4775867,419344,153.58746880275663
4775868,1849628,428.28288690906635
4775869,37278,298.2508519585465
4775870,797011,258.5794770624875
4775871,940829,428.37081352477213
4775872,1318217,323.822476048004
4775873,419651,607.1457563257653
4775874,199134,723.8634280628631
4775875,375502,784.325856047197
4775876,414623,361.68059302532254
4775877,1219854,969.5389578528218
4775878,783518,459.09558141811937
4775879,188177,533.7557005235158
4775880,526875,990.3916647471673
4775881,683786,853.814158114741
4775882,86219,26.184510830428277
4775883,764352,779.0046137735344
4775884,21499,595.1861701805354
4775885,312220,447.5487635230686
4775886,219037,214.8610442430212
4775887,1693397,881.3138244228512
4775888,1642062,91.89256941061375
4775889,464160,612.3243089383905
4775890,737505,822.1454987555641
4775891,679145,534.0175450254077
4775892,116970,656.667786363297
4775893,1164274,595.8643052907254
4775894,892935,587.2624907553649
4775895,1851954,750.5758642318042
4775896,886073,562.4038619744299
4775897,1958489,972.9863441669052
4775898,1646934,867.6430464293271
4775899,1551755,571.1015678702952
4775900,141831,370.7773405879131
4775901,1269727,148.0566680014541
4775902,395595,948.910718445763
4775903,1080399,490.78000281866184
4775904,1150254,353.9710193920317
4775905,636016,44.56836092655758
4775906,1646449,84.94085687880492
4775907,1743485,933.0664648261913
4775908,1448677,151.89631544885086
4775909,647580,739.7487539491542
4775910,317369,319.09031227971474
4775911,553864,23.292163683999334
4775912,1685006,993.9460547074192
4775913,293858,533.4217883184823
4775914,1703688,948.208220807047
4775915,553458,284.048634559638
4775916,866096,103.92781220948832
4775917,1631404,72.16905306402954
4775918,1025278,876.3822142398791
4775919,1695979,63.11460638769773
4775920,1781811,254.92535316102195
4775921,667636,250.30648045121185
4775922,870026,97.82638896122819
4775923,836301,974.3309334461389
4775924,23102,541.3149664847247
4775925,1589767,222.66661030928435
4775926,1094455,939.593396608877
4775927,1446172,673.2351481835955
4775928,204351,57.98519624065057
4775929,386685,436.67154937353325
4775930,2873,450.65452802633865
4775931,1826239,721.1447757767505
4775932,601959,287.4438427230921
4775933,1111645,601.772255724572
4775934,650934,818.2519269283465
4775935,468522,872.6381027715894
4775936,363027,62.159820169231494
4775937,1400865,724.1257410483644
4775938,256241,204.36103707644136
4775939,975130,582.2248830795257
4775940,50707,222.83770710641727
4775941,345368,859.3271865591868
4775942,1444091,130.09189978306603
4775943,1743385,571.9517477263654
4775944,1569057,797.1883047699467
4775945,585402,434.1550746163664
4775946,225374,248.6610469146302
4775947,58042,824.409170140011
4775948,1888762,260.9496747008957
4775949,917047,948.5423361137975
4775950,848871,933.5779468524053
4775951,17202,86.80414244693601
4775952,1520626,540.5838511672865
4775953,59181,780.5642401589478
4775954,247957,543.3864634572557
4775955,1372383,808.1173669914338
4775956,464724,39.92651501901412
4775957,1940671,731.2592435986669
4775958,1204866,648.4801618469645
4775959,308262,816.8858412139398
4775960,1282405,542.5843507611296
4775961,40645,53.45672880916097
4775962,287939,244.89832728774098
4775963,924786,895.4830396459361
4775964,236292,942.2534631779383
4775965,1064216,422.7127155447209
4775966,1931014,314.4267407334227
4775967,221851,295.3237039500559
4775968,381358,182.78260382593214
4775969,1240129,912.6972352477636
4775970,1017101,246.27078150882642
4775971,1161213,501.6549145467436
4775972,787310,984.8797947273229
4775973,646090,247.39721304221274
4775974,1465910,0.7930718309121509
4775975,476877,658.5124821697518
4775976,66382,750.2950744748176
4775977,864130,372.2165242640356
4775978,1299444,924.2424280845933
4775979,56162,557.8617856434389
4775980,1090486,790.6685159717572
4775981,1567841,830.6389450127108
4775982,94795,844.9881794428403
4775983,1479257,248.80184278789696
4775984,1884979,660.0148957729793
4775985,369426,512.7792169292169
4775986,445181,711.3255489455945
4775987,1565756,704.7337236262805
4775988,95250,694.5600097641179
4775989,1285285,478.89798825382337
4775990,1435461,462.61590418542744
4775991,932209,574.5499346633931
4775992,66311,860.9839220042696
4775993,1591462,644.5621039289639
4775994,590417,146.95352260039806
4775995,1706832,597.105670077366
4775996,1911348,232.81248982719117
4775997,1989848,148.63911317408173
4775998,97563,661.4357892306691
4775999,107025,945.2142407488906
4776000,1907438,253.18410711077954
4776001,1295247,351.79626614651596
4776002,89263,990.3993720704614
4776003,1898842,421.6454638455205
4776004,1719056,99.29687580741276
4776005,193530,540.8330250845967
4776006,1010287,432.11864862115954
4776007,578012,372.4806990530447
4776008,1174148,386.8556863555443
4776009,158878,882.4066428414997
4776010,1865849,14.456399054261437
4776011,1910519,680.1317429522054
4776012,89643,549.9618558051715
4776013,10322,140.45347176441692
4776014,443489,683.1815376696137
4776015,109947,869.8321560938825
4776016,972485,47.83885677834987
4776017,1048039,862.6722711836868
4776018,1073524,467.5471785120826
4776019,1150677,519.596530740576
4776020,262208,715.262327764385
4776021,1041235,65.65969199550636
4776022,1901960,529.3809856956278
4776023,1143547,861.2701976206037
4776024,1360978,359.3712568692704
4776025,1325542,290.9997752903892
4776026,863648,658.1467272840406
4776027,1151662,606.7175253559508
4776028,1092814,39.10214142827273
4776029,473666,95.27548365548988
4776030,1962724,172.64498912703175
4776031,171638,302.4369504164861
4776032,77345,864.5091000601149
4776033,879063,898.3739159025506
4776034,1587165,871.6491661126911
4776035,666088,98.72611479120819
4776036,1810452,483.0343232060269
4776037,561139,552.2036537398511
4776038,1771219,251.54566710968552
4776039,503770,420.3351004744008
4776040,1640915,933.485745435177
4776041,1470098,177.00006668242784
4776042,1519493,544.3726407139759
4776043,945930,514.2051762757337
4776044,1795674,313.3019903124193
4776045,1313992,518.8869998466589
4776046,1520517,877.0904749143644
4776047,576856,145.95241179004526
4776048,789195,475.04927060418953
4776049,1557058,583.0487859107023
4776050,1080904,881.6166676759022
4776051,1185530,148.7649652444878
4776052,1998619,94.24986882745489
4776053,45200,386.04523072560636
4776054,1304923,420.35403077344404
4776055,108223,266.9187000953067
4776056,1986715,829.8550797710276
4776057,696268,162.07642030828706
4776058,484227,205.19504220495833
4776059,1408079,870.7837021089216
4776060,649584,973.6592746287466
4776061,1700354,741.2531760201534
4776062,1841574,168.73187788620237
4776063,1547401,755.2607144472076
4776064,1960434,675.0344236752857
4776065,754960,340.85057478460755
4776066,737427,444.5904307120381
4776067,222261,926.6916127103694
4776068,1486051,152.92354190290814
4776069,742337,625.4071571796749
4776070,148689,200.0306640778452
4776071,383686,122.32855266140675
4776072,944012,736.147677463001
4776073,649915,634.2656873942393
4776074,947889,940.0320432696388
4776075,397131,258.77670125120034
4776076,1248725,310.59223018050074
4776077,1901384,244.42189742482356
4776078,309787,120.83108524630903
4776079,815004,604.7219739147145
4776080,79192,646.8426624864929
4776081,513568,800.3866265117613
4776082,1092221,771.4654048484098
4776083,1152544,970.834188921996
4776084,886712,434.2272315123282
4776085,895899,567.1468442618411
4776086,84311,678.5607472741849
4776087,758254,993.5842781877178
4776088,708257,141.6213411722458
4776089,728650,247.2781321324944
4776090,1887248,553.8886651028613
4776091,1420383,836.0907536614213
4776092,513503,584.2343700416303
4776093,1479983,975.8636229025847
4776094,633676,568.816488424126
4776095,1152210,552.4866685773724
4776096,896856,139.4511401851888
4776097,190214,809.0441389493722
4776098,984534,434.6775429713822
4776099,220324,688.126630103864
4776100,778574,580.8681027542482
4776101,950266,786.1447738592984
4776102,265755,386.611625832056
4776103,1546384,659.9650083307711
4776104,442087,957.522357214747
4776105,127508,766.7260563630166
4776106,911413,886.8320786563992
4776107,1490531,184.66399157259428
4776108,1186512,284.58482150339603
4776109,1926868,191.09717903095324
4776110,1025951,809.7553862783687
4776111,1621905,891.0165986175194
4776112,1143608,940.3271584859733
4776113,455678,968.7645454345156
4776114,451323,145.67721684461898
4776115,432260,662.5985153917388
4776116,1623538,916.5536684044149
4776117,1717389,966.3993548497064
4776118,1314193,566.3292504101498
4776119,78591,583.9780390900967
4776120,85078,191.95073437728195
4776121,508059,6.957747570031092
4776122,1898704,595.9900263546622
4776123,951621,295.87058992026107
4776124,307695,496.38523567959334
4776125,1268705,996.4403835048682
4776126,1239005,640.779907016127
4776127,1888832,865.035883836811
4776128,1067624,63.961730423327865
4776129,426916,380.2406658302219
4776130,502416,953.2129035625638
4776131,87679,376.2623320012954
4776132,680018,374.2811082069317
4776133,1358768,607.6446234918458
4776134,1217411,420.53524780654175
4776135,372215,267.2609081768491
4776136,957094,604.1643559203676
4776137,1054421,603.7316305856694
4776138,1075634,503.55118672679123
4776139,290697,871.1728766478664
4776140,1469775,529.78919802025
4776141,978679,587.0471969823536
4776142,889685,532.6853696711008
4776143,1821396,930.9926648546295
4776144,1736914,181.06557016426618
4776145,722735,623.3004473181091
4776146,500586,735.302917063225
4776147,592695,962.4762305563163
4776148,481222,456.6196401665545
4776149,1438585,379.5759946931526
4776150,1631093,782.1078100809258
4776151,1307778,646.9118255037841
4776152,930051,421.7863152651551
4776153,1053394,331.3797982982849
4776154,714429,293.7108183241718
4776155,1813695,898.1806572985987
4776156,70966,447.34379390531586
4776157,324340,240.90661691108673
4776158,551341,19.46815580071992
4776159,621380,192.670977417031
4776160,1614230,799.0785103105391
4776161,1132386,676.9494071737549
4776162,751205,451.00292735808176
4776163,1344626,532.9394336845123
4776164,680386,176.9429569945319
4776165,1672056,462.4833166729564
4776166,1097134,384.00922957971693
4776167,310151,17.075905846067442
4776168,1783548,392.4425098111448
4776169,844583,444.41395333640787
4776170,1901389,519.3731568283295
4776171,428850,163.77014038474414
4776172,953179,720.703079465803
4776173,1768435,773.436908156821
4776174,865035,856.6470821873583
4776175,1548165,881.9176399383891
4776176,1598443,358.4764338642672
4776177,1511727,708.1482005901763
4776178,1928522,338.62596526124014
4776179,657560,959.2459603173048
4776180,1651458,992.2804838658886
4776181,1634830,638.4875994339362
4776182,113061,937.934243720811
4776183,641976,45.42013644206766
4776184,555723,40.70588521988683
4776185,168014,48.05071321971044
4776186,797028,572.24585580665
4776187,315973,845.1339771900941
4776188,324712,580.7052359838901
4776189,773245,137.25334662711174
4776190,140178,425.5184632434986
4776191,1194309,706.9624739147947
4776192,188598,862.5057448340472
4776193,1232896,496.75609395709887
4776194,1058396,736.3757616233538
4776195,1675980,45.778223756004486
4776196,489961,263.1326484787122
4776197,1549676,247.89431590827894
4776198,600281,94.7407894764707
4776199,1393598,779.1850843783761
4776200,669985,554.8045214456749
4776201,813332,683.2645989570473
4776202,510584,110.03781535794221
4776203,464253,948.9098693891781
4776204,1881305,301.92088386456186
4776205,251010,615.2849565804943
4776206,1643319,576.1704519590294
4776207,1436308,183.0198398177587
4776208,615385,360.1285239068766
4776209,905925,177.70383047218687
4776210,1653574,282.48690218029327
4776211,882617,860.2421065350302
4776212,987390,936.5147236180608
4776213,513662,238.88990331356231
4776214,271851,748.4189763237772
4776215,1216432,27.745182130811564
4776216,634394,342.1835676549573
4776217,164141,424.6599762919049
4776218,611233,985.3537868523521
4776219,352359,343.4564012813523
4776220,677506,223.41073234144326
4776221,88957,612.1254255894046
4776222,1023084,914.3762660711049
4776223,1868787,651.5780120206742
4776224,1083507,975.7151941368477
4776225,879897,817.8978746330728
4776226,1098596,330.04489594443373
4776227,1707967,388.33061311645736
4776228,1771791,222.34834014474046
4776229,1483496,389.5781706618931
4776230,1244332,670.2594706586294
4776231,755565,267.99941845293205
4776232,1777109,21.92622968086799
4776233,615889,226.58524823932115
4776234,557216,163.44518968651977
4776235,987568,341.8306504092607
4776236,868267,319.8411571212442
4776237,786904,976.6871999167295
4776238,1389438,266.9186186216795
4776239,1822906,304.7459033489184
4776240,1020437,235.64052738901054
4776241,1258518,78.58762170367173
4776242,1945643,778.3918046119053
4776243,399372,833.2821035465577
4776244,430929,806.7053075653305
4776245,226416,24.240340449598108
4776246,768762,557.7576676088909
4776247,1988402,26.188327714313118
4776248,1874771,200.3916443523205
4776249,1121548,607.6313394083735
4776250,1761202,492.587838820316
4776251,1650351,892.6427717094496
4776252,1650060,805.9535550253985
4776253,1399814,30.69506995968063
4776254,520347,488.83941302637027
4776255,329160,459.81856079489825
4776256,1973168,276.4444729629988
4776257,120582,670.9405627928769
4776258,635837,392.97137066916787
4776259,279027,471.503527330143
4776260,979299,95.80378523648659
4776261,287606,526.4919261485118
4776262,1072342,416.84600682196117
4776263,642461,36.10082701863049
4776264,586714,501.2349017468208
4776265,1339948,277.76714005250346
4776266,1064108,380.0841778631292
4776267,726478,977.5761144086911
4776268,1759507,806.8111517508738
4776269,1063846,11.489616948572202
4776270,499308,211.83834546637138
4776271,1734503,71.69878498586635
4776272,355353,254.6207429731272
4776273,1770801,239.40682881939955
4776274,1668685,296.69921549371225
4776275,899236,825.4401560939194
4776276,23419,975.9240448473244
4776277,26871,677.1234003286507
4776278,1389021,782.1815691383139
4776279,282788,577.055416639501
4776280,500303,831.9023349803268
4776281,1072505,966.7882930693627
4776282,1298531,913.5095791120896
4776283,320964,914.5286771146671
4776284,1902315,124.76520093499288
4776285,211766,137.81000833617773
4776286,668086,881.5220110309501
4776287,1949696,188.05589616782848
4776288,869957,449.4590796089085
4776289,323683,693.7293789504791
4776290,387487,270.12694196905153
4776291,706439,66.14074021750615
4776292,1956781,307.5737545541891
4776293,289074,211.62280330804995
4776294,1273911,537.390629479762
4776295,671496,483.7263514676018
4776296,69706,170.04619348335382
4776297,741908,975.3937871147085
4776298,1131699,801.1026767531208
4776299,730354,117.08942992273008
4776300,1277028,416.1089200835585
4776301,1321522,860.3056117843606
4776302,1686234,125.352977379939
4776303,1351698,561.740206269616
4776304,1599358,415.6816170237634
4776305,1106372,372.68420908123244
4776306,1642697,534.6620487609498
4776307,349650,666.9788562239771
4776308,1688530,403.41177471844156
4776309,530009,779.6927623149769
4776310,1675286,275.9595066657599
4776311,85783,885.0240723042483
4776312,695160,449.9576941896578
4776313,773012,776.68452933818
4776314,199928,95.5967304967933
4776315,1368238,737.0565093815226
4776316,487911,937.951439758219
4776317,84364,333.5653884654113
4776318,557360,170.75746128164758
4776319,134494,720.8150717159701
4776320,222080,461.1624384558609
4776321,382428,294.14932392412527
4776322,1078805,290.13500843291916
4776323,523014,934.1080473406611
4776324,844857,893.1750613826928
4776325,113027,857.3964821868766
4776326,206811,518.4538748193261
4776327,1389404,307.3973577396931
4776328,1890937,538.1513268789673
4776329,1464951,381.90987674432483
4776330,1212384,433.9904063515465
4776331,234522,600.256058453757
4776332,1931688,516.9256382436172
4776333,88152,951.1096207482564
4776334,834450,909.7537987586941
4776335,1535396,27.05568380411183
4776336,1047828,807.6764724505083
4776337,594629,940.0982916685739
4776338,1542249,779.9714925383057
4776339,1507913,741.9979109510092
4776340,987063,848.0325234417205
4776341,1659727,465.42820767253613
4776342,1275259,856.3274872704638
4776343,1086743,812.8649335335191
4776344,842868,170.3629734656631
4776345,227220,508.2585492372825
4776346,1429507,854.0546697092957
4776347,689617,287.0031567346224
4776348,1476552,500.325009239298
4776349,623327,983.786284633688
4776350,940196,121.27869098947674
4776351,937495,657.8945422671435
4776352,1394957,811.0611440672775
4776353,735144,981.843307483363
4776354,1253100,455.190782003007
4776355,878826,705.0541920234928
4776356,1201132,232.78746597621813
4776357,1484315,503.43530948485005
4776358,910616,672.7546798880219
4776359,427496,841.8387086648756
4776360,1325846,709.2044550616787
4776361,1378405,160.4062396464726
4776362,1740007,226.32178871441465
4776363,1216364,332.87306671070206
4776364,1901259,389.28625268474235
4776365,1712309,249.9758548739809
4776366,881033,334.78281402947493
4776367,815407,33.39815495304998
4776368,404216,499.5629662953215
4776369,384570,361.44680582731183
4776370,259159,523.250471404662
4776371,1042327,438.7285943110714
4776372,1304577,973.0422974250267
4776373,1824805,462.88033926471905
4776374,1301327,35.724868943455505
4776375,1435168,264.11322699918406
4776376,1650941,400.89441199816787
4776377,891020,896.3156638067657
4776378,1633856,538.7388754120864
4776379,911855,729.0123534208583
4776380,1147270,468.0435898548895
4776381,1479388,56.487162649386356
4776382,1401730,446.7857208305237
4776383,899282,734.9784608281083
4776384,1746698,546.6891628962029
4776385,675433,125.85174003755772
4776386,70505,595.5756191636032
4776387,1861476,571.226225108561
4776388,678786,870.0378731650778
4776389,897167,366.15603834483034
4776390,1899425,259.92449917843373
4776391,1378188,983.8623937808801
4776392,1444387,972.0439393883918
4776393,162623,282.636039142511
4776394,1084481,548.1938369863619
4776395,178634,75.5553096827607
4776396,300407,819.3581363083532
4776397,7392,330.057024657894
4776398,300905,255.72419515983148
4776399,1043869,218.6893251510098
4776400,303589,421.73857188913763
4776401,1055082,666.2873928274356
4776402,971181,180.61432137860876
4776403,433769,47.14143776697321
4776404,257110,413.2617184335248
4776405,1395934,773.6829124328585
4776406,334363,282.76747261820645
4776407,100460,327.66058444823165
4776408,1648,900.8823260090345
4776409,1561608,428.2974314318635
4776410,1212158,9.86206551587654
4776411,1319756,75.38840695497406
4776412,215929,396.0513529604863
4776413,177118,617.2030762822927
4776414,1514530,198.4767343649284
4776415,982137,339.6236677416963
4776416,1009429,511.57793756411405
4776417,333431,464.02163076719484
4776418,1383580,540.4470785111859
4776419,362139,401.92609932018064
4776420,1604385,780.6596596416757
4776421,1277156,718.8525562957904
4776422,1698607,80.68076334255846
4776423,1043489,382.99015014092817
4776424,537438,258.51697120115216
4776425,1913849,90.07771553525723
4776426,698138,587.4268254002654
4776427,668624,907.1715126974929
4776428,990718,994.94696901504
4776429,1045752,352.0861939675397
4776430,1960376,601.11842717781
4776431,1285848,912.5990332316991
4776432,1266229,943.3740805757848
4776433,1030726,518.3771663336698
4776434,773892,690.6170114112857
4776435,1698085,375.688034665691
4776436,1729682,396.5303818275957
4776437,335763,883.4594204055707
4776438,54273,324.12209062804766
4776439,909082,572.5402127563093
4776440,938981,214.89014006721874
4776441,259558,164.6953599988148
4776442,1862133,292.9880020298202
4776443,858681,803.8259070541943
4776444,577731,41.61427770156245
4776445,1572314,111.61007379938381
4776446,1358391,212.82538604191535
4776447,55413,544.4428477468813
4776448,1121837,813.4458217846201
4776449,1048315,159.98379475354807
4776450,960556,406.8322494425051
4776451,1541150,714.6611044359265
4776452,1442777,231.2835912065978
4776453,1107145,253.2729390735493
4776454,735578,936.8896691186316
4776455,1316081,218.34990123932997
4776456,1610769,950.3396600766341
4776457,171857,788.2608155664155
4776458,960155,632.5098930606241
4776459,267714,217.46496590258346
4776460,421311,353.23111455038435
4776461,1342828,228.3283337761679
4776462,1065287,156.69134710612042
4776463,83047,121.27147272999683
4776464,755294,787.8075258932179
4776465,1778177,683.2575077664802
4776466,445696,989.9271891357378
4776467,1081250,985.017025856492
4776468,261289,926.1463308405866
4776469,1116674,166.92576350626365
4776470,1872643,30.949344463073515
4776471,289965,484.0216996807881
4776472,682991,649.1959040671118
4776473,1424385,12.62390920094203
4776474,731822,144.29262688152767
4776475,145272,250.7781073360601
4776476,1783361,459.5022095851398
4776477,1287514,756.135705138249
4776478,958564,504.460713701302
4776479,264471,968.2117715977013
4776480,824865,593.0513252604901
4776481,1102383,521.5422612297081
4776482,534247,574.9169304591126
4776483,1189749,894.0678551170987
4776484,1129224,410.77176000500447
4776485,3399,827.1881216723749
4776486,1167391,721.6503644595831
4776487,448785,188.23632360435795
4776488,301660,325.044973167409
4776489,1957665,464.9138260097168
4776490,303081,654.5284165748975
4776491,1357285,269.80447115108717
4776492,969416,984.8252140833732
4776493,351763,223.16118854968315
4776494,1213899,95.97910083199301
4776495,1652901,410.39393805409554
4776496,134097,611.5724560079328
4776497,441972,164.76928630996457
4776498,108881,890.7891801126827
4776499,529843,370.4337589425464
4776500,1945319,849.8387775289641
4776501,752141,461.12229345536315
4776502,890826,528.9859747191075
4776503,1826289,916.1212864678008
4776504,301410,766.9643595240922
4776505,711798,699.8853275140159
4776506,1719038,714.9117941564772
4776507,283002,553.7439887385516
4776508,25003,44.05411358669908
4776509,1487949,8.35562583059879
4776510,627241,699.3690754407602
4776511,62315,338.97256380485766
4776512,1677823,719.327933994557
4776513,709872,42.57679319885599
4776514,820534,882.8590969088026
4776515,341903,485.4760171106283
4776516,474249,593.9781818032513
4776517,1855553,989.0570790132965
4776518,350706,370.4463931975751
4776519,654832,188.88901998320063
4776520,300741,753.1907694389639
4776521,419858,707.7872909521359
4776522,462140,565.370500438687
4776523,1286047,958.2445024161198
4776524,1930923,561.5495863449141
4776525,1302922,649.2069775603007
4776526,497100,713.6027888619329
4776527,319864,923.4607621751048
4776528,702835,587.7515102995363
4776529,1092568,518.5660673744512
4776530,377696,944.0348653732659
4776531,633620,272.329756030981
4776532,745042,125.89601213312218
4776533,649082,626.9278275358542
4776534,1543785,895.2263032361373
4776535,443486,529.674943971206
4776536,539458,297.4865273952585
4776537,1339189,837.2864464721637
4776538,538325,306.48866147249555
4776539,265467,523.7649654249242
4776540,860175,943.2267562468426
4776541,1965784,105.34278234735928
4776542,468156,923.9830183105229
4776543,730028,540.522090833323
4776544,1631266,286.95706470597594
4776545,1623355,499.0490905748012
4776546,45935,156.988411115646
4776547,51196,621.4123930895346
4776548,771682,69.35587274780697
4776549,637532,777.2641151333523
4776550,1496790,526.9760453688672
4776551,1523474,146.01534931494132
4776552,846326,479.0036054114942
4776553,660017,258.0804222534155
4776554,1218603,228.24233122575387
4776555,1246685,685.0849701079966
4776556,700732,795.2734411788688
4776557,1697507,588.7606712699629
4776558,61483,846.1603040688409
4776559,1911846,842.03225033341
4776560,1316279,44.320256410733116
4776561,1618878,665.1060832420031
4776562,1479815,831.5369734174442
4776563,995929,47.69780953236102
4776564,151090,244.70915438152429
4776565,1879655,335.58320975668346
4776566,476266,160.73049931901596
4776567,1212232,314.70641031522825
4776568,1686442,240.07882374219335
4776569,1039747,9.285602991231379
4776570,1406273,499.67659082219984
4776571,1637288,62.822095056342064
4776572,1403954,27.124596221604346
4776573,1365046,817.6957988913356
4776574,365819,884.9814630609904
4776575,1089717,472.81670848758097
4776576,549352,854.9770824052624
4776577,1637678,669.825703985011
4776578,653814,412.3961523027151
4776579,1674066,892.751061023186
4776580,1518080,595.7031925139875
4776581,25967,202.16333042053958
4776582,1061089,910.9238636667782
4776583,1806868,667.3132623330929
4776584,1583309,99.79331057589513
4776585,951151,415.27751854855876
4776586,872597,313.74838225378534
4776587,405213,258.52552580502
4776588,744727,46.73866894274548
4776589,477808,959.7580973405898
4776590,375884,896.8443338866833
4776591,681838,637.7128949526734
4776592,1951458,704.7306484800563
4776593,704887,610.773009348467
4776594,142869,114.63484903822906
4776595,1277473,105.77020312106488
4776596,423779,88.76525322332152
4776597,504675,32.01332167714366
4776598,10130,97.31621075153996
4776599,1747256,289.56735553057086
4776600,629998,949.9613038100607
4776601,784932,313.4595995128091
4776602,848058,170.70222466100037
4776603,489321,599.0183518593213
4776604,1439461,484.7430729668024
4776605,489562,487.3808059492143
4776606,1469763,99.12407583621952
4776607,1964691,205.62913337114765
4776608,845026,170.70711471562083
4776609,467600,243.785088795749
4776610,1753500,591.7165315161238
4776611,826904,714.3640787022111
4776612,607246,13.674364266815564
4776613,391133,538.581734879211
4776614,76139,726.4852352523818
4776615,1668054,40.62809010512092
4776616,426572,241.6354870655726
4776617,762476,150.56666763673542
4776618,400079,258.12858250355475
4776619,1332136,731.1655376581563
4776620,1597391,929.1876289819827
4776621,943622,228.113569894169
4776622,1200117,236.92834508231275
4776623,1768396,800.1716887692572
4776624,553034,556.6789970083684
4776625,1316909,393.6907144830658
4776626,970300,45.65440526146869
4776627,1439003,491.0762206242416
4776628,383178,444.0132601766045
4776629,1149554,867.0165694550597
4776630,406452,17.136778410561604
4776631,1898695,238.6077488844839
4776632,865933,195.12377311888497
4776633,405447,501.92791792138047
4776634,737295,382.8537475767545
4776635,244275,915.2641585383034
4776636,13840,959.0560973684171
4776637,1442286,512.3619052934124
4776638,222495,902.0527257781097
4776639,1203657,138.23768186133378
4776640,1232439,97.51537079317052
4776641,1025581,134.4235212399084
4776642,1559395,475.73007755319895
4776643,1864958,760.1646385993449
4776644,1967465,699.5515546530485
4776645,1487235,209.2328472046472
4776646,69959,345.74184689097865
4776647,1943027,346.13831233867865
4776648,1150873,138.22816772994773
4776649,542740,195.97329059661473
4776650,1317658,293.41921059912926
4776651,100636,280.50878498070773
4776652,1839357,195.3853344827158
4776653,1747029,146.8437698006364
4776654,1359544,83.83298161757725
4776655,126419,644.6347940418816
4776656,442565,1.4105948783086353
4776657,1993756,486.1813597519424
4776658,465314,158.16172441296894
4776659,226833,562.3029153747084
4776660,79532,811.8760511294442
4776661,229178,526.9583783582414
4776662,784237,373.88962834156536
4776663,1688522,599.5149117309126
4776664,1063859,926.2005951400945
4776665,356695,833.5391010824436
4776666,476412,888.0137337707695
4776667,1244353,419.949625051657
4776668,1214858,545.3525777157208
4776669,799268,125.53130654126588
4776670,436257,442.2070160763143
4776671,162634,642.8362925909009
4776672,126546,132.19723230852287
4776673,383358,945.0857528651231
4776674,1559627,642.0649669600964
4776675,734667,337.1451037610896
4776676,28260,101.97370232181491
4776677,781388,212.98157883793235
4776678,249455,206.2103513015795
4776679,1772510,629.7464131537661
4776680,1927675,561.7325848111211
4776681,494671,908.9387881687553
4776682,1679069,604.202326707961
4776683,735235,505.8107153457583
4776684,95948,648.2351284870788
4776685,708680,493.76442061479077
4776686,1578278,904.4370839162453
4776687,293914,8.596950002290104
4776688,1534257,830.6813186967213
4776689,253857,114.94091745925239
4776690,1200024,316.51806853410733
4776691,1175490,249.03083790812676
4776692,1899454,6.473939385031824
4776693,1114170,556.0396120451616
4776694,1510763,731.5241986484325
4776695,1257713,211.72322354932615
4776696,1644442,721.8709713028295
4776697,378307,852.9230375055744
4776698,561645,212.64812369764186
4776699,1422903,871.4551727342765
4776700,478416,57.82970199771131
4776701,1109639,181.83241706811893
4776702,303729,440.65709882956116
4776703,1257120,259.6014601314095
4776704,165312,281.28568261063214
4776705,432885,929.3357605140138
4776706,1382401,707.1289224128692
4776707,1771324,835.2523801863873
4776708,945009,618.0771118055083
4776709,1333170,525.1294063347576
4776710,890435,73.29234303200826
4776711,819344,410.28676020147634
4776712,1552963,988.8310670667146
4776713,1884817,590.1486783543875
4776714,204952,281.3243093878749
4776715,477745,164.91270595853447
4776716,295203,301.41373257019546
4776717,1659962,483.1702867658325
4776718,960887,794.4506595899263
4776719,883521,9.00769040299898
4776720,301860,983.8045558820874
4776721,163169,299.36286048170246
4776722,1155994,547.8551646466226
4776723,159827,345.6618511870082
4776724,1257092,687.5525507536305
4776725,1259298,936.5184242674464
4776726,822631,260.3782165987851
4776727,565871,957.8057892240882
4776728,218725,126.49432925486181
4776729,1512228,142.24663895853607
4776730,616632,995.3253846840977
4776731,84001,883.5615034432676
4776732,850253,499.5898191320377
4776733,821159,193.96253576007717
4776734,1247956,107.21804706454807
4776735,479033,278.76580643517934
4776736,1303735,483.7603702894121
4776737,973664,306.0014083547037
4776738,1002310,554.2638628029242
4776739,547447,365.2126885190414
4776740,563670,175.61098488185388
4776741,946463,673.5492041274634
4776742,716276,122.54881455863764
4776743,1467232,219.42815014010563
4776744,1294450,827.3284296195219
4776745,1405042,141.98143729162416
4776746,1520617,361.1381180425233
4776747,351356,805.2173509727678
4776748,899989,37.493489076397154
4776749,1325578,351.5030670295405
4776750,734700,451.89371184864814
4776751,94060,470.042530389714
4776752,1408287,43.221407312466376
4776753,1588696,815.6698325195716
4776754,975656,449.3811220362769
4776755,739209,233.84651235751562
4776756,925636,484.3184886923051
4776757,1357524,319.9266282684582
4776758,1498428,175.32058564671703
4776759,51255,651.5648104551587
4776760,11095,512.224776137561
4776761,854617,413.6694517829581
4776762,128723,747.16102862111
4776763,347646,695.5932745287947
4776764,662047,828.7521936335484
4776765,1837231,517.1399986767457
4776766,731377,71.98466145554883
4776767,1819715,353.6884518587723
4776768,1820908,299.2050586440332
4776769,1301967,240.09890908467878
4776770,546499,662.192612483245
4776771,1320839,627.4403127336142
4776772,246358,35.254486649374364
4776773,880280,744.842944251976
4776774,526113,678.4464437571525
4776775,311057,836.5426979999264
4776776,208121,882.0778972169221
4776777,975619,349.76057571962036
4776778,1426406,752.2079151471864
4776779,257238,296.5995899041568
4776780,1206769,118.49674797667831
4776781,1125056,365.35817004592496
4776782,401946,9.02664948962495
4776783,1077656,93.23727278951277
4776784,823582,726.7790441261349
4776785,1694271,293.57548363741483
4776786,1012126,968.3591303626957
4776787,1078509,71.64116563792278
4776788,118548,889.8336267682475
4776789,121228,809.1007790647571
4776790,139996,537.5558112730789
4776791,1860672,211.06032162842624
4776792,45867,622.665607056116
4776793,1842732,790.7918367682373
4776794,1115799,68.30701172006826
4776795,1519566,551.8473219187191
4776796,1036812,497.16234035652826
4776797,1154299,678.383660119001
4776798,437971,825.3495791224296
4776799,48768,353.7310960699477
4776800,1333196,868.9611180148364
4776801,701904,617.4512226816327
4776802,1364114,316.674276948678
4776803,1720359,998.3770974382929
4776804,1492640,517.1792102356357
4776805,1547548,331.4902705653684
4776806,679609,635.299007654698
4776807,796329,377.1914462070498
4776808,1722270,243.37764931335082
4776809,607663,203.59667014524595
4776810,1567137,270.79699706405904
4776811,215120,536.6250671922916
4776812,577853,97.96389628170432
4776813,1048242,193.3848742573424
4776814,1652742,699.0649941189903
4776815,996947,603.2146910121232
4776816,1576806,799.9263745854704
4776817,1979215,448.0876925200599
4776818,1887038,710.0069522767727
4776819,724403,939.9964088095962
4776820,547056,788.937636171805
4776821,1287811,688.1370794245763
4776822,725755,383.1711073158329
4776823,354747,0.3999468156761221
4776824,1535,625.334190554289
4776825,680628,539.4127425381007
4776826,1596284,337.4659676093201
4776827,1123769,732.7573266342464
4776828,492896,829.0456734315086
4776829,1294650,660.6922989957292
4776830,373137,975.2822804224473
4776831,1418709,829.3848656372662
4776832,1258439,291.5371832127146
4776833,1225413,971.3749253232818
4776834,1012380,679.5208122554359
4776835,1575512,16.741827321585244
4776836,1277576,799.450945352648
4776837,776062,105.05804502943428
4776838,849454,51.17986957351916
4776839,1095049,239.8023034364669
4776840,911918,615.3975115301874
4776841,342777,32.05520566636999
4776842,1955110,963.4609235619492
4776843,1639293,705.6719039187626
4776844,305891,913.8197202176108
4776845,1126483,629.2834878583188
4776846,716300,376.58560038271315
4776847,181488,405.2267328128618
4776848,449833,61.058216646380004
4776849,769482,456.36602571200336
4776850,1990187,586.2089868435281
4776851,1279264,484.14737415103315
4776852,101395,858.5741952535458
4776853,1905407,888.6786360207273
4776854,2186,799.746371514262
4776855,1566849,422.7932557648354
4776856,730860,859.1942655757218
4776857,1298666,722.9928881890535
4776858,129645,940.3965608762295
4776859,1666854,939.7478753396399
4776860,205258,959.6762825155635
4776861,786853,121.00734395292523
4776862,1181641,25.0129635341394
4776863,1794761,500.0708331453264
4776864,1559542,191.84069560333484
4776865,82713,302.85723808829647
4776866,1567451,220.74840034958032
4776867,62925,917.3666202409825
4776868,1801526,170.54543662412092
4776869,938181,981.6801556493778
4776870,794614,155.55116245316714
4776871,744968,622.4770317197907
4776872,1902369,710.2730032278953
4776873,461268,443.81964341690485
4776874,1620514,970.8945003682219
4776875,1588350,624.9515584552992
4776876,1821384,418.88323143480045
4776877,516370,715.5664457900342
4776878,1085080,99.51770217490275
4776879,1550482,225.3455903364404
4776880,1718900,413.2341496546017
4776881,1962485,369.61018334798666
4776882,418132,896.1926804416686
4776883,613421,885.8017214646335
4776884,692528,578.3883894663775
4776885,1153356,454.49464132292627
4776886,1394206,722.9602626881228
4776887,984703,485.901157727517
4776888,1214010,0.739559574510662
4776889,355288,115.04939526103996
4776890,1952498,788.6960636908234
4776891,1329026,390.96228177669923
4776892,817261,875.3967551847011
4776893,1175230,471.8017905528087
4776894,1548323,507.3810645611867
4776895,1353847,955.8125804380049
4776896,1970342,876.2440458978579
4776897,380655,102.73345075936379
4776898,845422,55.185802790341356
4776899,1021900,657.0191050365128
4776900,1253937,184.04144089907436
4776901,553388,834.7885902861884
4776902,1278417,507.52559887707184
4776903,1180326,924.7349969569091
4776904,819216,834.2075121800482
4776905,1411677,130.9379034668472
4776906,1455512,825.3679655823634
4776907,392148,188.2052483585035
4776908,106231,298.27311953201905
4776909,562456,170.63695799886648
4776910,631292,567.6035483261575
4776911,286019,173.48845579758287
4776912,215878,458.8176524495384
4776913,1684366,609.0628131033484
4776914,1435040,799.1707231271329
4776915,1694853,221.87696033080817
4776916,1352893,965.333697595089
4776917,1215573,836.6323976525507
4776918,1522991,170.5585660878135
4776919,1537853,988.2400859267275
4776920,1520394,292.28556492569345
4776921,721163,976.4088841703066
4776922,1928744,856.1060936785143
4776923,613392,987.0574376457738
4776924,251049,775.3690987081612
4776925,1637737,304.03645227926125
4776926,1815018,587.6300542853675
4776927,1181710,551.4114473828733
4776928,323128,371.0988897785107
4776929,782030,739.7059334706555
4776930,249248,113.17908052820513
4776931,1541224,542.520293180279
4776932,1088935,311.5372426102955
4776933,1939043,764.6100811852899
4776934,1209111,243.57545032197058
4776935,1714081,788.5913900867295
4776936,71597,380.76365139875725
4776937,126262,885.7885760628299
4776938,1364895,369.26447999573134
4776939,1153580,884.5906799491755
4776940,1325641,949.0311941772914
4776941,270716,880.0936337614506
4776942,62949,508.0622457767805
4776943,1311333,594.3604923983129
4776944,310769,476.06552183722937
4776945,1178600,614.886449798774
4776946,362790,903.601235196706
4776947,1145666,810.1851259245842
4776948,1439941,180.87533393133515
4776949,1401950,470.6292069790533
4776950,1623951,189.15860661238182
4776951,545015,197.45429528167557
4776952,392642,937.8075464635946
4776953,1319888,887.9143429169496
4776954,1096929,661.3097262752293
4776955,210239,971.4815774797638
4776956,1530930,916.4150387735974
4776957,1831078,908.9229277857673
4776958,891593,311.6868681360191
4776959,1718112,594.5074746509832
4776960,1735060,291.1675955343652
4776961,443793,317.7308044801339
4776962,1824014,636.8688560611268
4776963,1955564,155.96704347616154
4776964,1416451,476.5340723624739
4776965,1513627,614.805709827109
4776966,173756,49.677116883118934
4776967,1453367,435.6986311268992
4776968,743462,143.55903088554257
4776969,1688392,379.1481650047782
4776970,833470,514.9950824288742
4776971,193167,225.6053685860342
4776972,137569,12.911000516897865
4776973,957054,489.25819687158287
4776974,1069128,139.5517834961324
4776975,48000,209.4112789011542
4776976,579703,485.8604303233029
4776977,512768,60.691039176546724
4776978,1706815,18.83782669704337
4776979,1451670,287.8190264069593
4776980,690472,109.95579209451533
4776981,1964298,126.16380436023312
4776982,1719492,708.3852048300713
4776983,630115,167.52538282793572
4776984,505513,70.66350245561704
4776985,1933367,876.5325038061208
4776986,112684,290.0408830653101
4776987,472373,329.80973815452353
4776988,553081,218.44817569083364
4776989,1629008,463.15567656730826
4776990,904992,371.53096345860337
4776991,562415,25.969031126744312
4776992,1914320,987.349290749166
4776993,973446,400.0345795162428
4776994,1464596,29.825236146786892
4776995,1030713,830.6010744121909
4776996,1497909,135.06989937334214
4776997,424487,311.87787456283235
4776998,1860506,42.84378400260069
4776999,28779,492.243431577729
4777000,1971397,384.5644780281908
4777001,102331,651.7760766692952
4777002,1234207,818.4465093983796
4777003,655538,840.2873977019364
4777004,141084,609.3703405700822
4777005,1899779,595.2215693076523
4777006,349676,244.14257181238673
4777007,176044,181.95940045947933
4777008,1700253,847.0093660957924
4777009,91573,393.0934175115882
4777010,478059,692.296280564788
4777011,1570912,633.3378693462597
4777012,1702937,671.3792200686026
4777013,1245725,110.47417407626203
4777014,671184,641.2754545190262
4777015,134875,666.2554300868488
4777016,245460,378.83377492778646
4777017,66758,115.57924455088676
4777018,760543,196.9941209463306
4777019,907549,830.9819328386344
4777020,1285381,922.0707282464939
4777021,782325,791.0051738588569
4777022,1367914,996.5284886123761
4777023,1813716,1.5324845285829003
4777024,1900750,671.7084749554035
4777025,1997876,726.1370334004409
4777026,324131,85.16220148716813
4777027,1169612,487.6407522213575
4777028,1722313,229.39985539731035
4777029,1811554,642.1344320148618
4777030,1761915,641.370343620773
4777031,1968196,97.47771188407373
4777032,657747,905.0700953535425
4777033,1223182,996.0011437404512
4777034,568790,327.33814752912184
4777035,1755287,933.1767443883899
4777036,799960,530.4335495945805
4777037,545995,935.3288183676725
4777038,803197,491.5370845043754
4777039,1044373,457.35677841385404
4777040,250927,415.14143835575766
4777041,524957,834.9570127280274
4777042,1556921,892.2840099881734
4777043,545106,973.3860957965549
4777044,1557771,506.628099719428
4777045,1260318,359.5629173322885
4777046,437800,145.4922160533174
4777047,345993,367.16526679678316
4777048,1350835,815.0439166469027
4777049,1785973,27.165095498988713
4777050,965235,615.3976305088786
4777051,1419389,675.664615347512
4777052,893858,593.0105964096307
4777053,1545317,384.2822368324656
4777054,1790194,407.286932344773
4777055,339928,362.9394290883704
4777056,1887224,749.9607934582685
4777057,1297564,698.7685986199377
4777058,1968412,26.798500705558336
4777059,652475,942.5602761543151
4777060,706050,74.16832891368108
4777061,760426,353.95077847885995
4777062,1248823,514.0817158029564
4777063,610803,124.38869619388315
4777064,1133572,347.40941167685946
4777065,943789,80.51899688524044
4777066,1465043,309.9994764954319
4777067,855947,543.2746669955175
4777068,150451,953.6261087019353
4777069,413175,592.1517184723558
4777070,436356,910.0370215209481
4777071,1324873,166.77928438080346
4777072,423045,809.1070197576729
4777073,1992006,733.81352551669
4777074,540139,54.594330779833776
4777075,1399467,501.7824365075514
4777076,855633,257.27062944219267
4777077,1867291,717.0375886120846
4777078,475441,627.8765259454564
4777079,338675,485.01672913631387
4777080,1721539,718.8510715257212
4777081,1487660,505.4763225421548
4777082,1172576,302.7609001301573
4777083,206215,918.8056888635738
4777084,1168748,920.0897039560369
4777085,795388,841.027083787103
4777086,1922681,862.4829787429358
4777087,1202448,93.68223681987054
4777088,1783811,494.429393606898
4777089,423823,591.0550117353466
4777090,657512,832.3037974067003
4777091,1951423,867.0877434147608
4777092,355239,826.0677513478048
4777093,488519,12.565538414823774
4777094,594172,31.452462484153788
4777095,720398,743.784898662605
4777096,1546424,460.09957333475415
4777097,1387418,293.20106673372635
4777098,450643,975.6409134344158
4777099,1246853,935.5446546367948
4777100,1617666,903.4140697004111
4777101,340781,585.6665993881016
4777102,1348921,326.4387529838792
4777103,1620831,716.5828527839499
4777104,125228,66.14210056772019
4777105,426437,496.68465503451773
4777106,1445229,714.5107564981652
4777107,308106,684.8726522286856
4777108,1759959,793.0627496542476
4777109,1776089,113.709413176872
4777110,442136,445.8755370294655
4777111,1866465,925.6602355126055
4777112,419619,879.9347625397213
4777113,1878734,940.733181340606
4777114,619671,950.1455564616202
4777115,494786,54.85284403746415
4777116,1270911,679.9506482362733
4777117,1928369,783.2816578068471
4777118,1116494,91.22360498355985
4777119,546660,121.14926016122052
4777120,1361979,245.52808311531027
4777121,1663791,521.7330055789249
4777122,459033,480.21557087701336
4777123,1694468,427.305528644372
4777124,779611,296.1936717863032
4777125,1977592,834.7405708586855
4777126,1843015,572.2085034576588
4777127,1324039,971.6566051528714
4777128,997356,214.49945763200418
4777129,1019879,709.6222097314471
4777130,686846,127.91475472458691
4777131,310151,593.0440115486319
4777132,465857,578.5766158086194
4777133,1915106,491.4589050244779
4777134,1005505,6.8210947193126925
4777135,1647288,541.2849286149424
4777136,150700,51.6509431225729
4777137,217974,551.8879449277131
4777138,175511,284.52750990469445
4777139,541125,823.8264266295739
4777140,389762,355.72011478288744
4777141,166114,968.259358736571
4777142,1826618,444.2742456446507
4777143,1321396,459.69744853684955
4777144,1274791,13.60794345879257
4777145,398050,720.5790092872687
4777146,995147,7.97089922597205
4777147,277428,995.2726037786626
4777148,585055,338.4749824490134
4777149,1297391,894.7354092541308
4777150,1886997,630.1586408952489
4777151,567924,332.56790101721157
4777152,203767,170.1419104439903
4777153,1214010,621.5411058836461
4777154,1951864,341.27720762227807
4777155,1140445,483.54514509381283
4777156,978309,506.4868484738421
4777157,1899614,608.2296958585436
4777158,1942563,366.73074141982545
4777159,459335,535.8596186008208
4777160,1485265,543.2308296258062
4777161,886665,176.33284766827327
4777162,573770,631.9996591933237
4777163,667807,513.3322188526121
4777164,1406487,648.3808949295811
4777165,757643,340.05276716866626
4777166,630658,934.765044096688
4777167,1563574,768.5412526532398
4777168,1969780,340.91414539295107
4777169,1819254,253.1419191535016
4777170,102701,612.7343294561236
4777171,1898629,232.69584737145732
4777172,449810,18.506239806348912
4777173,672545,865.392719175505
4777174,1707859,281.3462546290334
4777175,1271643,932.8203083765467
4777176,424544,188.37078285382603
4777177,876551,68.98791815927329
4777178,1770165,440.31590252005026
4777179,1754169,180.58595528988653
4777180,892414,537.4799008628754
4777181,239358,131.94920472336258
4777182,1646660,241.66555815276215
4777183,1835023,230.7381294038021
4777184,16011,760.4082353496786
4777185,484546,269.7917699635404
4777186,1050852,878.7654507695866
4777187,378332,12.586956609171306
4777188,949559,757.3002562598687
4777189,674028,423.2691953908655
4777190,1061348,226.63493826886315
4777191,169948,71.30081814647727
4777192,1090369,485.5360248127928
4777193,1765155,133.3996746057199
4777194,404920,930.2254276338226
4777195,1557877,901.8379049072902
4777196,876844,57.88547325885307
4777197,977439,392.6214429751542
4777198,1019776,710.5777661669362
4777199,664826,492.90826509873375
4777200,1825501,526.5121060036602
4777201,1404130,870.7790946278188
4777202,196326,283.5990347676185
4777203,913499,294.0445682849581
4777204,1749166,427.94876357019393
4777205,330965,370.6279882616078
4777206,1368715,800.3443494418304
4777207,1058337,469.30880451701586
4777208,1322324,103.83791875818294
4777209,1272309,212.92973492877232
4777210,677172,734.0192883716188
4777211,930252,121.16857171074801
4777212,312449,141.73961767971443
4777213,1520686,119.28246063811542
4777214,1867713,290.04392220872353
4777215,1689598,967.0847084326472
4777216,1755915,351.94837754480324
4777217,859059,964.7021237017767
4777218,987008,888.4420893661015
4777219,1551846,754.1004957982694
4777220,953789,635.8776855544908
4777221,657614,787.8922426896992
4777222,824794,990.6364318938901
4777223,277983,502.64457590921165
4777224,320137,418.8824201833539
4777225,1639893,641.5550949222561
4777226,331165,877.5238280843862
4777227,251444,138.7017694662599
4777228,1788264,251.19979885733144
4777229,759224,809.4864650443308
4777230,1397919,781.4917602649604
4777231,979973,17.476291410943535
4777232,439891,622.8197371595238
4777233,1257050,865.724832861989
4777234,1524842,904.5395497345767
4777235,975465,121.14889263369999
4777236,511765,471.58019103681227
4777237,1382549,496.7392408791792
4777238,208320,652.188623981095
4777239,519829,557.4615184756094
4777240,1089018,604.3764319958636
4777241,1926841,449.8767335643198
4777242,298072,786.4033259947028
4777243,240351,179.15723749900948
4777244,1343381,460.89954022444203
4777245,315759,471.005194636383
4777246,1781100,391.53611095433115
4777247,955942,12.989769529417995
4777248,1104710,398.3132614717486
4777249,1526159,20.20112165138288
4777250,541646,528.7216503737193
4777251,1758628,504.3193223237521
4777252,1483770,589.4567644663834
4777253,718747,357.21871739595747
4777254,329250,26.208056272844836
4777255,244168,723.8187655611106
4777256,833611,512.4715618199084
4777257,345812,196.0232097740371
4777258,1288095,818.4545810036835
4777259,559786,733.5839755515959
4777260,1325756,564.4669072106306
4777261,395303,289.06083802698436
4777262,197855,75.74767529175175
4777263,226845,854.3039695353804
4777264,411417,177.29664030498859
4777265,1808004,242.16829925992445
4777266,1188974,5.528665113450515
4777267,1670673,290.5712357373017
4777268,1057322,432.26545282086994
4777269,498827,234.85705424485303
4777270,831853,356.7948164605067
4777271,407973,594.5445311759245
4777272,148906,642.8483086941578
4777273,867587,234.3194488827217
4777274,1617940,952.9122513256473
4777275,252001,811.9975228877698
4777276,365943,704.9798049396913
4777277,701276,57.97115806449982
4777278,1679276,642.146921507841
4777279,1013083,575.4381101563794
4777280,1415608,847.6039755391809
4777281,1419262,928.5686678459492
4777282,858073,923.9200500166692
4777283,940809,519.5881941242528
4777284,309215,450.3054739506647
4777285,554764,372.69224302781964
4777286,945534,850.1300517111773
4777287,502588,159.02551167114532
4777288,122467,411.5635638171131
4777289,1898726,85.2162827305608
4777290,977901,926.0856587377065
4777291,51124,905.3165007960711
4777292,19564,652.1563122750044
4777293,21061,338.4550804465385
4777294,1300970,186.44341094465233
4777295,1145496,17.443035308186026
4777296,1266463,194.15673617831175
4777297,218830,845.0828926413843
4777298,1699172,891.7935856576032
4777299,907825,19.632481399145195
4777300,460726,354.60705331795685
4777301,1244269,291.9951003799406
4777302,1999785,747.4808196138877
4777303,1941260,156.20509969345386
4777304,400885,570.1552432443079
4777305,1498380,300.3778025580107
4777306,1145431,136.89659459849167
4777307,1256053,637.8063141421115
4777308,78818,384.6100777960454
4777309,402084,147.30747181319737
4777310,177121,81.00175745533255
4777311,260347,490.9923407876669
4777312,1264174,883.4585779819802
4777313,112969,967.1734550391725
4777314,1023549,806.0480431191847
4777315,51336,729.2890015823068
4777316,990447,956.1983222487974
4777317,439654,551.8720758930793
4777318,1491129,81.1972583602002
4777319,54199,646.0588530664849
4777320,932323,126.43432471832683
4777321,730078,262.0914586506793
4777322,1242249,843.757543562459
4777323,393694,290.14809219113357
4777324,1166516,153.2759148655608
4777325,184041,863.2073418544793
4777326,833420,360.1595072741648
4777327,36172,373.4912574850483
4777328,1938600,145.23266522906118
4777329,511160,903.6283217368983
4777330,1619237,260.9094241245172
4777331,727838,792.1705398728029
4777332,261816,497.73786756001846
4777333,1868427,260.0311711259036
4777334,1428622,538.739704045033
4777335,1672111,322.66067795397925
4777336,457814,994.1586293481653
4777337,1148446,793.6135065314506
4777338,1743733,283.0169340558946
4777339,810363,450.6932867596949
4777340,518523,647.4207424953704
4777341,1903939,856.3056964230544
4777342,727017,570.0703876142906
4777343,1646785,743.5277450092569
4777344,679510,522.3419277833517
4777345,1215817,80.0047223097925
4777346,1493857,843.1914936359947
4777347,1311357,697.1949378309989
4777348,537706,58.8015005156155
4777349,827163,920.3924857296738
4777350,1317324,974.7795544899438
4777351,127387,330.4179930091026
4777352,1617511,145.23417816239902
4777353,1306757,386.7038934756768
4777354,1275711,672.8098312841626
4777355,665410,774.5993149211066
4777356,1637160,216.28354111558346
4777357,1493723,928.5305502164085
4777358,624016,687.3840641668022
4777359,1671203,943.2902924623543
4777360,1138954,609.2522427254855
4777361,375967,790.7193837944042
4777362,1672492,345.88883467136264
4777363,1431723,436.2786300943956
4777364,1010488,830.6400878070672
4777365,700870,950.177764696833
4777366,452846,348.41391096814243
4777367,567398,204.888248704018
4777368,610991,547.493344999891
4777369,1903167,149.87544667883878
4777370,1011302,762.6629857154138
4777371,1513667,355.50845960024935
4777372,1431376,778.521544606735
4777373,539200,906.1561450933224
4777374,1745157,543.1880459111914
4777375,244897,438.6872310112179
4777376,712981,261.58506044030725
4777377,1986902,619.809061301449
4777378,180651,272.22345759932176
4777379,1101674,741.7928935863865
4777380,189409,866.9993601535868
4777381,953061,572.0123444620401
4777382,1111529,17.679505779973127
4777383,1625557,519.6416435557852
4777384,1982322,103.85016957118998
4777385,1848286,240.95608025665604
4777386,809037,256.861753361472
4777387,353816,107.07129291053474
4777388,160463,797.2628940522408
4777389,44429,77.19442001592813
4777390,1795663,118.2306094843385
4777391,1149266,110.45380956682416
4777392,133219,680.3469253833625
4777393,1937943,168.79614065048443
4777394,1981227,194.61140604888948
4777395,465270,142.80180264230492
4777396,1186953,974.7620110409075
4777397,154715,357.31670558498985
4777398,1469024,142.55054137391477
4777399,1641733,874.5308517481207
4777400,1980066,721.9113527501434
4777401,1397529,105.79662775800169
4777402,587002,274.7188314730105
4777403,844148,118.5828919098766
4777404,1622912,503.3766096769906
4777405,1063547,707.7074354132485
4777406,1617235,910.0672698542212
4777407,1031395,369.4662836143964
4777408,358737,773.2106519760113
4777409,1856601,740.4468732888716
4777410,1285257,644.0835297125317
4777411,1741332,131.3907670945995
4777412,900509,362.76245370826507
4777413,485982,662.4334700815801
4777414,232133,29.48659641252227
4777415,1773283,881.3073217058417
4777416,622677,459.28972176711767
4777417,450042,143.58631231697427
4777418,112082,185.39351340716937
4777419,239788,384.86991261542414
4777420,163141,622.236420729755
4777421,858859,809.3236297298387
4777422,406039,724.6591276531937
4777423,1576801,625.7351096995222
4777424,82771,544.4161598070053
4777425,589997,135.51129540642236
4777426,70581,718.3000685383653
4777427,650427,140.7044559739381
4777428,357385,695.382825118465
4777429,1311404,519.3359117819767
4777430,79477,996.5375877780945
4777431,841951,101.49046959898999
4777432,1837543,369.69542713594006
4777433,943004,987.0656216781994
4777434,1894269,57.722172971951814
4777435,1217958,865.4327665488687
4777436,691615,446.2383991938712
4777437,307937,707.4630271288249
4777438,1009133,718.6568328048917
4777439,1466714,545.967477174861
4777440,661759,914.3059210034471
4777441,1933651,854.4349668267758
4777442,564588,134.22579843602767
4777443,1147557,888.3426384841725
4777444,1184862,607.0839496471465
4777445,1981374,965.9631484528113
4777446,258414,253.76513768066422
4777447,384546,712.2536360967634
4777448,1400475,706.6936237099649
4777449,467696,925.1384131765716
4777450,601983,537.9991181627138
4777451,1975187,948.2760768157934
4777452,1679887,93.34313054191723
4777453,149584,231.42246943407184
4777454,482708,297.15126984358875
4777455,1482504,69.73778069476988
4777456,1900530,223.91700373991264
4777457,834854,828.4175589416312
4777458,52822,145.1780766917704
4777459,1861881,413.62121257764585
4777460,1861376,585.5619591501501
4777461,816203,342.0134392341936
4777462,1182770,108.37670694484447
4777463,1258974,317.4751988839554
4777464,1866654,982.7894421167593
4777465,1654237,679.2850625029477
4777466,728643,470.07615716080056
4777467,1218102,657.1675952561492
4777468,69874,2.6476263406928213
4777469,88084,674.3798048186527
4777470,286464,308.3879936227587
4777471,57835,658.0802553305389
4777472,436105,974.1622360450633
4777473,1810594,689.088755963482
4777474,213828,558.0830531055814
4777475,595687,167.94641001459664
4777476,1006938,810.6618148759094
4777477,50019,609.364820721709
4777478,1339743,188.39775593943142
4777479,1399634,148.98965350642302
4777480,1033735,1.8740053610649676
4777481,885752,985.9497159146933
4777482,629659,843.6365036709662
4777483,1692404,864.6488011967992
4777484,656166,952.5048199083468
4777485,1707658,732.3705977068056
4777486,1420622,79.4973106930359
4777487,657402,925.9195843673807
4777488,745807,152.77069571124403
4777489,1999553,667.0389452264119
4777490,414913,484.9051408436975
4777491,1168886,160.29192866687137
4777492,29612,697.450497957443
4777493,1259922,60.14393987752542
4777494,371667,191.11257768669554
4777495,193406,249.8502891635377
4777496,738963,107.96144538044383
4777497,804780,124.10499898713867
4777498,1342552,698.6931342068023
4777499,1746475,349.82981451305494
4777500,1955200,137.95592636193643
4777501,603596,927.1843371051876
4777502,1280362,98.34777134025718
4777503,1007104,423.75135111057403
4777504,404174,142.0602862270156
4777505,959614,462.12252416392886
4777506,558283,775.4170649399306
4777507,625560,966.0304691330101
4777508,1683267,100.99638119438924
4777509,950421,840.0289298059417
4777510,1798179,566.2110979963734
4777511,1182512,740.7306720494744
4777512,1033379,606.6486964348563
4777513,969730,997.0300190795039
4777514,115470,905.7235556781828
4777515,1814501,524.5652820467858
4777516,1023597,676.6623493493437
4777517,1593882,510.67114056370366
4777518,1325243,635.7499014206862
4777519,345090,850.285309785054
4777520,580674,686.9657243185254
4777521,502656,561.4847371301103
4777522,748087,849.57733060555
4777523,1391285,961.4575020231875
4777524,492458,60.923777318967694
4777525,1574683,475.7131849521421
4777526,1593032,32.66937155852689
4777527,1840173,155.30938045867504
4777528,1764257,44.25817771917517
4777529,1238793,530.5166175146626
4777530,1378827,409.47396683087845
4777531,341387,586.7906384369239
4777532,1456909,298.4543895907436
4777533,773502,946.0129966315432
4777534,1591078,630.0913862031564
4777535,456594,567.062785929526
4777536,67622,501.45189372637276
4777537,1752279,614.6062821750717
4777538,741124,950.1688923395467
4777539,1935691,176.1495835490874
4777540,112246,936.3152936842873
4777541,374202,941.7200466591912
4777542,19593,881.060528480847
4777543,1133224,176.8457666055232
4777544,988645,574.7527571892581
4777545,434447,3.608470589807622
4777546,1763024,376.16631566221514
4777547,1021422,801.9381543028563
4777548,465960,958.5777600102786
4777549,1875677,938.794303966038
4777550,951612,145.3605175765589
4777551,1607714,365.1443070351087
4777552,471556,906.9285227392999
4777553,282094,586.7429683830364
4777554,808356,133.53673413582734
4777555,1921348,274.4500989855261
4777556,15707,926.29648850985
4777557,285464,455.72255243233076
4777558,1826028,311.7040302637655
4777559,856569,915.4683124614596
4777560,822136,994.1837249031585
4777561,1656832,410.0213531408984
4777562,935100,356.20078452585756
4777563,1209223,987.7486437336967
4777564,234896,968.9046024108966
4777565,1249352,961.9896925885727
4777566,58736,601.0039058876159
4777567,1411422,0.16504737100586642
4777568,378614,13.763686513523776
4777569,1177815,338.76294134108497
4777570,527257,179.17283589351408
4777571,1253767,308.76124200604795
4777572,129632,239.96463429425108
4777573,410444,26.860567250225785
4777574,1084852,450.2914868051161
4777575,1452269,395.16018030015266
4777576,1279688,206.78210476460325
4777577,94640,40.476561520988994
4777578,1757186,345.82176925519934
4777579,1514891,62.65703786252186
4777580,566496,648.1906974470327
4777581,480187,584.6882843509837
4777582,486121,94.48921684101418
4777583,1584782,161.12827784596172
4777584,744242,242.81097325190993
4777585,1824938,973.8555151054065
4777586,1121779,167.69169997082778
4777587,391762,101.4017261342074
4777588,718629,443.2967440526787
4777589,474106,176.4919191146076
4777590,83024,506.7177164371389
4777591,49191,893.3660794557043
4777592,1565146,856.4056610917281
4777593,878429,3.065581553089891
4777594,1650390,572.0348965901201
4777595,1910403,418.0819054306294
4777596,194281,442.3055447882385
4777597,1798337,289.8767260512799
4777598,1544887,585.1193302105266
4777599,1546664,485.48807885199153
4777600,1161122,320.2163398634529
4777601,605816,23.177316621908027
4777602,622114,621.7331600996538
4777603,412956,277.3747905739476
4777604,1423241,517.4715673717311
4777605,1150901,205.97860476477803
4777606,267944,793.3930880485012
4777607,1546993,889.3049931338547
4777608,76764,819.632257013744
4777609,1320285,112.23480654413787
4777610,1583364,515.4973894255679
4777611,865014,17.286878567368213
4777612,595638,743.1855619199754
4777613,1837313,949.6324726417862
4777614,414925,425.09693805282024
4777615,1570449,833.8569630040685
4777616,4656,51.32211875073689
4777617,1916605,743.4680075116107
4777618,291618,515.3436098576997
4777619,1801745,945.0304987538792
4777620,96776,24.234317518531334
4777621,236297,579.0941206304827
4777622,1262302,529.8579274260445
4777623,1740175,188.38747751189865
4777624,1090176,512.2066824980877
4777625,1494407,828.2272755842953
4777626,423364,585.1716930108843
4777627,1194542,439.06531063910325
4777628,381603,587.9524788780067
4777629,759378,276.2387707448055
4777630,407729,661.7936234109834
4777631,302657,87.89984071071055
4777632,1106732,526.6056958441106
4777633,1813314,948.1690522524706
4777634,526099,11.595334392216383
4777635,610247,503.78297592609533
4777636,2397,629.0932138899551
4777637,667418,478.3619456669216
4777638,1193786,777.3317186585842
4777639,1491599,893.4078328549314
4777640,1516281,871.5900648693305
4777641,388221,60.23043052585797
4777642,1790641,370.37081707843697
4777643,640447,878.809081301276
4777644,1047670,297.0506588879821
4777645,1608812,398.6925868779573
4777646,1981378,711.9311033929202
4777647,1930616,974.1129691469059
4777648,341320,279.0442544652739
4777649,1155291,575.224846253215
4777650,1352091,462.4860937461863
4777651,123796,633.3390970535881
4777652,396877,43.25755979124391
4777653,1113618,334.04062669715785
4777654,833133,694.5056835774293
4777655,1916063,719.7714142675798
4777656,1344365,221.08123683307278
4777657,976200,640.6026139338237
4777658,1857997,733.9083920140656
4777659,1067316,379.73859976880277
4777660,817695,769.4620389312151
4777661,1173075,798.9430900896589
4777662,1638689,875.1981607309065
4777663,1243413,360.75329384534126
4777664,1376496,12.238792565528511
4777665,728608,238.04041846785074
4777666,1991977,223.21398280394246
4777667,1637613,86.897904989785
4777668,859436,503.74038228311144
4777669,1427726,817.3295824953374
4777670,774072,618.3768062761774
4777671,1172850,384.20055574035763
4777672,1999314,336.1587905804423
4777673,1531527,782.7921521647395
4777674,1895459,629.6192317398538
4777675,1353061,570.0479261869061
4777676,667211,736.2085973881141
4777677,1998597,391.80993361344184
4777678,1904512,422.0885907819898
4777679,1568617,232.87509826590568
4777680,781435,498.33287159306104
4777681,1760256,428.14488346455204
4777682,254610,625.6696438664202
4777683,1802092,198.77376256740132
4777684,24384,388.39061439302736
4777685,8383,478.89814487154445
4777686,712445,16.510946683028106
4777687,831133,551.851626376794
4777688,357831,962.0933882291271
4777689,944397,430.34786310353877
4777690,1682670,491.17717870855313
4777691,1686788,609.3098546871868
4777692,340240,985.1783520349848
4777693,1563493,868.0241757069871
4777694,379215,388.7869826802339
4777695,88143,509.5503877504549
4777696,1044657,986.3073364680192
4777697,98814,102.09234760109275
4777698,508090,535.0668493045034
4777699,864269,406.78938882931084
4777700,914374,295.73016211909254
4777701,1932843,822.912938544258
4777702,1042056,686.17448656044
4777703,1795536,239.0562805734623
4777704,263859,183.3549225273644
4777705,1304656,776.0938177631076
4777706,334223,685.7781259732412
4777707,1486522,277.4624451360457
4777708,1178279,139.30892889220925
4777709,1894200,174.46239661709174
4777710,1878847,239.40618737311226
4777711,282198,373.4314998419779
4777712,1757277,724.080782762337
4777713,747899,494.6674221355333
4777714,586756,937.5022044386292
4777715,1011992,86.36201448674252
4777716,949346,663.4406922127383
4777717,508277,780.443588582884
4777718,854768,23.160033263035285
4777719,1765076,993.2284004748356
4777720,939043,297.0388044111104
4777721,732952,665.2598115746949
4777722,1254968,592.5231736397312
4777723,827220,288.38270257803487
4777724,1820033,88.32800776826421
4777725,412734,5.7935063673904
4777726,943561,572.7483773215906
4777727,639894,166.48412606278785
4777728,1356966,807.2412567985862
4777729,579856,164.3514944648301
4777730,1147560,384.82113149644925
4777731,481254,436.8280675144306
4777732,698789,580.3163030499497
4777733,981140,241.57443298739068
4777734,331434,714.7113868987341
4777735,575089,197.4567664170651
4777736,1776136,691.9436433241178
4777737,1905274,969.4864775086502
4777738,580737,365.63982733288213
4777739,1317010,43.10579873967235
4777740,1762963,215.41300760618665
4777741,1364518,456.5816472237547
4777742,1313968,912.6600677390189
4777743,1114675,89.4983129899568
4777744,1039467,649.7300944883726
4777745,1452334,547.9823415641863
4777746,772754,881.4285259340421
4777747,629895,650.1600734424634
4777748,1436872,634.742755447732
4777749,1486784,242.53439925900832
4777750,1817197,828.0892592513393
4777751,1064991,544.9415160570638
4777752,150047,821.7686498393895
4777753,702705,46.444729001066996
4777754,602322,593.51416032421
4777755,708277,434.17884965417977
4777756,1206404,156.37968330897013
4777757,1009126,32.96029068146345
4777758,1219655,131.01924225520779
4777759,808286,250.21955472317603
4777760,1085397,285.49926789428093
4777761,1593531,920.8574263189792
4777762,101120,651.2245266034148
4777763,392563,676.9268498384384
4777764,1823183,686.3680863502115
4777765,229625,181.91775987503377
4777766,683713,530.7886053043035
4777767,138771,281.17814020860675
4777768,1906468,14.650468415978391
4777769,1454018,272.3218190739526
4777770,1614890,615.2347858247748
4777771,1133337,118.30429314215651
4777772,1216339,171.28110625907334
4777773,1106516,541.1338694645959
4777774,208089,918.2121982499214
4777775,1317039,265.92692942304154
4777776,1291794,177.96472449303945
4777777,239582,732.9130031882826
4777778,1243640,603.8604605746644
4777779,1164258,38.478911405511965
4777780,839135,840.83448494291
4777781,389929,445.68942803376257
4777782,1656444,851.6657714250731
4777783,1653079,304.825597679906
4777784,1099446,812.7427496208786
4777785,1633891,539.1231815064963
4777786,790220,645.3511475027084
4777787,1380265,404.7930478128565
4777788,1029298,290.7429329492244
4777789,379751,84.44269494956302
4777790,1508772,326.8562050599939
4777791,579571,964.8840114443789
4777792,1764139,583.7929712786165
4777793,708770,284.71042818524603
4777794,653233,165.8086278267067
4777795,1041856,252.44573197727772
4777796,734805,999.571645778355
4777797,1388462,714.2199682290653
4777798,454189,908.0450167383434
4777799,128947,103.97979861625085
4777800,1768910,432.6513953561725
4777801,1395813,256.21294985192253
4777802,1062319,63.07729610659229
4777803,431490,341.9567822100318
4777804,1538335,623.2675735943396
4777805,370370,741.8028240335124
4777806,488841,188.48484958288736
4777807,495675,658.959446768329
4777808,1322944,478.6123562338227
4777809,499464,132.90785046582155
4777810,1236094,234.98062830682088
4777811,1685004,215.7833664979044
4777812,241023,310.51178118863965
4777813,584668,204.3998374835515
4777814,414467,821.8743071995892
4777815,465090,871.2987530089604
4777816,333456,398.1762799123627
4777817,376166,251.5974647133289
4777818,1753726,462.24512972608176
4777819,1101072,489.23688010130803
4777820,1006909,251.2524191333213
4777821,1529105,281.3745313893646
4777822,1641352,982.6917114542414
4777823,1683016,572.3892064144429
4777824,1218356,321.76147346029546
4777825,1002441,812.8919624899543
4777826,758060,193.29291010842852
4777827,1857440,522.2843078184743
4777828,544129,773.8113404526638
4777829,882747,268.148017191467
4777830,1122470,133.9205049035075
4777831,1972591,928.8530486965266
4777832,1537346,362.30280482339305
4777833,1837210,148.36069704104648
4777834,1560486,712.3034150915258
4777835,1956462,869.7878617311767
4777836,1968358,851.7575673918668
4777837,409557,376.7674925244753
4777838,1396690,808.078053901754
4777839,225784,243.24730606318823
4777840,514158,125.55817607645548
4777841,1022179,341.7471177007152
4777842,1647017,437.1937766178863
4777843,388427,670.2521984027355
4777844,185392,418.6742834662557
4777845,1737080,296.238713719447
4777846,179076,139.73399240991657
4777847,581573,484.5651697077881
4777848,1115023,236.83322286292318
4777849,1277261,860.254424797796
4777850,858643,272.10341124589286
4777851,843890,16.705290509951954
4777852,1900101,373.72549858182293
4777853,1342940,432.8508175725032
4777854,1620991,25.49961761503472
4777855,961427,825.1309033857506
4777856,551969,877.887437446994
4777857,1709172,835.0355668114842
4777858,508924,166.22980364220885
4777859,144665,103.9056665686211
4777860,1131946,125.6842259141675
4777861,1016540,607.8378195086972
4777862,826143,305.8621675496389
4777863,1852516,731.5345752176502
4777864,891176,815.8211179754268
4777865,1367429,509.49402205952134
4777866,505035,985.7030958510014
4777867,434993,534.8389161622364
4777868,1907532,878.6730893884343
4777869,1368454,799.8636990647759
4777870,345585,239.72013551873462
4777871,1686222,253.1204182603517
4777872,1467252,515.7645040613768
4777873,1279971,335.3623707103844
4777874,1387859,63.7869111142384
4777875,832321,559.35423567017
4777876,1551637,804.9306505644462
4777877,1723422,354.04500434627187
4777878,1491381,288.6700899190557
4777879,931486,266.57787410144493
4777880,1869344,466.5068687503272
4777881,16428,9.405141976803645
4777882,1317217,679.8435149426462
4777883,242413,411.2678500747613
4777884,1887461,311.5580061441764
4777885,1330646,99.49514752347955
4777886,1838689,490.24510649017714
4777887,1434533,145.54058240645017
4777888,1395160,659.356810666272
4777889,22261,293.6854770008929
4777890,105943,371.0099618216939
4777891,1216712,313.8894177777241
4777892,777267,972.3177762957226
4777893,1278797,375.94581882852106
4777894,369205,373.16910122528213
4777895,1813326,655.8323736804476
4777896,470362,307.4795687367821
4777897,1282313,0.7330996151304614
4777898,249765,472.5640562300084
4777899,1670866,900.6916297354257
4777900,568753,651.2148483416574
4777901,1916670,628.746322444192
4777902,732513,357.18980020005654
4777903,809591,67.14845046211693
4777904,1655985,712.1795837238277
4777905,1274511,820.9406387038454
4777906,1049213,455.41005583108375
4777907,197656,367.34900920716143
4777908,444190,679.1348876052098
4777909,1353434,88.25311078306885
4777910,21562,730.5388098265124
4777911,1852722,820.9203132691607
4777912,1078794,425.1461570292874
4777913,636515,300.8098253667375
4777914,1971697,883.4571411150667
4777915,487409,995.3566346853947
4777916,1357054,282.0396527629089
4777917,909089,370.8715281840602
4777918,1259514,11.441762330617223
4777919,1705471,599.6158441806282
4777920,492828,785.0868835792311
4777921,1971988,353.3359070611627
4777922,360103,938.518587275822
4777923,224596,970.3389572021601
4777924,1008036,616.63755736064
4777925,1712137,775.9620343924412
4777926,590850,512.3141761147991
4777927,1250929,799.9932574020671
4777928,1773060,977.5350289325468
4777929,1772557,570.9292718039653
4777930,1601842,524.5239268140023
4777931,1109926,436.1798158957301
4777932,1244293,513.2801788296442
4777933,1631459,631.2285827740762
4777934,1320021,663.5418839673631
4777935,506949,789.4374537108364
4777936,385940,196.0430166652576
4777937,378537,644.7954153053602
4777938,1070494,599.7680746789769
4777939,1997818,296.20249690524236
4777940,1854903,701.302280496632
4777941,1079763,625.0647854256504
4777942,1352908,698.7639084312187
4777943,1548944,112.3090204186038
4777944,795795,824.8027716392247
4777945,1038618,782.387115336398
4777946,398939,968.9211551494303
4777947,1613248,127.95272728676976
4777948,448913,705.8458550992966
4777949,9452,59.8431677320822
4777950,1553607,562.7789352088837
4777951,70551,76.19613348129062
4777952,1279381,6.680409706939172
4777953,523267,408.0561250115043
4777954,511012,25.019236594558958
4777955,1175439,781.4857396133503
4777956,421069,808.0145574601366
4777957,1752491,862.5854656263286
4777958,838118,709.6284584271668
4777959,1123058,649.9655253486237
4777960,677157,97.90938193247645
4777961,1118686,303.6585649306741
4777962,1303846,329.4807702427085
4777963,660766,162.90816358359984
4777964,1877623,481.6277321231659
4777965,1645420,726.3052029819671
4777966,72923,569.3265681878347
4777967,596739,601.9817963218007
4777968,259370,973.1333821719134
4777969,932707,752.7727806555627
4777970,974352,593.9958494571363
4777971,1337621,181.06068388911066
4777972,1597031,498.45350874681196
4777973,1105308,817.1284628777213
4777974,1522010,226.24649115107397
4777975,1502715,949.8697659065098
4777976,1053436,0.48774083273306346
4777977,979132,605.2809168063992
4777978,1251706,642.0190453265593
4777979,1259896,949.6797750237313
4777980,1726106,194.05147214154394
4777981,123685,598.6092909456723
4777982,279219,42.603564709274735
4777983,43294,526.8838211307032
4777984,679506,637.7231695313586
4777985,1400261,527.3398398957668
4777986,1174720,443.57216566588255
4777987,1349199,288.2806382211027
4777988,1691708,459.77891525740824
4777989,962811,82.26767403115154
4777990,1592336,147.45568108316698
4777991,483212,987.7762222566889
4777992,1359331,994.9780790095715
4777993,506058,338.4204624669438
4777994,1495840,543.5071191479478
4777995,1247461,713.466358696431
4777996,138617,539.5344433123903
4777997,1801461,832.5489194086512
4777998,1785257,541.9800416790118
4777999,502949,903.0094632452706
4778000,703885,905.8245906070374
4778001,1138877,603.7642343400037
4778002,174938,653.3189783337599
4778003,1341018,213.4610072294424
4778004,1703922,260.85640747650075
4778005,1752133,994.14311130066
4778006,1408390,825.9418581713383
4778007,1446487,52.899144920315
4778008,111159,541.9216936868095
4778009,1728533,269.44214191565595
4778010,60627,467.03807339761926
4778011,1708146,18.33965666632553
4778012,553289,74.13440093244861
4778013,515317,708.5173228941568
4778014,1949948,404.75138929169594
4778015,1797301,221.24827579772244
4778016,1063809,142.24120504827198
4778017,1190062,939.1960409188534
4778018,337666,915.9261313235016
4778019,1116940,748.667778368954
4778020,252950,522.5114770142408
4778021,365294,290.45563675503314
4778022,237843,116.04134201012029
4778023,1536876,356.1501536481189
4778024,256567,99.42645258968186
4778025,268737,353.14034322354047
4778026,1255083,440.32820536974225
4778027,1505452,505.8408262494819
4778028,1412641,711.408402946888
4778029,770360,281.00116504101646
4778030,1494841,49.17545561047121
4778031,82693,120.51506129384015
4778032,1886608,605.7765992455345
4778033,103590,892.2691505648113
4778034,1461758,314.1446944675169
4778035,1970738,582.5977885029241
4778036,1794533,228.77715488417073
4778037,58847,903.6801218940831
4778038,1479340,163.85496916147102
4778039,213968,718.512750245404
4778040,13523,628.1388600719281
4778041,1169144,62.300404206098726
4778042,1128233,180.42759576438218
4778043,163232,863.9863747079457
4778044,728737,688.0244360256596
4778045,458998,405.47241004785093
4778046,1344376,781.8429862372545
4778047,1523476,536.0921081585925
4778048,1832165,710.551723186707
4778049,1059057,445.58763934391465
4778050,1225369,719.5548359474737
4778051,1113335,850.9162518691257
4778052,1286731,807.2333479669926
4778053,1396742,80.84793184468086
4778054,1089425,614.3364047117182
4778055,315752,143.1280886944243
4778056,1538508,349.81601922640135
4778057,1469672,577.9805795746258
4778058,1575005,390.0983395146167
4778059,1540442,740.7682446076697
4778060,567416,234.88335160839958
4778061,1502905,629.0253829804473
4778062,1687837,684.3539123643926
4778063,1569014,748.0329691623106
4778064,651437,940.2191917336523
4778065,220889,966.6158822596161
4778066,1337249,888.2729128459167
4778067,750141,330.65778831596424
4778068,1097825,331.1164987735775
4778069,1749906,658.1937765820782
4778070,1887013,817.2176651195633
4778071,1201418,658.1699991249407
4778072,1059150,533.505800600041
4778073,578269,525.9818925312122
4778074,638643,804.4675092368975
4778075,669029,422.3460549517871
4778076,129491,629.2139319834107
4778077,984621,738.5513251861876
4778078,1934196,121.09622162595069
4778079,1816076,674.2296555595516
4778080,1305207,186.56689118631974
4778081,924581,147.31736418825747
4778082,406136,104.78261597195714
4778083,136922,710.030721303121
4778084,1735796,871.9393226013949
4778085,508521,866.3513435282474
4778086,1685871,22.182511147255113
4778087,1966340,708.2937621466394
4778088,346657,864.6737556827217
4778089,1593624,760.8590413228137
4778090,528206,468.27037351128985
4778091,934365,813.1212389867402
4778092,75734,518.7885448273423
4778093,1489589,439.7429555310549
4778094,560891,931.818219730019
4778095,628293,605.6333340320016
4778096,457781,587.0271897473531
4778097,1828389,42.51702637254806
4778098,824126,186.9505446769797
4778099,210365,301.3471533724409
4778100,1908786,751.1127207220087
4778101,528185,106.20140869761974
4778102,1323094,570.6007597845812
4778103,146459,801.7003051289555
4778104,945282,103.71345411159116
4778105,882262,763.4767260904973
4778106,77301,674.3982287552734
4778107,491141,32.23813669314546
4778108,956906,988.1084277137992
4778109,1548446,848.4059884454939
4778110,292508,530.3210362088381
4778111,748266,756.5700689957707
4778112,200697,107.76080165268998
4778113,1252823,479.95132390865825
4778114,145633,464.14043720516815
4778115,1109548,569.366895764528
4778116,1954305,987.9346692225067
4778117,1660208,810.6419977109268
4778118,1767614,703.8592053419194
4778119,1632459,542.29696977445
4778120,909875,897.7713934591943
4778121,962922,768.8750549722807
4778122,436784,193.5535529534337
4778123,647074,564.3820156046039
4778124,946065,683.6464156559341
4778125,258134,672.8000848362203
4778126,1682327,96.07271784112103
4778127,684196,588.0952736426506
4778128,818744,771.6228761028982
4778129,420531,479.04100258904947
4778130,453934,729.7447193288491
4778131,152650,84.71066182008835
4778132,1081565,468.8904650311522
4778133,1781881,244.10894213753775
4778134,1581850,757.4773035900955
4778135,310882,146.8161729763554
4778136,1592657,117.06623988378983
4778137,838309,151.86298998301783
4778138,843106,133.3998306238354
4778139,510415,599.2859797394462
4778140,1708046,654.0509345052859
4778141,1847284,224.3282368248205
4778142,1056898,164.91603658206054
4778143,1586324,925.7445466181407
4778144,148320,236.92661574398454
4778145,1355763,714.937415341378
4778146,982894,441.1980296009741
4778147,1827437,862.4057959107057
4778148,1065268,698.3875866757136
4778149,1496509,697.363721110485
4778150,1936005,568.087764403753
4778151,353137,30.92973934112686
4778152,755170,392.3817403995189
4778153,1369305,934.6820330745325
4778154,1132136,804.802981999882
4778155,1556263,684.409397666733
4778156,37533,232.59950492891113
4778157,819924,285.03420384155464
4778158,829915,543.5775777676376
4778159,1498152,711.7192327162475
4778160,573800,722.1755184976348
4778161,1825633,253.52146536309638
4778162,990137,723.6672258648825
4778163,13959,164.73281252634388
4778164,1697994,354.88303101827546
4778165,1904214,430.8015933388383
4778166,224803,313.95786380672376
4778167,573263,255.93257036437888
4778168,1138162,396.74229723632203
4778169,1293824,899.440648230167
4778170,1284296,461.8060529504446
4778171,1796421,82.5801481495676
4778172,501498,829.4627225693802
4778173,1151316,507.40141717530605
4778174,1039261,84.86566460145772
4778175,1396649,275.3718601684357
4778176,1432230,644.7543690950922
4778177,1430091,156.51693033988246
4778178,1464528,677.0244165313958
4778179,179545,713.8376625082542
4778180,1748323,685.021261406174
4778181,1979493,481.85780534714615
4778182,1710648,253.77996010258187
4778183,841842,892.505159536711
4778184,1632184,366.5286673439363
4778185,469784,401.9250511350134
4778186,1408968,748.6486407811306
4778187,1008993,32.62599015474032
4778188,1057614,145.4017252618438
4778189,1583301,507.830320023806
4778190,91429,889.8454715227006
4778191,693709,956.4827797820246
4778192,95510,626.6216810510998
4778193,788261,830.5208965834717
4778194,748947,330.72862041518226
4778195,1622503,391.10328778005163
4778196,1271650,741.1092428837463
4778197,1288494,384.10439552771857
4778198,380525,338.8136281012114
4778199,601390,346.5172805418637
4778200,1899377,77.50246440857444
4778201,1648776,667.104458239117
4778202,12233,247.54815536395935
4778203,608397,118.96719074549821
4778204,159518,914.4501662113672
4778205,986702,315.5794147779696
4778206,1165525,580.2829553971948
4778207,123776,789.7161026243798
4778208,1947024,401.0356850629746
4778209,105014,593.1701789326424
4778210,1810174,606.3485148069923
4778211,482893,842.7227031318074
4778212,705280,760.5909139124409
4778213,41178,81.64753559851923
4778214,424804,167.2348451145611
4778215,1401043,719.7238136927701
4778216,1289643,154.25001739642065
4778217,44767,722.8726406746033
4778218,445296,401.70685535684623
4778219,1915040,214.4338405386327
4778220,1798476,847.8944764352524
4778221,659637,310.7511123337262
4778222,356288,669.5915787050933
4778223,1771764,644.6328331915324
4778224,614476,970.4284687447739
4778225,1913144,291.13508761997474
4778226,1440980,354.5193560199102
4778227,1396964,601.3396068612151
4778228,849278,449.34342441415276
4778229,271491,656.4029766434775
4778230,666742,632.4433806766584
4778231,1983404,116.77492286429236
4778232,1762747,928.9250541447657
4778233,58735,391.38260074312126
4778234,1928354,211.58381631837852
4778235,541846,455.30478268816654
4778236,1287370,407.76849392545864
4778237,1037043,783.1740591751579
4778238,1296782,934.2055320382382
4778239,1998585,756.8358414566931
4778240,756151,773.1290236896191
4778241,1299864,274.679637266561
4778242,1892770,540.7193651549513
4778243,505269,521.1096949709506
4778244,573959,982.1166014585154
4778245,1265070,737.202581644247
4778246,1692253,896.0029241060317
4778247,1693142,591.8494041576112
4778248,373218,200.90460194542837
4778249,1201120,180.4501707618753
4778250,1522575,996.2375949579217
4778251,1774557,818.9701417243278
4778252,247248,923.1885204666895
4778253,1182849,854.6705573741573
4778254,1801866,595.813337028905
4778255,1186425,895.0733072531425
4778256,1615485,773.1129886504094
4778257,646582,244.30975805919508
4778258,1626625,213.6349717981696
4778259,1055309,722.0587781042177
4778260,1636726,224.32592318219736
4778261,1629195,801.6029628261224
4778262,1877306,518.0076725778895
4778263,428845,439.00119745430123
4778264,1407530,942.4487846030036
4778265,733943,164.2705109554793
4778266,277525,494.32873127641386
4778267,616693,712.5246368641701
4778268,1504241,499.4329723695371
4778269,989321,940.9940999151092
4778270,1667937,381.4775208969039
4778271,312492,358.6848072031126
4778272,1597774,841.1935856211652
4778273,946783,311.018344805826
4778274,579324,747.8797056420398
4778275,1652184,152.39610972384654
4778276,595174,683.7509405065159
4778277,547003,627.8198181741758
4778278,1659995,938.4723982766182
4778279,642798,280.6559863418519
4778280,135041,246.2668680306661
4778281,147335,425.0777210836938
4778282,1608504,103.09935437205885
4778283,612611,7.708351751945508
4778284,926074,461.9773218583735
4778285,1041535,986.3767127607165
4778286,1051283,364.2022130351511
4778287,297182,82.92267287699451
4778288,314428,524.2428640002746
4778289,1554030,778.9599908175833
4778290,343886,30.253742410168094
4778291,617162,343.02793510730635
4778292,566760,586.0397180671657
4778293,1766712,603.7163836672896
4778294,1426648,803.9724781691133
4778295,1158426,568.8242117297053
4778296,1439965,39.56656613481868
4778297,1146242,586.580490243851
4778298,430127,465.9171554590347
4778299,765131,705.5012780565555
4778300,141890,787.5039592160159
4778301,1624762,376.6367503153027
4778302,22927,1.0670915163776273
4778303,653140,937.8250819987215
4778304,1206141,322.453391667039
4778305,1144880,294.7804659411871
4778306,161899,874.6706658738484
4778307,337958,282.63883976628455
4778308,635989,221.4976601545886
4778309,1023051,199.12698707075015
4778310,546454,127.32554241770278
4778311,1611271,443.8379241265715
4778312,1536980,558.661292368787
4778313,1819589,887.5345677682158
4778314,552834,436.30306545464146
4778315,1657016,442.1004846593275
4778316,1362417,150.5165795475869
4778317,1812334,60.262523965832095
4778318,1923183,196.32265643986057
4778319,821275,919.1899896698123
4778320,716363,473.780704704267
4778321,1484299,322.7268408692824
4778322,990489,923.1924390489232
4778323,43098,892.0490220741914
4778324,1444674,775.7972426852979
4778325,1564132,903.5228874846719
4778326,1742973,391.10851830523904
4778327,1447118,335.15506906203905
4778328,1168497,307.60218749684543
4778329,297655,767.630526889955
4778330,1702770,937.4163154749845
4778331,1153420,322.49884243113667
4778332,728470,921.8388674312878
4778333,202644,777.3644842538667
4778334,1011843,511.1272856935942
4778335,461211,123.57176081309862
4778336,1214922,827.2936174575374
4778337,560985,599.8400139812605
4778338,1964636,411.02957335208004
4778339,201896,958.508209950504
4778340,13733,944.5433014594303
4778341,401024,915.8729547675475
4778342,726996,392.48848414597603
4778343,653449,514.9642142072187
4778344,1787126,941.4961385087838
4778345,1655569,951.5789744266551
4778346,18786,331.37834134799306
4778347,1487773,739.1312088677448
4778348,1967672,438.3890320240353
4778349,26874,709.3071273859053
4778350,156394,574.2925810743795
4778351,502405,730.787919672864
4778352,1284313,527.0772858467342
4778353,1506723,178.996409131159
4778354,444384,466.3394171835785
4778355,19514,120.77168420815154
4778356,1533537,9.962520982323419
4778357,752806,126.02855829456139
4778358,1227606,254.3892905161327
4778359,1697636,614.7168898458261
4778360,1911864,595.8984055764628
4778361,931396,108.46207357425841
4778362,1083698,18.433813105445562
4778363,228846,922.7940181817364
4778364,264173,616.3338058247468
4778365,481236,434.29446215871
4778366,1138035,577.6651422407313
4778367,172278,747.4671384462597
4778368,1372324,809.6598578447508
4778369,716972,213.52072462430226
4778370,245689,918.0161943224418
4778371,1449258,503.2171718135915
4778372,541751,826.7478518978922
4778373,471312,176.37892724916614
4778374,1975891,927.8267322434831
4778375,1664330,638.4963314963325
4778376,1527245,119.99664722373605
4778377,1465218,715.7168206611309
4778378,1677142,670.1310272762779
4778379,1625407,875.610277537333
4778380,1496944,903.8221888291329
4778381,1621904,319.9088829137963
4778382,1120038,836.6006365379835
4778383,1413440,276.1279589701877
4778384,1061422,742.5045532668807
4778385,330498,930.6938503350408
4778386,330763,509.5090641023624
4778387,830764,624.4240646929261
4778388,226341,990.2369581359761
4778389,533339,242.91312404424846
4778390,123813,224.80002278515732
4778391,781706,779.405425001293
4778392,375810,351.5520424219682
4778393,1671205,276.2517023267278
4778394,725103,278.17463657835316
4778395,1121662,788.3700191909278
4778396,284185,350.6983922935765
4778397,393552,640.4777269222391
4778398,843517,107.79829222411786
4778399,1553578,206.89955197223918
4778400,587539,947.717410195967
4778401,1365482,259.7913387262872
4778402,1307227,688.5860557365368
4778403,1978299,543.5773445158914
4778404,988249,707.7494787556832
4778405,1326963,710.5942426710726
4778406,1814059,943.3999579879866
4778407,1252171,543.8923960903363
4778408,366605,607.7562499132526
4778409,1244044,33.052930979395654
4778410,1328421,812.2742005489783
4778411,1816939,114.29725424465231
4778412,452952,20.633758884380015
4778413,1661609,845.5818761674661
4778414,1565940,527.3932344944419
4778415,825765,988.5214375269643
4778416,6789,954.815557631692
4778417,639302,77.43775112310713
4778418,1196210,958.2425825719421
4778419,147977,947.0486750439211
4778420,1132443,311.449718659905
4778421,1763283,834.504074164386
4778422,1806633,428.28932908069106
4778423,1758270,660.2059932622602
4778424,5328,526.9161493050876
4778425,337774,753.2544018792115
4778426,1309530,846.3209169698592
4778427,430668,141.44822557900315
4778428,1845275,42.2559360724859
4778429,1411865,907.151306870225
4778430,1082488,291.00438922278926
4778431,1208044,765.5437735495981
4778432,1072135,891.9259419456081
4778433,1958854,309.90998208219577
4778434,309485,993.4026804184159
4778435,1611275,777.6624312275613
4778436,1680973,111.66753688156439
4778437,403688,797.192514471475
4778438,25470,737.7393033425345
4778439,1142576,132.6691841015588
4778440,508560,300.21819879070864
4778441,102698,266.5772819064026
4778442,1027504,555.4399522212502
4778443,421585,488.8836274366728
4778444,1246790,689.3157941408168
4778445,1440723,499.60985110008806
4778446,1587496,653.8269875579673
4778447,1140581,746.8257370099127
4778448,1347177,444.62030691846553
4778449,54221,793.4060713413403
4778450,1161978,124.96919483350666
4778451,1748959,44.550449498675704
4778452,1444427,581.1792624655704
4778453,1640233,418.06402067648617
4778454,15753,740.9741994997413
4778455,1818097,198.71848949131743
4778456,300405,869.0991015058888
4778457,1064717,674.5029080622354
4778458,705382,78.50885335463676
4778459,378118,218.38191793864513
4778460,929807,580.6192008515425
4778461,393572,349.37424834639273
4778462,1377608,300.79954918274245
4778463,1654058,82.22633394670086
4778464,1424934,202.6172146455284
4778465,696844,898.2805335358578
4778466,1869864,729.2919609137666
4778467,433482,370.80930835347635
4778468,358086,604.7639329573535
4778469,1844262,242.10598940647898
4778470,1665055,356.5160203432234
4778471,1064301,885.4266251488215
4778472,1869264,873.6301483540071
4778473,104752,210.43987248291563
4778474,130237,321.20277470964487
4778475,600028,258.6520295151613
4778476,1698822,4.663559415252871
4778477,674660,560.4043550264877
4778478,759659,134.80484607844167
4778479,1020137,635.8910929958424
4778480,1331841,326.98922649331644
4778481,424975,371.7652205305466
4778482,669996,510.96553929611133
4778483,1721348,488.61212126390143
4778484,449266,945.6523149421436
4778485,736287,11.171183739356882
4778486,1684842,563.768573020561
4778487,1911054,784.7987463103078
4778488,1808118,352.8696616278062
4778489,1377923,316.33617864038666
4778490,743499,33.69195705004757
4778491,1055675,14.060160191336045
4778492,776149,974.5723808401684
4778493,998867,844.8928574784394
4778494,1467543,12.652167834971696
4778495,1379807,832.7598589607293
4778496,1191057,751.3033299016665
4778497,809151,29.719956007780436
4778498,707744,968.970239327384
4778499,1258456,277.7160062076267
4778500,1464032,335.43888018771185
4778501,397723,380.8630971199446
4778502,855240,450.54771535720585
4778503,840243,915.520423607642
4778504,758842,32.36972091657753
4778505,1164025,796.9236604419067
4778506,1409539,743.7675485715799
4778507,1528894,268.90499312546115
4778508,707949,934.7989357729399
4778509,576929,389.03505185540064
4778510,1819094,431.4303555362275
4778511,1464501,916.6119084068556
4778512,917106,998.2137714355799
4778513,1371163,590.0535404598859
4778514,1353428,309.68805893016537
4778515,609519,799.3787956834052
4778516,189962,370.5157713047084
4778517,1749295,370.01963846402066
4778518,1830074,898.3536204905306
4778519,656561,478.55786307259484
4778520,406511,65.55379080440981
4778521,1018947,401.5815845763683
4778522,941341,866.4055816280004
4778523,1050767,426.6237210554027
4778524,126846,995.0691296346175
4778525,319696,980.774285455907
4778526,33958,326.4087441422224
4778527,1662401,959.6576296253261
4778528,1938172,869.6874053194057
4778529,1606843,306.05286332039816
4778530,1723021,937.7017791639599
4778531,1923825,857.7937197725805
4778532,845405,904.4680025178903
4778533,711876,769.2741871817274
4778534,324402,372.6722145009206
4778535,1476076,196.343789498586
4778536,1436030,993.2453357259767
4778537,833828,657.9377097761958
4778538,1520198,872.9094114757611
4778539,668691,921.9750276761646
4778540,565302,778.5053433406287
4778541,1793857,49.4389683704437
4778542,420239,149.95976945102097
4778543,1420519,490.6965617963972
4778544,123603,221.0419157088901
4778545,765865,646.0652596534594
4778546,1029538,929.6719365328274
4778547,1967316,216.75424893984518
4778548,1405335,525.6812275274825
4778549,96658,460.3684695149276
4778550,862970,526.3569454262343
4778551,955126,537.8735884153194
4778552,1159748,262.6691167167992
4778553,1684639,573.8860232529452
4778554,1525952,237.74936382347468
4778555,708391,451.04248784143044
4778556,453680,810.5424880452892
4778557,1048305,463.0528883747067
4778558,339868,214.8043094877211
4778559,1224366,327.5477818274832
4778560,793978,951.4762956543927
4778561,1915620,538.9966605622218
4778562,344952,245.17693179853262
4778563,1183770,657.5618412959889
4778564,1938823,138.71444755621542
4778565,687284,257.72134512660585
4778566,1215280,310.45474453585285
4778567,1104517,753.9991687977553
4778568,1818148,71.32402996576958
4778569,1371221,898.3634750855399
4778570,1688304,23.019908069955353
4778571,1510076,275.55634530066965
4778572,1949461,216.2436279013934
4778573,943644,241.23843524048905
4778574,1851974,997.0610795252861
4778575,679944,990.3481732798449
4778576,508572,197.02511346469453
4778577,1611380,149.94181952519236
4778578,1909037,920.7727244214793
4778579,1171400,300.034157804794
4778580,1528,38.005129171080675
4778581,1266702,469.69827777995187
4778582,958115,103.88946101569817
4778583,964474,351.9797984137485
4778584,370689,41.88987223846663
4778585,136854,60.8108131633438
4778586,764466,447.2970572517304
4778587,867149,893.2403942148275
4778588,1971056,915.9972492344162
4778589,688494,849.3518584833432
4778590,343985,720.8457658675682
4778591,16916,583.615525866772
4778592,316037,308.01791190349894
4778593,1793273,463.7624625995921
4778594,129006,122.5717355849142
4778595,1356486,972.9070304140535
4778596,1874591,603.3568430447096
4778597,898281,354.0815501839265
4778598,1519875,699.8088012703955
4778599,1741236,402.45684629595235
4778600,1786542,328.6480331476448
4778601,269546,189.35572308656967
4778602,907126,302.5611259510214
4778603,1585901,221.8806897205443
4778604,729774,761.2303314451199
4778605,967122,478.10513433565836
4778606,859757,238.560219022558
4778607,38609,840.9787439298572
4778608,141668,67.32283629791102
4778609,726560,947.8007210397801
4778610,500431,164.99294166438094
4778611,642516,897.070618352284
4778612,1645513,927.0783909394529
4778613,677906,152.89507757499086
4778614,305448,256.57691811798924
4778615,1374532,135.93037342658553
4778616,1410601,968.3560412472141
4778617,1723122,421.4428269224877
4778618,393509,113.68930106271091
4778619,1455679,795.478494251052
4778620,410727,987.1033481003916
4778621,1306593,182.17892073670527
4778622,931563,805.0444226059001
4778623,1370632,697.505445141608
4778624,830385,896.2517105181986
4778625,588234,614.5012879022711
4778626,804629,39.07786144146319
4778627,1518147,271.0799971852277
4778628,995156,102.10612547607634
4778629,1904557,619.0256567146525
4778630,763527,551.1460123800181
4778631,1368173,852.1785096445988
4778632,1915578,748.0665278874451
4778633,63260,257.44233948503046
4778634,259853,237.7616676409482
4778635,1233255,940.043446732559
4778636,1606753,799.0049417961608
4778637,149851,250.21993518469264
4778638,1374452,135.67276770897786
4778639,642239,341.8087920099727
4778640,1674396,244.93403771052525
4778641,1292778,569.5272944527924
4778642,1385321,189.1230985946961
4778643,1294252,413.0080382331856
4778644,548452,30.581731193229047
4778645,65035,816.8972555118623
4778646,667689,349.588108444942
4778647,1259723,995.2108793909879
4778648,532038,8.092044200955772
4778649,333684,208.00587158508264
4778650,1394695,119.09424667718227
4778651,1229841,644.1333215486127
4778652,939745,245.57242454231954
4778653,530631,721.815113554962
4778654,314291,275.93374130314044
4778655,1861231,881.7427825547545
4778656,1551311,595.0370125709097
4778657,1583145,689.8309937184639
4778658,1863275,896.5402691704672
4778659,475680,588.8581456674145
4778660,676885,323.15269898256616
4778661,609983,527.1615724941176
4778662,1634190,264.1172886433761
4778663,1568492,119.7947105465711
4778664,344721,370.1528925312156
4778665,620887,939.1664746178639
4778666,1363916,304.10129741089844
4778667,948308,579.6725947789365
4778668,1467750,29.66987702999191
4778669,1033565,130.35820842024347
4778670,1314771,80.65509961880568
4778671,1765181,331.03279982532405
4778672,1907413,864.7786106784765
4778673,115078,862.2356384591687
4778674,831021,335.39780508920046
4778675,1598764,536.0896974468588
4778676,475587,580.8013796450647
4778677,1502560,461.30096796402654
4778678,455612,891.4318535484754
4778679,740030,713.4750213012767
4778680,1533064,194.15224807911636
4778681,1154681,170.56700445692374
4778682,1519282,441.88047046259084
4778683,199686,913.6636102513888
4778684,222446,135.51740334423067
4778685,937419,989.9961601240534
4778686,104404,168.53486592301826
4778687,1146299,589.334247059436
4778688,162455,177.6714571382805
4778689,1173506,843.7748065655608
4778690,779594,273.99327244776174
4778691,1271118,352.939254878179
4778692,398037,847.5664816653501
4778693,1368016,27.503679262762425
4778694,1993583,451.34404459797105
4778695,911937,678.595222169482
4778696,822154,212.1383381296297
4778697,1706123,412.76095487092635
4778698,213634,844.7857074866688
4778699,3936,91.50605247659472
4778700,1999205,257.4515195896009
4778701,1495000,262.82450268218116
4778702,1101419,197.66128960966768
4778703,913801,907.3832006738784
4778704,766799,497.9899339403626
4778705,1997580,510.43505869188266
4778706,1649491,926.8047061647277
4778707,36234,932.1302036911899
4778708,438187,10.615300528417748
4778709,1905165,68.45444761331542
4778710,1713470,57.35687702303027
4778711,1411417,654.7577830469739
4778712,1870000,51.380719115818316
4778713,1805917,611.080024068596
4778714,883679,768.0483079832935
4778715,1611927,971.0977914920849
4778716,1278152,824.7534165689793
4778717,709597,622.0877881074773
4778718,1446117,248.02190871375495
4778719,84648,220.83809625303863
4778720,651371,113.23651052132877
4778721,1657893,356.2949434027843
4778722,1401842,519.997116389136
4778723,1510180,687.6977100594031
4778724,1910445,826.376609113653
4778725,399552,480.6536056962184
4778726,296053,890.4826315888054
4778727,816483,44.064613851818926
4778728,380460,635.6577195000833
4778729,124714,323.8614613246457
4778730,328342,375.5925572910075
4778731,1635894,813.4180808815318
4778732,402181,597.0675464287904
4778733,1680040,87.88501985077646
4778734,1669851,655.5704561101333
4778735,1254228,614.017135070556
4778736,1904727,913.4706491822167
4778737,1208084,170.70248675041898
4778738,1080537,334.7225507244704
4778739,717609,675.779362548725
4778740,1450943,378.20295439810667
4778741,1638918,216.06024186846906
4778742,1312617,258.56965173224876
4778743,1681995,76.0254379202533
4778744,1707469,855.5228536496953
4778745,502127,405.82335112978717
4778746,1829519,899.483267529433
4778747,1038058,803.1667868261133
4778748,1570866,487.6261326259996
4778749,1299638,32.87801013977176
4778750,1521407,691.6509351968116
4778751,1562671,809.8497859491863
4778752,67752,543.6456145200539
4778753,12349,683.7450456883558
4778754,139186,977.3677053816928
4778755,1353385,140.10773201345538
4778756,1306316,481.05891384073686
4778757,1756652,89.09494288616115
4778758,949960,967.3179340179557
4778759,318699,968.4436236355481
4778760,735033,514.8318173174633
4778761,893243,999.8062892046497
4778762,1258153,98.4588513933129
4778763,1057903,333.332350308048
4778764,954454,429.06600425673855
4778765,1643895,594.0827916729135
4778766,343353,95.82833810659419
4778767,415588,853.4568354154231
4778768,1709628,504.277581320927
4778769,346233,786.0699677588645
4778770,748258,360.3000988646584
4778771,488395,494.732560013312
4778772,1967003,485.60013191244434
4778773,897968,211.11965750118722
4778774,804130,474.2712229521833
4778775,945260,923.4130919710916
4778776,1790880,420.2327865255249
4778777,1290958,723.7640694387559
4778778,100674,132.23397823382777
4778779,1776359,71.9661905353699
4778780,1555335,338.0408844356857
4778781,1930876,270.4955357586023
4778782,754143,44.914119854845616
4778783,1035539,656.7025924634768
4778784,382816,306.16586148227987
4778785,1722697,159.3711793114463
4778786,141993,110.33526223549761
4778787,1774948,955.1444061057074
4778788,43277,229.22880899028874
4778789,743479,625.4739562813049
4778790,1779804,973.5402793883167
4778791,973158,684.4055916616434
4778792,412038,718.4170615516659
4778793,1117042,53.84337336239531
4778794,1514081,530.2193062793554
4778795,1733807,430.8810129842575
4778796,1421496,720.990601674616
4778797,495140,434.54738760933986
4778798,618227,482.2388197806827
4778799,1112306,227.07706085980462
4778800,1646103,848.1064822558595
4778801,1295888,963.7209709808094
4778802,1796501,682.8467720351986
4778803,654400,169.68203168374728
4778804,528947,136.53023992462641
4778805,762786,317.41894403669426
4778806,1918565,494.50382159844906
4778807,356794,197.35742143597312
4778808,1652746,897.3539056840467
4778809,547128,83.68429448308035
4778810,1062781,152.14685487101144
4778811,719005,863.4899968383772
4778812,586219,809.9343073825863
4778813,347862,342.6390802953989
4778814,573825,679.0852233927455
4778815,1519175,223.75717384829807
4778816,1807391,571.9499836463667
4778817,1359259,154.6013259446576
4778818,1597429,842.8827758995438
4778819,215164,596.5207983212944
4778820,1289322,792.5478189033009
4778821,1293940,452.7381726006068
4778822,26142,923.6139187419265
4778823,209483,710.7337162288359
4778824,845563,214.152016826613
4778825,69,54.551084847944686
4778826,1082839,687.1835352219384
4778827,1984896,607.4629670040155
4778828,1256332,413.82743084449623
4778829,352365,96.43778723925112
4778830,315908,749.9862705385802
4778831,1036584,228.02427979977747
4778832,281868,93.07960987169072
4778833,1737908,718.5015311581661
4778834,1752512,145.869160809471
4778835,1404203,490.4559030836862
4778836,885268,432.41309336457437
4778837,653102,496.50810284529445
4778838,1595241,731.3905635558306
4778839,1113636,2.3806227108063016
4778840,1398250,961.4876271440116
4778841,324538,491.71511945659165
4778842,268528,628.8906740403119
4778843,562584,430.32944195717704
4778844,20865,370.04320663282766
4778845,1322410,976.2728102087127
4778846,684397,977.0409887615275
4778847,1903921,490.7312189409103
4778848,1352657,846.7347339113343
4778849,484040,261.50518640803944
4778850,368006,21.31173923876084
4778851,1330881,199.58524674012367
4778852,1577755,320.283596187401
4778853,1567930,1.7694355283646157
4778854,817745,48.19842087944004
4778855,1759185,990.260194922397
4778856,1906152,227.72308028606224
4778857,330718,113.11001677497579
4778858,1555405,941.4141209846497
4778859,884495,961.7348330966284
4778860,308539,27.956384236249022
4778861,428152,817.7503431421692
4778862,1499657,842.9099484697688
4778863,1249287,186.06989467206625
4778864,307123,120.2559954744461
4778865,1621812,505.27241153574
4778866,116891,774.4095643254294
4778867,256302,248.3946686687104
4778868,670195,273.4475857853946
4778869,1823886,37.53689975199126
4778870,671779,188.2768618427928
4778871,1135740,337.54779349398024
4778872,449153,192.3191501524445
4778873,795565,186.2459931242607
4778874,680369,973.5087821449787
4778875,1383898,360.05412442126914
4778876,284372,441.6393790954203
4778877,1461218,921.1813852909879
4778878,1852410,190.79832246633532
4778879,362152,351.7309606268836
4778880,714455,518.2564691781558
4778881,1738515,836.1378590779086
4778882,1951484,781.0384155812111
4778883,1799288,462.5170566879353
4778884,1799717,932.2657272479424
4778885,1394565,632.8801820687828
4778886,1802341,264.0750545535017
4778887,215401,476.73752980847814
4778888,1580014,541.6947414800932
4778889,1288749,3.0297374127106202
4778890,783299,768.8833856039417
4778891,1066610,811.382793107558
4778892,1710884,692.6381076100444
4778893,674823,389.3637913303235
4778894,819573,743.576319569271
4778895,1951245,484.7958542036165
4778896,531357,1.8880152356641755
4778897,101106,544.8621958257073
4778898,1333818,381.7254550045086
4778899,1400011,951.4895715603515
4778900,366397,424.1880403510565
4778901,952342,842.3432788401467
4778902,14860,129.78388687710972
4778903,636695,345.35856435579905
4778904,447722,957.1463250165505
4778905,936926,642.7665950907602
4778906,1170363,144.2422612143881
4778907,1796077,382.3336134837607
4778908,901791,12.442710533293933
4778909,298532,228.12092082063606
4778910,17575,421.87746540867045
4778911,1003115,366.2643709532798
4778912,668980,993.0834563405273
4778913,1731676,439.9188210435977
4778914,1104141,824.8358227539138
4778915,1856003,25.22287982001736
4778916,1700297,507.38477681477843
4778917,629567,926.6594167267721
4778918,276340,345.23153745218684
4778919,462437,922.4332709804996
4778920,1604701,456.3131263856518
4778921,1430897,79.68055202939873
4778922,1710221,878.5413078661198
4778923,1692211,776.3470274450135
4778924,936052,983.0139856413628
4778925,324333,799.2448760504438
4778926,300592,959.3885751826109
4778927,642439,196.6581319961045
4778928,506381,465.6695966058565
4778929,108376,169.4430441388405
4778930,27795,398.6123619322178
4778931,1301612,560.5727279357552
4778932,1662441,621.7926801334607
4778933,1867231,921.3524781487589
4778934,1568964,196.80912203123535
4778935,775975,584.2433041446003
4778936,592664,59.27681310355004
4778937,433755,578.2390596078554
4778938,754280,466.2058246476333
4778939,1021904,636.3461045270648
4778940,1513458,437.91254967334703
4778941,1455613,321.4359887209425
4778942,1046551,7.11632483905178
4778943,1459662,538.0265371760236
4778944,163843,313.9801947092599
4778945,994937,635.7223821708121
4778946,603933,67.04861927975713
4778947,855549,57.51266103319874
4778948,563184,777.8771609397612
4778949,1367081,389.4394717835623
4778950,1078303,304.86951782338724
4778951,1827714,227.94909201873892
4778952,314018,600.0319261550447
4778953,1831896,612.3487191237942
4778954,1235164,20.921782991130012
4778955,1881479,895.7317863619595
4778956,94964,136.34633440085707
4778957,794687,81.79813873429542
4778958,396475,387.5683754132714
4778959,716022,595.3864420878178
4778960,1560503,905.8510719063623
4778961,904147,367.0951242740265
4778962,541664,760.4165050673579
4778963,1697982,143.7844492361985
4778964,1145021,94.76039302189898
4778965,1192471,446.66544646885166
4778966,961449,805.5818419981584
4778967,1330861,827.3806547491939
4778968,1178782,400.5137804183454
4778969,1299128,350.4581569667812
4778970,543341,733.1840855145363
4778971,1015191,712.0502572681845
4778972,1264849,45.62042264195676
4778973,1283804,32.801258630389185
4778974,773100,891.8867144439456
4778975,1550491,910.2960863557188
4778976,1185543,158.77067863756878
4778977,1369078,762.3953019011884
4778978,482598,704.3721038986472
4778979,884791,524.2766009437919
4778980,1987177,490.420941341655
4778981,1254953,370.1577239484766
4778982,520780,606.0359010367279
4778983,1472847,496.049246999984
4778984,492361,551.4889964456511
4778985,1766386,265.32630358632025
4778986,1819519,459.14778927205003
4778987,1455653,465.31719058008315
4778988,299186,745.5110306249003
4778989,615552,692.2457826754261
4778990,545982,678.7575040909535
4778991,1282212,356.84205442553707
4778992,676335,765.8178918169751
4778993,356575,32.19265801251392
4778994,1903783,642.6501051129928
4778995,56232,562.9327796348839
4778996,810659,404.8724339537662
4778997,179918,759.3873516226078
4778998,270585,755.4906036721786
4778999,84869,488.52699810343216
4779000,1522948,464.8114930458539
4779001,1372574,700.6658367912662
4779002,970474,485.3102976968646
4779003,1101443,810.9364732878622
4779004,133828,672.6880602983508
4779005,405812,819.854212117075
4779006,851755,324.3409508710988
4779007,1746444,973.4292017657954
4779008,1000997,119.29793154689116
4779009,889182,88.77038569580064
4779010,517793,860.7213956129501
4779011,641222,557.5792004290487
4779012,1787250,783.5521555615197
4779013,1322933,524.3641698501
4779014,1641270,391.0638150194594
4779015,1093177,263.24320325434513
4779016,359125,678.484775331503
4779017,754757,549.4738042950511
4779018,25130,336.17711607297497
4779019,1701532,393.086446731619
4779020,787758,144.43511237796503
4779021,886988,386.42273772307965
4779022,1951483,283.3901641044244
4779023,974054,415.9955511038639
4779024,1668718,984.3647092692106
4779025,1091297,178.25492748519233
4779026,665703,462.45729336575204
4779027,716073,784.8202255814185
4779028,355069,951.781410236346
4779029,1439751,45.111600220195335
4779030,168108,906.1836216127184
4779031,1793809,77.62137850723948
4779032,1766329,161.49558773450767
4779033,585913,973.0820481486293
4779034,1505909,848.1689882139547
4779035,851688,256.5370324998142
4779036,153212,846.1757016784851
4779037,807902,355.59056895815456
4779038,212357,705.8400009104158
4779039,1881847,235.45910053699492
4779040,764855,168.2968209481792
4779041,1874023,206.87516605508705
4779042,1629796,258.5459644995036
4779043,1041899,673.3454961912469
4779044,254648,828.9702196367491
4779045,1850641,309.56868538322027
4779046,441690,335.50444295892976
4779047,1243729,719.2849078798113
4779048,1094168,82.71661620770321
4779049,689766,804.9494518372865
4779050,1722069,586.0321259978898
4779051,1383252,725.188846346924
4779052,1129719,621.7630494396634
4779053,966675,206.21281255082846
4779054,1404485,480.6296910021529
4779055,1783562,161.33260693247863
4779056,1351121,923.5338736421141
4779057,1669815,717.3878965092662
4779058,555995,160.15745808442395
4779059,1797319,152.22120586357778
4779060,1073264,723.7133893751808
4779061,1785021,464.8893071605315
4779062,1878107,823.8246815329579
4779063,489985,185.39705154081543
4779064,1209353,763.6182828690626
4779065,1586885,451.2629942015537
4779066,698328,182.58017936194793
4779067,421523,925.4346067299848
4779068,732237,707.6746404920708
4779069,86496,551.6389224579434
4779070,344376,509.83400803085254
4779071,1593774,879.5737711922861
4779072,1111475,88.95670631343367
4779073,170527,105.70540668790152
4779074,317592,45.99342238251647
4779075,980857,338.3816057918726
4779076,182969,500.7214827013984
4779077,872353,748.5220337281312
4779078,1531706,289.4042134029455
4779079,833690,211.6594316021494
4779080,1994943,644.9203852568335
4779081,306192,494.9592733078331
4779082,1871258,24.256529320392684
4779083,195045,873.3722610351889
4779084,321528,712.2660897997849
4779085,130631,153.33286305951222
4779086,1175138,33.32776213805511
4779087,1457066,560.0496614550309
4779088,1866024,778.9171206799613
4779089,1766460,265.56792098129387
4779090,1290001,493.1814779090279
4779091,1655812,121.17737962050835
4779092,1895938,704.0516308078036
4779093,397602,140.33433284433482
4779094,370924,126.17812728362676
4779095,280145,785.1235233277977
4779096,1975759,609.0772313864485
4779097,1645692,145.9962891465779
4779098,599628,281.4849333195454
4779099,1023205,844.6870624375481
4779100,291605,665.401861922511
4779101,248986,267.9958315389449
4779102,1708525,425.6137293027258
4779103,1776647,476.19229381640025
4779104,343275,198.73062778330075
4779105,1653134,12.64588448374182
4779106,1057197,34.17680589320993
4779107,989996,609.5856873530233
4779108,1857399,52.70076011798197
4779109,763037,145.96366720504162
4779110,1558596,93.32757912423595
4779111,1020396,136.8688610366362
4779112,838091,936.5642004062582
4779113,1683926,251.05950603502413
4779114,1312126,979.5500490814661
4779115,285460,538.8389032824248
4779116,1718156,18.68437844168469
4779117,1499032,854.2388975136488
4779118,765750,650.5651278463293
4779119,1027525,198.16232474761776
4779120,1441017,23.601109205432568
4779121,1224928,926.8076881606727
4779122,705035,804.3793232690628
4779123,515517,716.0869804867541
4779124,1408254,367.43540148012977
4779125,782866,627.8588940376569
4779126,1011332,872.2885162129894
4779127,725477,976.3503011118137
4779128,95094,571.6467143244686
4779129,383498,744.1465434864807
4779130,280397,539.0151224910403
4779131,1171856,343.70568624935237
4779132,793707,455.51748859494387
4779133,1200002,303.9910293400401
4779134,711232,221.1899806100449
4779135,713172,400.68551759672664
4779136,1583733,107.33707707429308
4779137,1179793,896.8536008614522
4779138,1072719,885.7136624736037
4779139,949105,992.3535503530036
4779140,1069850,477.16591379852144
4779141,929726,322.1317037769823
4779142,1844599,792.3339135181108
4779143,1885004,696.3194157435138
4779144,835040,535.3023385074123
4779145,652280,754.7896942563672
4779146,1514045,308.51001879091
4779147,192594,901.0886284249585
4779148,1554726,730.5446271197831
4779149,1964048,255.7647428659535
4779150,1087662,743.7945008690717
4779151,663258,297.8940757783972
4779152,23344,469.1608967670707
4779153,463541,209.6787573727874
4779154,692434,952.0093677044747
4779155,855625,15.664437583512214
4779156,1508901,372.04721264091756
4779157,479679,265.0422304618344
4779158,139116,757.2128169582778
4779159,490923,539.01941883235
4779160,81117,795.2291390716792
4779161,760146,838.7840266836488
4779162,1926303,776.8684278462208
4779163,146586,109.51380885006823
4779164,1481130,552.1837462540138
4779165,1314289,920.102607791072
4779166,1594253,150.90141417286708
4779167,1209271,697.6966468959434
4779168,1192777,277.41916384278954
4779169,1726412,424.3832621423662
4779170,507390,542.9092993846574
4779171,96883,476.1473292210049
4779172,1494830,210.4868623886954
4779173,1581618,337.7662936467649
4779174,494041,997.7630426215319
4779175,1835900,430.2936944473461
4779176,324463,522.7916681006287
4779177,1797465,708.168070004625
4779178,901440,714.7593653941101
4779179,366116,713.8886191745707
4779180,1006819,850.401993529969
4779181,379580,327.84479321604596
4779182,216875,653.4934215578965
4779183,712000,304.5194341030956
4779184,833766,800.098128900063
4779185,1373737,722.9080026790423
4779186,1678110,747.6549696605528
4779187,267290,188.4541463922682
4779188,1453319,485.2261433482691
4779189,1498421,25.395445592049313
4779190,886516,620.3789460218708
4779191,616559,229.3966165799657
4779192,290621,743.029221122567
4779193,1739344,720.2178044392739
4779194,1475421,972.079920109234
4779195,1857101,495.84953834363176
4779196,1627548,986.8070013177927
4779197,363041,890.2049717127788
4779198,79392,689.672899336071
4779199,1248994,376.1035865677292
4779200,525420,955.2758730607209
4779201,1500465,370.60525037007244
4779202,1701554,24.562521607659594
4779203,866476,607.090762428796
4779204,520865,646.0983222534152
4779205,1048982,83.97843424194119
4779206,1663568,163.3382323845912
4779207,1914988,902.9919929009428
4779208,218735,508.8171388248456
4779209,594824,878.8300791207445
4779210,704717,413.6207146229501
4779211,666311,775.2779806705447
4779212,1813526,345.9095496777823
4779213,739704,351.0427721314573
4779214,1445942,121.85357286344278
4779215,1547811,268.21645334955866
4779216,180735,769.9479261002022
4779217,1828746,711.0857111853086
4779218,661791,442.7092562224674
4779219,671828,384.1470296188425
4779220,394550,513.9039944311323
4779221,1411430,685.5532280819489
4779222,21784,704.6976342090846
4779223,687066,411.9004600784143
4779224,1491288,640.5873996099699
4779225,1341044,153.17343010909357
4779226,538615,65.32113923078808
4779227,863462,670.4386192376205
4779228,25040,70.27028782609878
4779229,303902,530.213618980266
4779230,1841302,834.6316623127464
4779231,1079166,225.7203616401221
4779232,1790762,212.3462676446125
4779233,558916,281.0641703362843
4779234,658459,133.04304410602663
4779235,1457705,386.3816396588706
4779236,992881,97.92479971579904
4779237,1288252,80.66946459664837
4779238,1924607,710.9875258450421
4779239,1188829,760.0311840240455
4779240,154094,895.9090322291761
4779241,727861,909.1029837678991
4779242,1660549,363.4300805404561
4779243,1496839,861.3363607994366
4779244,881135,730.6485551312754
4779245,664795,471.4151098857796
4779246,1458737,216.90291100074975
4779247,780208,888.5391285703465
4779248,820802,624.1877617269663
4779249,1009820,575.8968402361398
4779250,1855439,811.8737033300349
4779251,573862,361.62266322385284
4779252,1762653,104.10112710485365
4779253,455351,879.4592503129952
4779254,327375,604.33771140431
4779255,933495,641.3308701894231
4779256,499680,413.032381835865
4779257,881734,191.2368759625842
4779258,1709553,786.5533456636997
4779259,1157829,943.4775444448017
4779260,1351931,701.3141378177098
4779261,54782,340.76949635808586
4779262,1998811,837.2567827729846
4779263,1495526,162.76330947910145
4779264,1206505,168.68085160661505
4779265,1581765,314.76171891020664
4779266,584793,621.2756896163097
4779267,1755726,101.20301536230569
4779268,1608942,26.754684732430146
4779269,1451503,461.48391090674437
4779270,1595321,733.1530825069215
4779271,241578,628.6344133122592
4779272,1496580,32.036770156913974
4779273,394652,3.8351250472027365
4779274,1595841,219.07163537630615
4779275,2488,222.60397097970986
4779276,131587,703.3022033722762
4779277,1300069,305.07210116778907
4779278,1166308,621.2736587742088
4779279,532194,900.8560299317185
4779280,670452,280.62883071627243
4779281,1826904,707.2265291476322
4779282,1936223,650.8247789179748
4779283,1119720,194.9849132621586
4779284,1877251,348.58461877014213
4779285,91128,766.0241676159804
4779286,1910172,759.7467306900631
4779287,520316,39.366436781968275
4779288,792308,152.9466091711791
4779289,1941171,283.2274460014167
4779290,1677181,193.16144984658578
4779291,767449,764.5052736846472
4779292,927881,151.32703117683687
4779293,386416,122.0498245259467
4779294,896701,790.1351373598667
4779295,871433,602.5506405109581
4779296,84018,239.15719287660676
4779297,1579552,59.47955369165048
4779298,1040566,200.62334019958462
4779299,1459492,719.1762935693514
4779300,955742,770.8502400337115
4779301,1567533,115.34977889988917
4779302,203343,277.9920621645543
4779303,54266,816.7906512379111
4779304,157596,526.6865873218165
4779305,1404211,849.294675939309
4779306,1785289,286.72643439100466
4779307,1690105,9.424450933483875
4779308,324593,113.54014174839688
4779309,900254,373.9781540755529
4779310,704341,851.3101841646127
4779311,1324250,243.79062475305602
4779312,1008131,976.1284685086202
4779313,310383,77.36608269497958
4779314,980390,782.0915708471183
4779315,1857576,802.2140388519991
4779316,327115,229.13979345833513
4779317,531297,470.59414472572456
4779318,1777320,74.93855047260311
4779319,1283276,611.3869516136923
4779320,1340958,359.8604926645754
4779321,103051,695.0129624738762
4779322,282876,810.0021627311816
4779323,1032062,207.13345035086328
4779324,59660,90.87604497692348
4779325,765137,296.5552743086276
4779326,1672297,497.1646071337106
4779327,1617708,593.6293958037232
4779328,404726,720.7052616400895
4779329,290694,178.15907840668854
4779330,1823786,866.0443981102096
4779331,1551481,596.96600333279
4779332,527852,433.3992811465661
4779333,1992092,492.37339854943076
4779334,1845550,290.2234129950807
4779335,18780,343.52249010831594
4779336,553897,490.92479275291004
4779337,748442,901.6717271114378
4779338,504935,604.1276558261416
4779339,1714428,650.417005876385
4779340,1456249,663.8914312236503
4779341,1823764,816.0166460865177
4779342,539992,882.154798887109
4779343,1732364,332.2855719704062
4779344,955168,390.0676237869257
4779345,1849635,517.7294629669515
4779346,881419,525.9046795904394
4779347,958738,292.4081943164979
4779348,956129,950.4677096088662
4779349,231501,52.45036097117395
4779350,1708809,225.96637595207403
4779351,1107167,324.2261975998255
4779352,701018,477.44299307950376
4779353,261668,781.8578784244298
4779354,215229,442.27217619418866
4779355,1384611,335.1630063733764
4779356,1723855,69.23968684103288
4779357,1363396,375.9657355883392
4779358,1215012,225.28481469204098
4779359,1217905,367.60026358170205
4779360,1261562,642.6442216844591
4779361,103597,703.3505807261029
4779362,1493190,588.971537738176
4779363,1764399,226.12710326553275
4779364,959150,490.81577023921795
4779365,1157820,508.5710937099416
4779366,161993,70.53673827245343
4779367,1281304,598.7364421288119
4779368,332709,0.9227803302450654
4779369,1574160,266.72495918528284
4779370,208970,840.3175023848106
4779371,1873609,624.7721992213562
4779372,148795,296.8071386240222
4779373,732276,808.2791529223706
4779374,104402,712.1005707434988
4779375,1886761,580.8782665509947
4779376,107296,475.72817195468895
4779377,686374,306.6734890105576
4779378,526240,832.4142757042463
4779379,402774,821.8553570601721
4779380,384800,432.6424715217556
4779381,980852,858.9893064413477
4779382,1954934,889.0680300748602
4779383,560624,111.5970437843825
4779384,917986,309.05004786140466
4779385,1935157,41.47960018128061
4779386,1737094,185.14233427471737
4779387,147706,323.0424767302645
4779388,200793,613.6531951514874
4779389,1381146,919.9265353684953
4779390,1659926,434.7578639798728
4779391,1445771,616.972771269
4779392,605888,606.3009669115966
4779393,109377,287.6021472027773
4779394,1963352,90.87863759696513
4779395,1187663,488.7878790449742
4779396,811391,559.3171121613859
4779397,737974,398.0840952662836
4779398,666415,709.237874146048
4779399,1991289,394.23295303221596
4779400,1675271,5.100596420660741
4779401,1808903,114.38293268895595
4779402,613514,449.37716844793476
4779403,738017,601.9909772071877
4779404,451237,678.035386167269
4779405,1924294,882.9243150655664
4779406,1420275,45.02351138898075
4779407,537627,379.5263581752196
4779408,1016675,636.1481916634166
4779409,639881,728.0262843463879
4779410,587695,306.4837518931467
4779411,1656065,343.2953140089159
4779412,711239,531.0989341660993
4779413,276619,924.5121967146121
4779414,795434,876.6902347592157
4779415,553934,652.9365814798796
4779416,1841435,888.1262969325481
4779417,1121672,292.90080200505355
4779418,849292,156.9546734458479
4779419,1659512,751.941186910898
4779420,757647,732.0672910683377
4779421,1286913,466.002470235345
4779422,905664,104.52743217456783
4779423,1220005,830.2652149311846
4779424,236586,502.8406412348514
4779425,1033372,130.35714910449914
4779426,1702812,824.1886654393751
4779427,880797,943.7647345611938
4779428,999505,954.3501972210724
4779429,1009066,197.4450950399449
4779430,1298841,235.49368592882914
4779431,1064211,418.3131714778016
4779432,1044382,704.7517946598813
4779433,1745195,680.4523377856987
4779434,491653,677.4816859316688
4779435,4211,106.20731671813365
4779436,374937,81.75013966256151
4779437,630098,315.99440895963414
4779438,1010651,912.2203322265065
4779439,1119512,557.5949253317009
4779440,1999006,373.8209167147473
4779441,1601610,180.30973845181853
4779442,1094403,178.8087570691722
4779443,266951,435.44801828298705
4779444,499001,358.3859525245141
4779445,1172133,295.71819963137057
4779446,391949,669.3400365973497
4779447,579646,247.47369722295198
4779448,1812728,644.1690911996691
4779449,1110068,27.377647050847777
4779450,251702,729.4176624575038
4779451,967559,613.34381388472
4779452,1454787,737.1703480968227
4779453,370609,523.6855489010007
4779454,546609,434.71819244415843
4779455,384305,741.9678353435708
4779456,1326354,769.6030082781604
4779457,635987,365.35015782609594
4779458,1259166,273.63382675648774
4779459,781274,31.320829523493245
4779460,1909682,867.5130259780474
4779461,1558605,732.7147487169668
4779462,582849,386.73129051056185
4779463,199874,354.0375678166253
4779464,1845934,52.19193264883815
4779465,947547,886.5625293620124
4779466,1834521,180.68074390291434
4779467,577896,446.2661235152341
4779468,526114,370.1108138633339
4779469,258289,246.46687084950503
4779470,1846,883.4758542184356
4779471,194820,759.4080106947658
4779472,845101,262.1766102109144
4779473,780828,757.4956794847571
4779474,1328725,819.4550172905374
4779475,1468278,628.288703818997
4779476,784079,739.6800119386252
4779477,461553,448.47889046304465
4779478,960697,842.4893624256937
4779479,1055215,18.644606954332566
4779480,1583061,570.4488435458413
4779481,691757,27.889489996160254
4779482,55534,671.4814748169964
4779483,1811515,453.8369399127974
4779484,1787439,386.8862798979
4779485,568846,815.2597606644413
4779486,531953,877.8778653346085
4779487,1234019,283.69691807115504
4779488,1373419,574.3093686309206
4779489,1139562,351.2065993070932
4779490,1638728,127.29320497439123
4779491,10869,257.64590615636587
4779492,1615315,959.2175928101193
4779493,583868,166.34363838005305
4779494,22388,808.31296428826
4779495,552538,255.45775103823576
4779496,553415,249.58526122591917
4779497,961112,956.9527556170389
4779498,672718,376.7598951765241
4779499,1599354,991.0594840337601
4779500,727800,213.0891861346784
4779501,497350,733.685153589526
4779502,395362,435.2848747332005
4779503,13801,711.4353971181474
4779504,679207,502.2681141652097
4779505,396386,192.38729698965352
4779506,453089,518.8838403350578
4779507,1881582,795.4384840990932
4779508,107457,827.4813565633726
4779509,1046844,569.0720035812919
4779510,1245112,572.5050442666077
4779511,638715,65.76729941092829
4779512,1483674,497.1359002341291
4779513,1480797,156.27902220653235
4779514,1379996,462.5987020671074
4779515,61468,413.67029399708866
4779516,1159699,313.7798116801836
4779517,106314,592.3712373443389
4779518,1468250,941.1485138865405
4779519,484132,816.5044810800786
4779520,1233688,160.8184941789288
4779521,500651,862.7636355201055
4779522,1995246,824.1224724985077
4779523,364800,48.58917693058584
4779524,883495,589.9735514062368
4779525,293865,160.5012792730921
4779526,190759,461.0268563723956
4779527,1318071,471.18886279100747
4779528,580825,192.046582130038
4779529,1385404,970.1063317171411
4779530,1994924,990.9333720121541
4779531,1953692,581.3503676848205
4779532,1345216,971.9532883783232
4779533,631330,502.3922031790987
4779534,53914,166.0879332811499
4779535,393430,966.9204409118565
4779536,1865206,91.81628796968499
4779537,1622933,29.98345381926559
4779538,1009795,280.1484668789939
4779539,1726493,49.929851102525014
4779540,744593,387.12188570112016
4779541,1794799,246.44151421896387
4779542,1505077,22.618077014162964
4779543,1420490,349.95516858316546
4779544,289058,221.97547455673129
4779545,774596,626.8364290656729
4779546,987265,611.0441820022222
4779547,981960,579.3024339836746
4779548,64167,538.877805334964
4779549,643928,841.756486113347
4779550,397294,104.81087374749809
4779551,841633,785.5029417056592
4779552,1349119,972.0927210897117
4779553,1261831,688.7783438194418
4779554,1548867,949.2449897213472
4779555,665233,356.4187762573463
4779556,1711336,91.70065644329817
4779557,430385,978.6344968162804
4779558,941873,130.47139597084788
4779559,196999,675.8676620392591
4779560,174339,411.01098248712964
4779561,1923881,644.7708596182276
4779562,1292108,365.59263090082806
4779563,332212,562.0769497395447
4779564,40612,825.2208044576269
4779565,556078,600.4663967920754
4779566,1272545,308.27460842032474
4779567,1460318,692.2052782286453
4779568,622421,696.1756223945935
4779569,226079,123.39939859278148
4779570,1665972,794.3551066619442
4779571,66416,565.3087002797334
4779572,1534581,410.78631681406506
4779573,212772,367.17761048032907
4779574,84399,194.42523054161842
4779575,296821,821.8096336494365
4779576,1175958,25.648927520548924
4779577,1905780,420.24041029528604
4779578,725029,128.5924094771076
4779579,671033,90.5559974972674
4779580,674075,972.0954750873444
4779581,1437301,872.465051373032
4779582,155838,20.604773276846178
4779583,1944183,632.8550966118156
4779584,1446846,667.6970553230661
4779585,1881173,122.28060147956698
4779586,760153,609.710331669432
4779587,1885098,702.2600970282065
4779588,1720248,944.490156545229
4779589,1204894,2.910800539979941
4779590,1302434,200.53133181096626
4779591,1991166,834.4284642499548
4779592,1126878,482.94699123039896
4779593,1122640,288.1440001781933
4779594,1272282,759.4067051470429
4779595,869439,956.6741499458177
4779596,1211181,225.3969062619512
4779597,1655985,605.3049005223669
4779598,1396753,281.1833640534548
4779599,564264,677.7694765960504
4779600,1571543,474.9541322195454
4779601,309180,566.8216451143724
4779602,1443022,448.4725469512049
4779603,1322623,286.2228268289626
4779604,480623,50.74312902854017
4779605,1423169,230.82212235555676
4779606,1707697,76.13637425641184
4779607,1677599,478.8461389476277
4779608,1386188,373.95694462605525
4779609,1522218,924.7021695311179
4779610,413945,867.0877128288947
4779611,525128,720.8920346717896
4779612,1636440,115.6099569654635
4779613,266550,911.1102063877328
4779614,1057686,756.8663366975275
4779615,1937182,716.481391036042
4779616,1223808,172.5385479916841
4779617,115878,883.880049608893
4779618,1681521,826.2888084919111
4779619,427647,8.617341552089709
4779620,55728,91.55878857227684
4779621,1260159,226.52339920208775
4779622,507255,559.5649246292415
4779623,1137413,363.34538758295196
4779624,620715,4.437353414079026
4779625,406189,315.6141142832524
4779626,1661495,295.8814621798257
4779627,507071,289.1812923139736
4779628,1680422,546.9826164506901
4779629,1059505,625.5292438916766
4779630,975272,63.666869372032586
4779631,1501004,465.2119601865107
4779632,1675867,37.52281662164669
4779633,578674,618.3116152415325
4779634,1352568,583.5071663077015
4779635,1818375,860.8617099756486
4779636,1986359,741.8545826002078
4779637,1316415,696.8081929098879
4779638,1063589,185.6539023395558
4779639,1356627,711.2171866390336
4779640,1487818,657.4302055190899
4779641,1769255,91.01651435893888
4779642,326741,310.44207683937407
4779643,1611985,308.42792924218134
4779644,258805,78.28048491536255
4779645,1665091,725.4376876535817
4779646,661026,573.4714887025646
4779647,520076,349.0554553039481
4779648,1286306,86.96476015499721
4779649,57236,375.7010000180975
4779650,1694634,119.63075608000185
4779651,886461,292.86894069212224
4779652,570804,84.7165980465543
4779653,143938,208.4111694461378
4779654,1364230,958.6298546800059
4779655,1942990,101.45102056663036
4779656,464851,558.319873601622
4779657,1085595,530.463427427564
4779658,696735,14.97417153457592
4779659,410493,399.4813862994119
4779660,548339,746.3796179698159
4779661,183013,402.4745497022917
4779662,855702,964.37985326701
4779663,1848554,967.595466618885
4779664,882859,440.0331543331208
4779665,1682226,423.4041751373332
4779666,1851438,820.8626056527703
4779667,1304146,50.729386033935285
4779668,1353489,632.5150160116432
4779669,1618033,151.39787944707606
4779670,1763246,488.44041206598234
4779671,351415,23.04815215025313
4779672,619190,867.1693825590492
4779673,1557571,671.9978051590875
4779674,1750278,119.19670382920722
4779675,721981,125.56317294667197
4779676,1821370,131.63328649183137
4779677,682302,871.9128811978339
4779678,1743762,747.7263318145586
4779679,1371283,281.0300818933461
4779680,1711753,982.7286312773402
4779681,1530426,128.5367339976723
4779682,1465495,864.9699898179174
4779683,1839204,59.54155284461715
4779684,1524011,814.4444585632322
4779685,1728904,803.1426075078158
4779686,1519412,37.226730906650296
4779687,692915,919.9897771471512
4779688,1168539,840.7497619373368
4779689,1484619,831.504867264061
4779690,285113,760.75912180023
4779691,581894,322.92291302085283
4779692,1165707,875.101333346942
4779693,1860553,353.5401477432796
4779694,237365,63.611763780683894
4779695,1726504,51.53824917668936
4779696,285657,305.0891028378001
4779697,1023220,680.4376610220706
4779698,1375866,184.63039398643699
4779699,916531,706.4932339971485
4779700,1117332,982.8637938871118
4779701,295875,727.5143457445256
4779702,962241,936.7795867400492
4779703,1275801,852.0172428915338
4779704,1736842,350.0967063995216
4779705,494490,181.09797377822346
4779706,1939546,200.8017986611137
4779707,1646364,359.07781809838326
4779708,1840259,986.9161807408041
4779709,1903861,862.0142719422867
4779710,530595,806.4690093600705
4779711,348419,162.19769601053258
4779712,794752,326.33315801362994
4779713,379794,45.5069618997267
4779714,1315563,890.0396582411797
4779715,1222256,392.3773163677996
4779716,860099,89.4696859385944
4779717,1046313,552.2347647441401
4779718,304993,94.38312961271089
4779719,1940879,712.8675268130407
4779720,1135481,746.2010863019786
4779721,1555551,493.9483508151362
4779722,248450,54.76699100007731
4779723,1158504,45.69120769285551
4779724,953393,42.23915539833312
4779725,811422,327.747322055855
4779726,1648985,459.269621586326
4779727,777748,688.9439238953958
4779728,457292,640.9302636449138
4779729,1032402,309.62851437017014
4779730,330935,419.47976277204145
4779731,866586,891.9847209500385
4779732,1897535,645.8712571534737
4779733,1111850,537.472778053442
4779734,246371,922.515484590132
4779735,479732,539.1155244164618
4779736,1670165,346.75856036798024
4779737,86517,863.8925745600413
4779738,1565332,853.5256809538893
4779739,588812,336.0437710503277
4779740,817258,947.264771383484
4779741,1773156,829.2189857894248
4779742,1293121,373.58121267800726
4779743,472774,336.7176607348543
4779744,1637743,776.0775081823297
4779745,92935,377.843597215206
4779746,1764001,306.9191689313937
4779747,1981313,232.15971693091774
4779748,261793,218.24066683367406
4779749,154074,955.8411336198722
4779750,1057124,825.027481810464
4779751,658277,183.24176370148516
4779752,379146,791.3941250235175
4779753,1386330,452.1452008956406
4779754,534615,64.59541527240309
4779755,312252,428.583056415203
4779756,1799917,480.1361293659949
4779757,226366,306.2654124081726
4779758,716729,664.4619507877746
4779759,125177,152.47853235917685
4779760,1232701,469.69972422726624
4779761,1142326,136.4052111163575
4779762,1270089,172.5381762011907
4779763,241080,117.93716747661497
4779764,1213022,131.08060156960343
4779765,1577232,928.3258228977627
4779766,1538902,195.92854224404908
4779767,1650092,521.6773863348344
4779768,597953,830.3100302102905
4779769,418366,487.46825103564686
4779770,1028755,273.8078613320695
4779771,1861054,438.1971791865541
4779772,1854171,423.90753754068203
4779773,1025289,413.29823914636165
4779774,469738,225.79457594882
4779775,1977034,125.51377613874514
4779776,1156,468.9592074305563
4779777,1583588,195.14252763974437
4779778,12706,800.7966549285753
4779779,1984641,700.3076533036756
4779780,148004,373.53597464320995
4779781,82952,668.1724664061231
4779782,54758,207.93108951765817
4779783,289449,603.606280340273
4779784,1073137,101.11287485932219
4779785,660388,348.5946820164204
4779786,1311424,74.13921240876131
4779787,665896,227.728888957489
4779788,1647570,661.8956743567755
4779789,1185487,800.6168498912623
4779790,288589,111.43253203608062
4779791,1212649,46.61768961129198
4779792,503689,399.8637179564962
4779793,1815193,377.8777793683502
4779794,702094,683.3266714367221
4779795,444821,270.13061816463266
4779796,1045471,626.5359894615316
4779797,769910,710.1264677724474
4779798,1450015,74.42739573089253
4779799,279536,377.64276031666753
4779800,1478637,834.6201177714424
4779801,1826976,722.6283826763024
4779802,37815,994.46005088959
4779803,923150,915.9534710646353
4779804,932499,9.037452337451679
4779805,1145895,43.60649435161257
4779806,1589497,348.03206201777834
4779807,618945,711.3431966020943
4779808,682665,581.2697112570909
4779809,1663918,77.46862694271516
4779810,756811,748.6457017578082
4779811,744278,13.574441655511471
4779812,1900218,542.5234591104551
4779813,1416728,394.45035828016626
4779814,89693,700.6415235510121
4779815,843801,414.39900093736213
4779816,1615062,729.1761571069952
4779817,1412946,440.5413751699354
4779818,1826422,474.6368480436507
4779819,267394,688.1609922388334
4779820,583106,416.84604598981
4779821,164297,642.7018934619798
4779822,245354,422.17006394611957
4779823,408600,469.6120722487945
4779824,1996209,39.6413681290495
4779825,268567,748.9648194571213
4779826,1085378,490.6525501978266
4779827,1055278,892.965088506291
4779828,834128,679.9849494076985
4779829,955869,346.37399413729054
4779830,63856,411.2776287398653
4779831,1364034,406.833465623775
4779832,1431582,164.76377531540953
4779833,444498,337.32533197111235
4779834,424136,173.16619665570977
4779835,1791937,429.08752730161706
4779836,556309,523.4616390425077
4779837,736168,315.97874435753295
4779838,107365,80.9021954568051
4779839,1681718,237.05532153221077
4779840,779580,498.99482347939914
4779841,1150172,626.2460604016876
4779842,1425766,446.27952452798183
4779843,406994,693.3953849064875
4779844,1284633,984.7041900985147
4779845,366622,301.7608891201192
4779846,1968144,213.72106598223496
4779847,1466763,62.104914360663564
4779848,1672861,925.4906476054958
4779849,566807,240.31785759167866
4779850,1849715,55.72482367352827
4779851,1508618,279.85237439842615
4779852,658491,192.06403149375063
4779853,539794,658.2377219295106
4779854,285783,678.4520331232895
4779855,1623110,185.79611305606812
4779856,1001485,886.8691574787127
4779857,1586597,539.9023310309454
4779858,383955,607.4958600582174
4779859,1815884,904.2787408579886
4779860,1630134,989.3306558574043
4779861,593896,335.0709397929328
4779862,483726,799.7173505291927
4779863,918589,250.04400757499857
4779864,327697,844.5429486173293
4779865,398782,560.2443507318392
4779866,1663892,648.7440827074145
4779867,1355905,242.6766317655622
4779868,1577954,634.3677098857489
4779869,1790058,605.1603173897291
4779870,774065,277.4457711467423
4779871,515823,983.211057746261
4779872,1168057,567.1411329750957
4779873,1230719,848.3973025546946
4779874,1463801,526.9003449244279
4779875,44547,149.84648888256035
4779876,1375672,877.8432873500449
4779877,1375248,930.560887293696
4779878,785961,654.2315909314261
4779879,1734278,50.625190958379584
4779880,1963858,64.31861092601277
4779881,146804,410.4932964581929
4779882,1236378,660.3866932405845
4779883,1305656,123.65385284603735
4779884,1200654,321.17124880676784
4779885,1132291,945.9626604704733
4779886,705363,160.0977566856704
4779887,1417654,552.328983253735
4779888,1298115,536.0507432135953
4779889,992600,133.3232109713792
4779890,379035,290.90188631533584
4779891,1271708,242.1448896083871
4779892,1802339,410.787194267051
4779893,1410524,638.1129166181454
4779894,791463,320.35786944058367
4779895,218506,823.3318600154125
4779896,638320,220.9855102594537
4779897,486718,238.18788776288702
4779898,1338151,570.9016392891067
4779899,1832255,851.0611956851208
4779900,397452,695.6660389633856
4779901,504324,768.6428841209914
4779902,176399,61.81782888981968
4779903,767009,811.7694813385145
4779904,1948884,474.2565326090198
4779905,176470,860.4075915551958
4779906,282443,305.2545960402988
4779907,1952060,629.9591801659101
4779908,1348082,197.53998371339898
4779909,983061,238.35893503617024
4779910,160048,529.3507101674659
4779911,95967,498.7804929171046
4779912,1232170,463.96827017437727
4779913,1232839,104.00807275313385
4779914,1841570,530.4570496948492
4779915,1052504,484.450921899079
4779916,1486281,294.53722395450944
4779917,1888522,830.752954378699
4779918,1136618,16.164707585221816
4779919,1098607,370.1487115390035
4779920,574880,408.93029447337693
4779921,17310,723.3193443608328
4779922,1651094,53.97809050435709
4779923,138419,616.2444019571493
4779924,1233911,577.7371139759082
4779925,1867877,212.74220106634212
4779926,206642,787.733531275035
4779927,49692,202.06111841020413
4779928,1800670,157.46507375585082
4779929,1335591,433.51194763454083
4779930,1408333,221.19645196042848
4779931,1684931,87.8037616902677
4779932,244818,686.4116746733896
4779933,1549000,934.6190543072014
4779934,1703101,841.6163675481345
4779935,501216,333.51139290298073
4779936,924358,980.102882081393
4779937,474153,812.6168666357868
4779938,1436163,385.97463022732336
4779939,6791,53.98237037478659
4779940,1291451,417.0290374707224
4779941,288487,407.2808619989855
4779942,1745746,576.1538624183679
4779943,509655,602.0453463657943
4779944,520897,165.3893245275524
4779945,1088664,153.64503279586327
4779946,397493,171.27569763834916
4779947,40184,703.5177250598553
4779948,323453,25.752363088972775
4779949,1600520,986.1008327948325
4779950,369157,205.58516077738165
4779951,1178532,872.5868601861696
4779952,346347,573.5172473649999
4779953,857435,99.48214203704009
4779954,638074,989.2265163239633
4779955,478089,645.8941435923017
4779956,1218809,985.2088714404904
4779957,218080,696.6256900972994
4779958,1946421,388.4418387421262
4779959,1500310,942.6726177528438
4779960,844329,146.7354236256586
4779961,1418971,80.62157746042764
4779962,1817150,357.1311315358645
4779963,631157,245.04822519949022
4779964,1629243,717.9846495586758
4779965,789296,671.3764769651449
4779966,1943612,686.3901684196525
4779967,737258,86.06375059717564
4779968,973398,782.265241081273
4779969,1719238,967.04287125895
4779970,1388626,584.974578890418
4779971,1775871,635.1984687204282
4779972,222164,58.11961831785884
4779973,1353991,752.3470805673205
4779974,960538,657.9170961176263
4779975,1876122,214.1694043572234
4779976,37265,994.2942109675688
4779977,1787479,771.8018338378389
4779978,300198,68.1162015301534
4779979,627372,166.04958168372508
4779980,611828,362.3957765660567
4779981,1237902,608.1516851186889
4779982,891006,60.804804031693195
4779983,1193936,418.23709819259324
4779984,5865,818.1020231726843
4779985,731795,749.1061469317841
4779986,856286,603.4598376511893
4779987,1730799,91.96504026631635
4779988,1071064,876.8620781909925
4779989,1101755,511.07581261716814
4779990,277292,435.26096734390694
4779991,345807,109.78301178067528
4779992,1496299,523.6930331135403
4779993,630589,177.5187923379733
4779994,227885,37.80074704501679
4779995,389925,30.629581649434634
4779996,1852860,100.29601139662026
4779997,1346243,434.8666202991084
4779998,1203710,754.338780642592
4779999,1743549,499.98907444178076
4780000,82492,339.89915947233584
4780001,1701125,356.4230438885726
4780002,1386595,250.3458467938724
4780003,1578007,74.47625430967352
4780004,375039,265.5990634342291
4780005,792968,858.899613446596
4780006,81781,415.8309287887345
4780007,1693449,808.7926307998464
4780008,1484630,548.8228288566356
4780009,1934352,47.837698642181905
4780010,1879947,740.604177920843
4780011,1143798,515.0734832614266
4780012,1077521,454.3006343034618
4780013,501434,90.93916266463653
4780014,315708,858.2421550104141
4780015,440883,872.7425432649828
4780016,283760,886.1085864768427
4780017,75902,901.2237429664004
4780018,779203,268.30984681077206
4780019,1697313,140.72859413533655
4780020,1878396,463.75262078849687
4780021,966240,369.31039427197754
4780022,1885611,87.35936460056315
4780023,474551,256.63663871620435
4780024,1254625,779.5405167443895
4780025,155175,338.30228928731555
4780026,1671809,50.26728898440125
4780027,1428319,355.41842582848494
4780028,1084989,755.1070205079458
4780029,1965437,821.3726101173124
4780030,1858085,737.1886652707881
4780031,1169786,946.6397188926018
4780032,1253073,699.8578210047364
4780033,1443363,640.1896013848844
4780034,1171720,145.22183860263004
4780035,243054,120.08953432086244
4780036,170897,799.7359702580799
4780037,1002595,30.65890668599436
4780038,1384174,641.616800231602
4780039,1758638,962.710221501217
4780040,1965689,961.6081620127317
4780041,1764822,488.3127375378983
4780042,1216991,729.3071445124804
4780043,1134663,80.34295603781172
4780044,169247,447.30211510871385
4780045,1616304,473.87941619501515
4780046,666675,650.3574396328564
4780047,122908,216.61822659288055
4780048,54038,523.2201801024579
4780049,1757842,898.6058320301124
4780050,1665130,73.37309958727067
4780051,1737908,990.8907576409833
4780052,189270,471.53481471964966
4780053,740776,724.9876374790416
4780054,1666217,200.85403306953208
4780055,1765960,355.0671623342302
4780056,420849,692.5333144525267
4780057,1092350,550.0576266452018
4780058,1858749,672.0323668722651
4780059,1501080,313.93828904569466
4780060,983415,723.8176569992594
4780061,92009,732.3544576471893
4780062,1014713,491.56905764316895
4780063,625904,769.0785250879683
4780064,1807137,750.7162966168771
4780065,828231,225.8258276041144
4780066,992085,181.9982325573184
4780067,640838,190.17276600522115
4780068,1004836,913.3887248114593
4780069,528437,964.7763675083054
4780070,718692,262.67400387258255
4780071,811297,102.78695658162407
4780072,1505298,125.49412315870944
4780073,1459876,913.9688887741243
4780074,1914220,81.98745417520792
4780075,553835,82.56126426396327
4780076,8662,532.7033468161557
4780077,331636,487.5877168043611
4780078,1341984,88.42105531679823
4780079,761229,328.3336168959462
4780080,1235151,682.6850322683251
4780081,1134952,890.4420257445086
4780082,917818,90.18703441022747
4780083,754150,78.33280236562013
4780084,1644202,101.58796484112843
4780085,854443,709.043554884352
4780086,669196,953.9385061546325
4780087,1253649,702.5459209744549
4780088,1403110,745.6633777272272
4780089,65442,29.929548356526947
4780090,1785218,935.3950914004869
4780091,344594,546.384432193511
4780092,214444,395.2666967705357
4780093,712227,260.03481218925805
4780094,757616,93.71396895008033
4780095,196939,453.48172993451243
4780096,477224,363.0073856185735
4780097,1473197,894.9493247591378
4780098,1988387,851.6131492064053
4780099,425615,499.29628046131825
4780100,295720,399.3619438827772
4780101,913602,6.450543772655082
4780102,1401364,651.6139344315122
4780103,864178,564.6466210315507
4780104,901117,75.06443272727459
4780105,986997,64.53483256367409
4780106,936343,575.0289840596959
4780107,1390747,632.9840580624742
4780108,1484752,108.96054705540304
4780109,97013,547.7497372147672
4780110,925121,720.4491354295374
4780111,1235388,998.1433339481465
4780112,1269705,32.83232051036089
4780113,797893,105.26879579132998
4780114,1384653,942.3350601897039
4780115,219047,648.5477854926462
4780116,553201,199.49411482250866
4780117,545835,44.92571766350473
4780118,1115529,529.167399436908
4780119,1942870,246.95227737410596
4780120,1960221,799.963453892498
4780121,1073486,535.0913159646869
4780122,416488,196.5043551843545
4780123,640250,346.31294836074767
4780124,1076176,289.2498847159498
4780125,1830330,644.1699305186862
4780126,488566,501.1959436795125
4780127,285119,975.2659064826307
4780128,98100,648.3142967720308
4780129,52330,7.336102929553667
4780130,821508,97.91753044979778
4780131,797901,393.20535038474736
4780132,1716640,57.08700475133166
4780133,469475,13.310821008022833
4780134,103196,184.99934571979836
4780135,465488,495.761891654886
4780136,201408,400.2632828358478
4780137,1271680,522.0465124347688
4780138,819578,760.2250473061074
4780139,755320,764.1353208585853
4780140,720367,242.67697871230231
4780141,480619,867.8488326226894
4780142,1728078,13.67564870442406
4780143,1941312,693.5064905602144
4780144,194388,370.5462304912207
4780145,1454381,601.2269204155226
4780146,63289,825.6109827682512
4780147,150029,52.40956504827932
4780148,1764372,676.6157827134822
4780149,1200912,686.8469427823162
4780150,1683517,849.5302548736912
4780151,437458,911.6300477962134
4780152,23940,642.069625752887
4780153,1485124,82.75400500883224
4780154,1462135,926.5280756943348
4780155,1054169,741.9148178615329
4780156,1595645,910.6654264145818
4780157,194491,197.95639904551464
4780158,429767,273.4171666937748
4780159,949998,933.271624305929
4780160,1388929,745.6111784469483
4780161,1905327,84.89087469337409
4780162,649366,379.07703460426876
4780163,1731495,686.3147981880136
4780164,224216,50.004236629712985
4780165,1264885,869.7942480814062
4780166,682181,759.9680485186711
4780167,979086,163.28807571946746
4780168,1812570,693.784507706565
4780169,1118733,411.16440194278846
4780170,1998979,574.4298846581523
4780171,300221,55.57373596605997
4780172,1953263,204.4511379271088
4780173,421530,970.4556081575367
4780174,1418992,828.9797917443885
4780175,1878838,149.63957797998495
4780176,340250,216.36143322908708
4780177,1085257,29.14625786157199
4780178,565524,178.885159418691
4780179,228556,557.4964118820446
4780180,1891894,510.9587751614797
4780181,935448,556.9914970736087
4780182,1222673,790.8280349277195
4780183,726028,767.4472560171566
4780184,1428595,129.11940955998625
4780185,165032,901.6617821802763
4780186,654300,831.0326297832598
4780187,1974355,314.69366496301996
4780188,134119,641.2578962360674
4780189,1076769,65.90046847582343
4780190,1934853,818.0702426458856
4780191,1604954,449.9398285113998
4780192,569774,977.7184929702594
4780193,1098133,26.14886458515442
4780194,996346,617.5824863901694
4780195,1395520,177.72835021135936
4780196,204156,954.3721660838223
4780197,1222928,923.8840040124268
4780198,1565535,648.3699137020144
4780199,823231,923.3700019057585
4780200,244785,599.9282905502974
4780201,1567927,401.73497804885096
4780202,350915,1.9839309079509038
4780203,569510,253.8510018192135
4780204,1097823,298.3606473559074
4780205,886632,72.70389104910457
4780206,1819369,5.7325477841749795
4780207,150067,663.2594960060096
4780208,241340,320.8623769058082
4780209,673701,609.6840860588723
4780210,1832228,20.779705152939144
4780211,1005148,128.83630441485283
4780212,747604,719.1302240732985
4780213,17079,313.1499123150886
4780214,984454,214.94366905702066
4780215,1190308,370.76500421531387
4780216,1439321,69.73487439300973
4780217,509986,471.77120224777946
4780218,839050,794.1877759241
4780219,1842709,247.19957943152193
4780220,95583,205.33829114140556
4780221,1863663,38.49140464507039
4780222,932008,738.0684174361745
4780223,947388,330.23702632133165
4780224,1469953,871.7242758843802
4780225,645200,468.56262837078333
4780226,571727,830.6171382523971
4780227,308259,100.03482289938815
4780228,1936107,7.441379042948171
4780229,1246273,631.2512629557883
4780230,1611011,328.0981795844269
4780231,778294,457.60835848166937
4780232,605684,283.0323073709259
4780233,498867,128.66188135200863
4780234,1395472,833.9724932211999
4780235,818719,909.6149620686814
4780236,554106,743.8082135266394
4780237,850496,79.13974167861315
4780238,1826251,133.29462792167658
4780239,780812,780.0197501102679
4780240,593178,885.5592558991905
4780241,272408,359.1904924978119
4780242,1771090,611.1565019158919
4780243,124581,596.3145589875369
4780244,564524,421.5646226989126
4780245,255475,4.700979215811696
4780246,601283,902.6213563180875
4780247,608922,461.8352055221882
4780248,603964,9.48175459935463
4780249,308473,284.30573611143217
4780250,1029115,493.74436466134375
4780251,1579956,44.148722104887185
4780252,1861433,536.2391045362438
4780253,1189059,473.8448026469245
4780254,1556203,591.7529593657022
4780255,1389438,732.8413058682448
4780256,592996,904.7263575531274
4780257,1005519,922.4822967153274
4780258,365081,874.277213745548
4780259,1592189,151.36763307356094
4780260,1634775,226.39182823540682
4780261,1842232,146.29762926753352
4780262,664031,897.9190895509436
4780263,558375,153.05046817219082
4780264,1917496,469.8517104889153
4780265,1367662,557.9105340422851
4780266,1052867,412.0576171394097
4780267,1978370,933.599443307879
4780268,524154,909.6752268893172
4780269,1109481,903.4836137790884
4780270,294215,822.4472209112888
4780271,1185568,308.5603319546689
4780272,1310290,427.6208715521058
4780273,1597989,489.87401993394064
4780274,316022,184.1120124698996
4780275,1288032,20.421715705383868
4780276,249028,768.4786199524405
4780277,348517,618.1853841191383
4780278,765023,945.3779319093178
4780279,1510025,194.23410372365123
4780280,1886982,285.2456685990899
4780281,1183107,720.0777899563687
4780282,325833,794.3699768772415
4780283,1880248,952.1416204577612
4780284,505038,912.5010423548746
4780285,1544266,370.1012857376349
4780286,135059,338.7392180281351
4780287,1213724,886.5076223134982
4780288,1988222,543.9543146399698
4780289,1560010,521.4427379493212
4780290,1009537,594.1567030340188
4780291,746657,18.45426395785743
4780292,492045,722.9399486673772
4780293,1697526,507.9638641035965
4780294,156580,307.06777661828676
4780295,311139,671.0722863568093
4780296,352992,563.7876439643363
4780297,249103,149.7703928824362
4780298,207276,57.445021311957504
4780299,982304,506.7078625210012
4780300,158329,594.0342632279365
4780301,1634153,834.2953115464541
4780302,1351146,824.5667101070196
4780303,406538,57.507682944834215
4780304,785654,150.49142757219093
4780305,1888233,931.6142210719828
4780306,1167587,727.865974294262
4780307,1144422,124.8569204454294
4780308,1092539,879.8409829628371
4780309,409437,885.4459668826388
4780310,353929,766.0833550147998
4780311,899490,466.98965868560293
4780312,321339,14.621702501496415
4780313,1985041,197.91129048487633
4780314,146875,591.2922897512494
4780315,1372134,972.7147408465801
4780316,1432383,415.92114359169074
4780317,1638139,755.0400152198968
4780318,919031,898.2259958635584
4780319,47180,519.2796269405321
4780320,1571472,220.34021821518513
4780321,468055,345.1909781219612
4780322,695922,830.4465365501055
4780323,1196846,773.1709407284519
4780324,1231415,661.8773261741029
4780325,824158,776.7361654657485
4780326,1822636,879.0661386493633
4780327,1647483,597.7194561766236
4780328,904600,803.3709925672928
4780329,122161,858.6393461527264
4780330,620249,267.4621356035325
4780331,318733,942.6309817479566
4780332,357050,640.4537671735097
4780333,1585256,929.359718672855
4780334,1316080,217.3463344674963
4780335,1577220,812.853210704763
4780336,1257486,426.0414655325435
4780337,1130506,568.5826056102092
4780338,1891705,490.57840886828166
4780339,205564,191.16862818127123
4780340,169952,435.3498678098503
4780341,658282,237.90804646782692
4780342,466535,53.227634955272165
4780343,573753,78.74435468751383
4780344,300839,291.83551385460015
4780345,778213,826.4186352379406
4780346,1882874,793.2393494434182
4780347,261757,648.7252665281397
4780348,928563,796.3236390569778
4780349,456338,535.5552103125892
4780350,106744,38.5413952225907
4780351,1865971,199.3798529884736
4780352,484812,974.3765320906299
4780353,174924,55.08126064092378
4780354,4840,147.42785814029457
4780355,597991,59.63621845150402
4780356,1873103,402.92848103420465
4780357,1740997,388.1985186424487
4780358,1660693,155.20204115358894
4780359,1310319,441.60862474920015
4780360,991454,715.644441876802
4780361,1363226,304.3821601257328
4780362,1507150,424.1827946194754
4780363,1227527,303.7237378514406
4780364,1428999,987.1174251541494
4780365,1788473,453.41978731973995
4780366,1221405,65.78982059488214
4780367,450642,768.2040256764824
4780368,576429,426.8426186597837
4780369,1190952,792.5835761026113
4780370,884993,914.4268695568746
4780371,1310042,400.99107697113703
4780372,1932342,155.66908724509966
4780373,1525162,109.94267316391159
4780374,123518,222.2255785213121
4780375,908489,666.1466369650677
4780376,1613890,73.99565914499173
4780377,594243,563.7607668835822
4780378,1138650,743.8015418807768
4780379,1003690,581.8425815124924
4780380,155666,412.2618624739093
4780381,484183,420.0859212929691
4780382,727603,178.63798613354697
4780383,1677409,414.0080965715701
4780384,1092299,83.78602693537329
4780385,240300,700.3557927231279
4780386,1507283,521.3139145044963
4780387,1234732,65.1325719863487
4780388,1302704,312.5787955821737
4780389,1131394,432.0754206008297
4780390,981584,391.35385088148047
4780391,1577005,504.4765596711065
4780392,988636,146.1741374970358
4780393,258532,531.2223449740059
4780394,1792392,62.85785110444442
4780395,755344,24.59225854451319
4780396,421238,483.4071144597416
4780397,2441,871.8347640415822
4780398,1117285,306.701914147144
4780399,330717,375.66003642388466
4780400,208561,296.4821750922675
4780401,942681,92.21307022322355
4780402,1197463,369.57234022916396
4780403,674515,786.2366447078696
4780404,48262,182.82086602460834
4780405,794401,444.0729406009857
4780406,33386,484.8081360246511
4780407,1187164,185.41269530653503
4780408,249039,422.7339491381037
4780409,1718866,598.8248636268571
4780410,1491000,622.2943210937685
4780411,1008981,311.66555121125117
4780412,814881,716.1585199282587
4780413,1902695,189.7001479072178
4780414,357372,284.8646203232621
4780415,1360902,223.7601823145714
4780416,1139945,270.1022416647821
4780417,1535241,59.68809071349113
4780418,10534,272.62966317207685
4780419,943799,756.9254194565993
4780420,279812,569.4486390568771
4780421,251541,935.8809774289783
4780422,1484364,954.806500222932
4780423,875576,391.5638723621635
4780424,1656395,90.12877216610471
4780425,1464195,211.9889597552087
4780426,25928,147.9979806634366
4780427,596672,478.4282843435539
4780428,1131430,298.3144981347544
4780429,1079603,255.82273443033043
4780430,1507766,947.1339462814911
4780431,1994750,831.8205146336172
4780432,1170792,677.3842785703002
4780433,363930,678.8530826692813
4780434,750783,244.28983589991648
4780435,489887,43.46648450450674
4780436,1856067,65.2414351545222
4780437,106814,482.0385778140991
4780438,1608497,996.045994051767
4780439,409831,466.1601582344619
4780440,1574512,899.5607421761284
4780441,371505,786.1478984805296
4780442,1308705,827.3576234763989
4780443,386894,257.82572803332357
4780444,104965,92.7879865097404
4780445,1869576,584.0638896405201
4780446,1824977,985.0519964498776
4780447,1810233,535.3870156033067
4780448,9544,973.379211085147
4780449,562930,985.5839255846658
4780450,1164280,37.693459174376386
4780451,414184,232.69923101636135
4780452,870534,294.36110296831254
4780453,1746876,157.82582424528945
4780454,1797491,548.1276474148233
4780455,858366,686.8066831309856
4780456,220123,899.1621050716848
4780457,1016749,292.761926088276
4780458,1862505,475.4488275312602
4780459,270527,410.56949279874823
4780460,390222,733.5118242935096
4780461,1144279,24.185248843542894
4780462,1346576,195.76642345401984
4780463,577131,435.39939952653873
4780464,1423600,937.7076482290439
4780465,1036267,859.9495861191965
4780466,1641973,588.7668329786121
4780467,448856,871.1788551705971
4780468,128481,103.457043604958
4780469,375446,118.82006658789057
4780470,26504,260.7542208366077
4780471,983012,538.5399045339302
4780472,1224706,795.0649328989809
4780473,692083,491.63082037373715
4780474,388618,47.19745598945069
4780475,222172,431.97873788583496
4780476,76324,294.46693305893444
4780477,277163,658.0573154538732
4780478,772005,705.2085325971339
4780479,1335211,936.1521062322724
4780480,1380210,257.6847966774236
4780481,673691,319.12248149698473
4780482,289029,979.8444016820682
4780483,950214,462.2925181630119
4780484,1657464,747.3486877395111
4780485,199197,776.6557551002434
4780486,1442805,831.3710313676461
4780487,1230168,551.1433597330273
4780488,934784,382.83693484355996
4780489,554313,946.4882762280066
4780490,1774568,897.4688513858474
4780491,1888106,401.37313161723944
4780492,1510093,685.216958514154
4780493,820724,294.30566352165556
4780494,814645,366.57758634197256
4780495,750274,754.856912119048
4780496,1167929,212.96809750005085
4780497,1229901,275.02394672626264
4780498,1258371,158.02148953582173
4780499,1928813,761.0995054343149
4780500,1495257,55.618006725761006
4780501,1638078,367.30245934643824
4780502,1419119,770.6632680177204
4780503,679791,960.6061204019435
4780504,366005,205.00903506854118
4780505,1334915,135.65970072562493
4780506,1451108,988.4175585121752
4780507,1622787,416.65545460356543
4780508,1387417,626.9988750098886
4780509,1491412,253.3031696940401
4780510,1091105,728.9800705775139
4780511,1699745,686.2796671497514
4780512,1711755,353.0761257953552
4780513,961389,492.1360027926791
4780514,1502631,947.235497847431
4780515,1566569,184.0096507034238
4780516,1755849,767.040221461591
4780517,65177,746.222373929269
4780518,1124187,480.23111198475254
4780519,546864,955.0754407747319
4780520,1333364,601.2755954869078
4780521,1923627,739.5236186364823
4780522,486663,778.7435322647625
4780523,27638,184.25090829660462
4780524,1530565,899.586645234012
4780525,146273,565.2073596686683
4780526,1223953,21.312497581973066
4780527,1374185,331.6610142506956
4780528,1404840,757.0588092501364
4780529,378805,748.7960939847895
4780530,1281885,393.3028509277109
4780531,95265,452.8203273635961
4780532,1707754,81.78358996477975
4780533,923294,500.04837521600854
4780534,731050,222.45309109317756
4780535,1497419,31.732434954506395
4780536,1638050,182.3251554417391
4780537,1090347,880.1772088119295
4780538,744173,185.75552104192028
4780539,43881,690.6350641914988
4780540,638180,379.53718217471646
4780541,1312478,440.0208731922277
4780542,1397666,856.1746848489466
4780543,1968822,94.93316573708222
4780544,886719,161.22772233185322
4780545,748271,387.219041052012
4780546,326401,732.8866701426118
4780547,1038878,297.14037351200705
4780548,1236299,490.1342889384136
4780549,945067,629.8507874270344
4780550,577933,88.15474383035892
4780551,448398,222.29381162742624
4780552,973366,248.58450824660883
4780553,297701,346.5108267980881
4780554,977383,292.05793742871066
4780555,1764374,536.3801787702683
4780556,21724,309.6532202077311
4780557,1231303,754.1610407496107
4780558,554152,418.8118597412791
4780559,1157337,710.8011853540428
4780560,438302,798.4927255786878
4780561,1198896,38.980274197612744
4780562,628293,448.4453736290948
4780563,882159,255.63822841929561
4780564,1993884,554.4375669855159
4780565,1123708,760.0466535668526
4780566,925956,846.2988717040745
4780567,1454569,724.1638353340551
4780568,148018,51.81112914477271
4780569,45773,26.640540311296036
4780570,937047,11.70962329669778
4780571,1236477,318.7943434937674
4780572,503084,807.9627702255608
4780573,265316,252.45370088487607
4780574,1924558,901.931291423331
4780575,1106897,275.34966557431204
4780576,1085533,18.816053212800664
4780577,1316582,407.5282143847333
4780578,141241,759.1402475371967
4780579,1679908,75.18246953482988
4780580,385730,287.3313984667244
4780581,750162,563.5341180278501
4780582,1917927,732.2135950623177
4780583,805134,377.17494978570966
4780584,1954971,460.13665172953665
4780585,829474,194.3084009429501
4780586,593104,677.7405803675721
4780587,1679847,387.2861683015757
4780588,951180,609.8384961931357
4780589,1858438,532.0424169622195
4780590,1709407,595.2186694766748
4780591,1110953,391.4436645206005
4780592,1689195,564.4321211841701
4780593,1688276,412.92334322360557
4780594,1768170,228.90788314225318
4780595,1660319,912.15325476318
4780596,529174,699.1708938121753
4780597,1393233,44.810407109689976
4780598,330734,886.6612131968282
4780599,741135,553.744802483315
4780600,641361,884.1722253081814
4780601,450561,154.09278274887893
4780602,844928,844.8223755350914
4780603,11415,675.7447467105817
4780604,1159483,771.2640954914723
4780605,381168,419.04576401445837
4780606,705826,36.61922392511008
4780607,541912,133.5836338484012
4780608,109351,487.7612264728083
4780609,508383,111.9918078900266
4780610,798481,142.48714025915788
4780611,935321,811.2120779555861
4780612,1555955,157.4119349443963
4780613,1014179,526.602027250062
4780614,1738668,705.2189473769699
4780615,723906,279.38915800594634
4780616,1269678,840.8755078204587
4780617,1702191,676.334122703957
4780618,1756091,168.3026545109967
4780619,1315055,346.0191324444509
4780620,971490,720.8785221693153
4780621,830652,42.13193547098359
4780622,1872408,518.7954748039887
4780623,812621,142.26930658822124
4780624,852251,921.0204109396419
4780625,1164402,697.0701201227828
4780626,1080314,669.8472400174874
4780627,726129,515.6431119762
4780628,1737301,677.101221492412
4780629,447456,995.1298609499336
4780630,1513225,332.3632416979567
4780631,1504455,87.05587094117718
4780632,1605915,663.6400135074774
4780633,221157,376.3478895805723
4780634,836791,756.0491799766202
4780635,1715689,543.3234922387926
4780636,1913691,997.4382884814125
4780637,1486723,916.7836934485215
4780638,1689024,768.9992969004146
4780639,1908821,309.7612662247812
4780640,290147,928.1412549010215
4780641,1968659,408.586345889834
4780642,257823,126.05037531537033
4780643,1165332,673.2345144737203
4780644,1201352,2.0022353288592365
4780645,1171621,617.5860348363118
4780646,961175,753.5455997390598
4780647,1511094,932.9870597366855
4780648,785395,204.37763288794963
4780649,1460437,29.26619961562782
4780650,1533905,761.8702588359098
4780651,1242356,980.8524472483052
4780652,1519834,317.30511625401994
4780653,710354,344.06690977067313
4780654,279947,248.64993734745332
4780655,1912365,737.1959889223369
4780656,668580,662.2015500550536
4780657,1378550,54.87341458654649
4780658,1914311,528.7050366786516
4780659,1255697,165.96941680355104
4780660,846399,755.6108399030721
4780661,724172,833.9451756777129
4780662,1434740,540.1591365681596
4780663,448566,717.8552814488473
4780664,847094,317.9397435881585
4780665,84665,81.62323829670993
4780666,989203,859.9284097842717
4780667,985389,152.2143897890248
4780668,619638,72.59250652855853
4780669,1583532,864.4194139176894
4780670,1801197,772.4532479273465
4780671,758136,307.60821987443023
4780672,260296,69.05738621523727
4780673,1382629,114.58649276052135
4780674,971689,973.9974382399183
4780675,1771999,476.17743333684416
4780676,1137367,392.0468554969424
4780677,1574729,657.988126476334
4780678,820430,91.70914208271053
4780679,929409,359.90768127980067
4780680,1989843,579.0750638808097
4780681,661820,942.1917050982324
4780682,1741465,121.61147041948095
4780683,803752,743.0580584519199
4780684,1930706,300.8425914769879
4780685,1182711,450.9549165123767
4780686,1632434,52.03448049983417
4780687,1198404,29.51234352525345
4780688,1111852,777.6570043768031
4780689,1788831,443.64898224494885
4780690,489330,956.9480777947055
4780691,129553,537.1698156072631
4780692,871353,847.8388958107678
4780693,1341107,555.6987392223165
4780694,459170,328.7245486856355
4780695,946752,99.96645404371863
4780696,1218881,642.4125251275362
4780697,1658367,850.7165762223632
4780698,1571136,26.15354574822437
4780699,24842,771.2866282463247
4780700,1120804,352.3024735568777
4780701,605904,689.7147023396998
4780702,691945,207.83571108365183
4780703,1333196,406.31495758610504
4780704,1297723,772.0040118621404
4780705,1666889,936.3782631589733
4780706,1341508,863.2392237709619
4780707,1681337,732.6021897176378
4780708,1261136,224.77645276851445
4780709,1684009,62.63890725835197
4780710,1637487,802.1198641873549
4780711,845305,198.8825617055352
4780712,1340754,138.53480034050736
4780713,432933,314.8407962497695
4780714,1367391,42.51661235165738
4780715,124344,58.65876543947823
4780716,342081,717.2467837733848
4780717,477530,24.29240063073912
4780718,539008,190.10281617614388
4780719,253554,32.7443581656246
4780720,1331236,289.35507989585074
4780721,151822,20.25174161829735
4780722,1500121,432.4321309993532
4780723,494418,51.1453152093313
4780724,1745274,80.56396443644853
4780725,1691101,131.74787507986585
4780726,1402764,388.15113393327636
4780727,1214285,921.0926182893634
4780728,1780083,522.7293011023587
4780729,1944862,392.0044028131672
4780730,1935670,381.2598717561306
4780731,1657530,186.13924951679485
4780732,861611,126.06663870460555
4780733,1378892,808.692819197596
4780734,1315383,545.7259436033884
4780735,278631,912.1175624078194
4780736,304158,263.8467102444543
4780737,1469621,161.54540541735074
4780738,540983,871.3994081454573
4780739,1869311,448.4972177758141
4780740,1002865,62.59875619612665
4780741,708963,203.90323117526
4780742,1582933,785.4849184654889
4780743,1441889,160.729856125564
4780744,1573729,255.27482387058953
4780745,646790,684.057219741705
4780746,801764,486.6357357113701
4780747,1358017,122.44712323349715
4780748,444607,190.42572832866566
4780749,167731,478.98048454637643
4780750,1620970,539.7598033636415
4780751,390449,526.8134860027418
4780752,1996810,514.0292528865435
4780753,1467617,700.6371591688775
4780754,1993573,606.4983482361391
4780755,1163073,673.5721645209198
4780756,340232,948.1933006174651
4780757,1083539,24.524128977305605
4780758,293551,811.89332679036
4780759,1708822,757.3952627721887
4780760,998416,854.7606372478326
4780761,1265713,311.4885532870719
4780762,296396,920.1818281252424
4780763,798219,426.53120010840064
4780764,1862892,209.69000259418402
4780765,33232,993.7139352302296
4780766,1414749,511.094309353221
4780767,551919,740.7637546473485
4780768,542579,78.25734544816865
4780769,728031,215.7298398506894
4780770,1244707,665.1279007366173
4780771,358505,282.727392895334
4780772,1509880,203.49762213555567
4780773,1383542,95.98644315794358
4780774,1880857,977.5031506877833
4780775,638017,531.3534093713365
4780776,1009438,562.8553708965476
4780777,1064526,913.3417546147392
4780778,648881,780.3459963017682
4780779,1719152,22.571205939791007
4780780,444448,147.29023403847052
4780781,1768268,42.24244069013383
4780782,923840,557.8202349732674
4780783,865423,332.62860401563154
4780784,561122,111.04089370155124
4780785,1948207,288.5929864543638
4780786,1242360,344.57336236576464
4780787,356267,618.0362858783848
4780788,819615,283.4875487132389
4780789,907655,90.00229530672621
4780790,234458,172.38362831707644
4780791,996609,740.9610068800125
4780792,109064,346.3136158842971
4780793,41700,857.3631716117409
4780794,1369654,821.8803432690696
4780795,247918,683.822410450644
4780796,1678484,219.8703373107439
4780797,1960669,665.8300294189955
4780798,302435,367.23529947591715
4780799,1195341,699.223631294388
4780800,1022736,902.5122707997485
4780801,413693,403.63624847934375
4780802,796901,784.312679262061
4780803,1345914,918.2427982955446
4780804,912238,295.03296257528757
4780805,1892466,37.79475229159779
4780806,1399990,137.48708589613156
4780807,1864626,632.8841239155685
4780808,1264722,387.5569846836845
4780809,961138,458.255976284178
4780810,1421907,870.168943870846
4780811,1785474,670.9599147683116
4780812,863286,125.03211711711282
4780813,122912,424.08169726960784
4780814,625243,647.6884338722341
4780815,813599,456.9450203218257
4780816,1316399,897.1256437787423
4780817,1204797,446.3483077220369
4780818,747563,203.30423147092102
4780819,1617782,970.9966217082406
4780820,1578022,659.8137559303981
4780821,1907971,937.4034378635552
4780822,525266,110.37820747256333
4780823,1606551,140.2524631599691
4780824,1378719,680.0207562801768
4780825,1674792,837.0875844536247
4780826,1330602,173.20963256244758
4780827,886856,972.3364103523464
4780828,1820830,10.219295459463652
4780829,874485,539.2610814157837
4780830,1711625,596.5990402018685
4780831,1690800,678.9210450516332
4780832,449324,105.21550105055188
4780833,1388809,305.0784685656928
4780834,1290524,319.5726798925327
4780835,572727,594.5732638954223
4780836,322237,893.7360193758553
4780837,1334455,743.0723771576193
4780838,221535,278.46510558888895
4780839,1335603,991.2142841220403
4780840,804608,67.23489296277407
4780841,1381186,799.1695297235665
4780842,1374083,586.9509238588635
4780843,1400108,584.0544734551687
4780844,201376,208.95579401774899
4780845,261239,947.3552809757084
4780846,1445505,239.0119622470006
4780847,514159,632.1097320576825
4780848,1046052,586.5002181478982
4780849,403894,216.65518694673514
4780850,410027,706.7877468038341
4780851,1891815,473.7444936469195
4780852,188098,519.6641278710501
4780853,886532,380.3584949729943
4780854,1989627,888.95061395725
4780855,506240,977.8175823739806
4780856,1015767,365.7881427313889
4780857,1741894,139.8336201217968
4780858,244786,982.0655829172085
4780859,1795399,835.6382443068927
4780860,1285425,600.1989037703053
4780861,6585,473.260585762499
4780862,1838115,312.19007758226104
4780863,1509510,206.185914142616
4780864,1498587,969.3934417472016
4780865,829412,216.56301706505033
4780866,1386854,189.52675269974762
4780867,95482,766.6773605725159
4780868,1867658,735.9982703335363
4780869,325591,321.72978487322024
4780870,1384756,263.9613263445214
4780871,393350,677.5120666459733
4780872,1023736,463.8987418871464
4780873,191551,410.07034834492737
4780874,1353490,362.19429568822767
4780875,764755,649.8418255162408
4780876,984191,149.72831694684473
4780877,1704415,417.8698202313776
4780878,836062,742.7402480486356
4780879,896431,301.38263517324384
4780880,1402659,105.89666241605711
4780881,1555453,216.1903934293252
4780882,1356482,997.1780264806049
4780883,708551,32.462446823067204
4780884,608118,801.646167772862
4780885,369239,757.322132803188
4780886,1523297,611.3525051478931
4780887,1746244,911.2855137808775
4780888,906046,915.3405261423808
4780889,1536634,492.2696120246941
4780890,68377,142.40120541513167
4780891,1850922,780.1978209388983
4780892,1105343,18.327609951321765
4780893,1888214,906.3906510978925
4780894,770835,961.6346126000713
4780895,1353293,323.6555813158496
4780896,1411091,936.4199468895073
4780897,106946,600.2065413109648
4780898,1705192,58.742771784031646
4780899,677663,962.2413871623802
4780900,1087517,577.8082894402388
4780901,140756,147.1455523653097
4780902,32753,371.8278945630098
4780903,1887504,144.12037230471776
4780904,1238432,934.4118942247693
4780905,1720623,893.9515680394074
4780906,93168,846.7920627805536
4780907,1185115,25.838488774062363
4780908,818477,364.00231454640317
4780909,553287,184.98403391168182
4780910,939925,338.050711559129
4780911,1062942,258.1415854416328
4780912,1651374,646.9056802630892
4780913,483753,486.69426616656654
4780914,991135,142.04655229613306
4780915,1327841,763.4062063541389
4780916,1978388,85.18590098292023
4780917,575331,361.41615982558784
4780918,875907,238.23055291187868
4780919,1061503,222.75701067004817
4780920,319412,852.6652107839474
4780921,1496917,813.1660238701368
4780922,1708515,807.0141806749687
4780923,138151,453.6283501762358
4780924,1079646,273.8574069420375
4780925,1155085,475.407635746653
4780926,893638,544.3603437162033
4780927,652729,760.8761914548245
4780928,519516,860.1522939616059
4780929,1670050,184.3975978616156
4780930,1595538,873.4266651575034
4780931,211132,447.30152988242935
4780932,661039,5.433272165162317
4780933,1894124,23.22744771105412
4780934,961047,771.7014386066503
4780935,1162159,162.78028899001816
4780936,1728917,109.34462512800636
4780937,385812,982.7657948755144
4780938,347578,722.4785897415909
4780939,1523487,460.8081923593766
4780940,795743,949.9067745590734
4780941,978301,239.62883046207838
4780942,1062006,743.1022053775332
4780943,720460,659.3628996382278
4780944,1192463,292.382978412266
4780945,55764,375.70180782189686
4780946,41001,840.1129717005663
4780947,58939,430.63612527600026
4780948,781450,576.6286926237877
4780949,1008848,844.3305560409729
4780950,772109,413.55077215112266
4780951,1181713,89.088074647929
4780952,725535,171.57515468244344
4780953,703514,920.6278410787193
4780954,1492577,704.4031776425899
4780955,1808839,652.6700483702283
4780956,1764790,85.45375401456535
4780957,1801613,237.90353577021784
4780958,1011154,357.40550873533005
4780959,1558890,648.5712618286152
4780960,1247344,432.6997131783046
4780961,476412,50.015846597473825
4780962,994153,968.8329886676464
4780963,314058,192.16592059511228
4780964,980210,528.3978841619934
4780965,62080,505.8501573842902
4780966,671222,828.2323909243265
4780967,709387,527.95481012318
4780968,805451,97.94496482846793
4780969,706123,832.5486063289878
4780970,1587789,446.5613268897193
4780971,1232589,213.53323612246422
4780972,1024269,77.89153950727557
4780973,235311,506.01827974206117
4780974,731838,355.60676419627225
4780975,1934002,387.99147513750063
4780976,1484186,684.6681868725798
4780977,1495389,846.7427407790442
4780978,256315,926.2294871188004
4780979,6852,984.9950149244194
4780980,1000406,58.76796246789573
4780981,437527,617.1587220002474
4780982,1463905,880.2472435728638
4780983,1469534,589.8085027054507
4780984,930396,656.5189411500409
4780985,1731523,690.1838471190351
4780986,247006,145.672022763354
4780987,400203,422.7520375909847
4780988,1121918,975.7409498086442
4780989,1582226,814.4072972902709
4780990,885108,874.1937808971453
4780991,1741411,65.71562822541566
4780992,847007,764.181648881199
4780993,874140,76.40228179892871
4780994,1387121,803.6753439864007
4780995,1840120,415.14040132917694
4780996,1416944,863.9508791287424
4780997,105092,751.5189570305603
4780998,1949164,922.4915998066917
4780999,468441,463.490155934397
4781000,1640537,978.4053150083901
4781001,506126,953.7673960646731
4781002,1988016,949.8934494266607
4781003,1605531,702.1953910266241
4781004,520111,30.4009008596281
4781005,777431,576.9276035277476
4781006,143424,728.0166347137069
4781007,1027643,681.186735075644
4781008,958497,389.2472090542574
4781009,859505,867.8953783733926
4781010,499101,656.9606056159478
4781011,1266097,636.2162794805397
4781012,370360,398.3765769494757
4781013,1594789,203.71596932142612
4781014,549232,201.83883996767327
4781015,1448142,608.129821335518
4781016,1163527,261.17283957755933
4781017,883744,577.1987967503925
4781018,1463427,957.0385536891874
4781019,228965,523.1295205933228
4781020,1140010,986.2310275692521
4781021,1529068,15.406908691909527
4781022,800033,894.6597836425365
4781023,948150,880.3808717584368
4781024,542390,401.671500461231
4781025,1685584,197.8492793723844
4781026,467751,933.7168849009665
4781027,334564,77.82137046191994
4781028,427756,251.4926082996939
4781029,1738227,762.5294827141737
4781030,1078441,922.5942044501778
4781031,875151,94.20434989168925
4781032,41473,49.41734264164466
4781033,1369122,244.96041095697197
4781034,1229571,26.913074293909766
4781035,711737,184.83026522824375
4781036,1330379,861.4571680411924
4781037,48996,32.068850756242554
4781038,1975407,545.582402924034
4781039,1517908,113.20088841171628
4781040,1263849,418.69740134246416
4781041,1921388,176.4267804836074
4781042,556341,258.9178758779234
4781043,1594098,399.00488305171757
4781044,1095058,384.28731997185116
4781045,763851,281.01985541811456
4781046,609926,728.9995901544268
4781047,1525705,149.01229104869373
4781048,889610,395.45918226272545
4781049,1351840,112.40074141647204
4781050,859333,365.8031303844901
4781051,1405587,521.190906308666
4781052,1133336,945.7419428387034
4781053,1336881,351.89186617356694
4781054,1790873,9.438491470103227
4781055,531165,405.14928741509294
4781056,1908365,796.7943874817972
4781057,372492,546.8226808423854
4781058,1872308,92.70416157744977
4781059,1846520,236.01287570984087
4781060,1462248,730.4908666727007
4781061,1141909,360.0461205854346
4781062,264294,449.979957758675
4781063,797481,709.5611251473939
4781064,883634,384.25885866300956
4781065,731395,599.4568214038857
4781066,210465,511.28083354886
4781067,1646540,147.33760423882714
4781068,703097,435.63508671420345
4781069,953090,24.761371709950964
4781070,846267,185.43452898605284
4781071,453772,142.0006171997309
4781072,644873,11.75169143531285
4781073,638191,867.4880416721226
4781074,38827,390.11856968114034
4781075,551462,531.3300790675195
4781076,266430,227.14749607155403
4781077,865529,247.71107404496306
4781078,1126247,365.0101945793498
4781079,416572,423.7244363731558
4781080,1501218,339.0800604471137
4781081,647364,445.6604173650299
4781082,610171,344.2380206962282
4781083,366278,705.2023246748137
4781084,5361,442.99627524733376
4781085,1681969,850.5036140879166
4781086,483989,990.9799777176324
4781087,555172,44.94409050684134
4781088,1285601,762.1606294079115
4781089,991775,762.3905994427578
4781090,1876273,480.51805126398506
4781091,1105393,811.8100954142667
4781092,1024587,799.0642651730582
4781093,894595,350.3936777981239
4781094,404346,756.4417758770969
4781095,336138,717.5640063443674
4781096,1499558,242.9529415128532
4781097,102680,176.0427931636801
4781098,126410,513.1181505509404
4781099,174968,5.585836666026078
4781100,862306,523.1638085784562
4781101,1489404,133.17519280220324
4781102,780913,210.9270084712177
4781103,863447,751.1319384423379
4781104,190671,481.4944561959145
4781105,1428734,803.1644146922256
4781106,1522623,128.96030109562196
4781107,1801112,797.8048926030405
4781108,863138,687.864674430272
4781109,1435076,995.0158554052086
4781110,1557727,202.55632658182998
4781111,245633,794.5462866697438
4781112,958588,658.5071407032416
4781113,859192,478.53666046231234
4781114,1028315,720.7405249182212
4781115,385729,725.357744266457
4781116,864938,551.596932349405
4781117,1201656,40.12519406601178
4781118,548065,811.1321619308009
4781119,499622,638.286122796304
4781120,1117209,728.0600859878502
4781121,4049,953.4631638318914
4781122,1593999,549.6950806402573
4781123,1871075,899.5824944353216
4781124,187840,284.98456469060176
4781125,244061,221.91485696058487
4781126,1523116,956.2708987187109
4781127,225675,960.4821523758744
4781128,755446,998.1603977307121
4781129,909096,473.9428613273795
4781130,1726516,982.9308652941681
4781131,725100,663.4083435636452
4781132,1313824,869.0391961784134
4781133,309245,372.7202563422406
4781134,99410,416.3763252199696
4781135,1408861,227.946564364523
4781136,1472687,160.65727857767865
4781137,1003414,887.8658087617524
4781138,1147460,234.1254413186984
4781139,839988,124.07434532531059
4781140,1327681,263.57582459760033
4781141,1048780,174.23025808022308
4781142,431248,894.4827703637709
4781143,1610452,787.2152094718937
4781144,76462,109.77619167737362
4781145,35649,661.0492940483203
4781146,51529,95.87322018278721
4781147,1576566,565.4897620189687
4781148,1881453,114.11929977226288
4781149,30963,908.6548448709945
4781150,1663390,285.0960034961491
4781151,1029288,403.0036708277707
4781152,219190,413.8577522175969
4781153,1526904,691.9057397233945
4781154,180456,67.59628353725566
4781155,1590585,383.6766127137562
4781156,1423395,423.10606592059895
4781157,52250,692.5052939362809
4781158,192712,21.248453158223768
4781159,866,676.3909342296824
4781160,1005777,829.1979560470935
4781161,943372,234.10538673116454
4781162,1659281,71.3620890521246
4781163,1609227,453.52603883743427
4781164,1106026,417.1593165460139
4781165,1742022,359.5595541952665
4781166,1522581,723.374120605016
4781167,1170641,651.6247449986067
4781168,1370998,807.4292883225048
4781169,1912022,850.1237658708786
4781170,727151,729.7814441893398
4781171,1969395,921.6035655551992
4781172,1785007,401.7489257313999
4781173,674075,167.98846384046428
4781174,65785,878.0644803465404
4781175,1074617,847.4983554114809
4781176,1604231,454.9246904633591
4781177,1804851,499.61840265233457
4781178,1354020,376.856461217976
4781179,1771483,272.4651597715784
4781180,1843676,699.9711903777247
4781181,1397799,541.7478417868774
4781182,890875,776.3219693807725
4781183,1093853,928.332365056414
4781184,688927,684.2517057805776
4781185,1131688,543.339482179491
4781186,45999,311.75764219021073
4781187,1429524,290.5424916930578
4781188,210072,914.3430420029948
4781189,1275772,879.9781145711944
4781190,637231,921.0274475572543
4781191,214440,219.91180921354848
4781192,603188,722.1487314812123
4781193,1131191,289.8962910870153
4781194,480140,1.6254597905929202
4781195,681741,379.25905202878477
4781196,98159,707.84695139726
4781197,655382,837.6495834308142
4781198,359784,481.4884347770641
4781199,1227554,432.81427857908005
4781200,129480,511.69291948493776
4781201,30400,131.7985902600546
4781202,795249,529.1837122540044
4781203,162314,305.6428056002599
4781204,2656,611.8884189270532
4781205,1492232,108.1253940327519
4781206,329060,797.0765781367417
4781207,205389,102.36364058972103
4781208,120787,158.08750268827808
4781209,1588023,794.2328010758072
4781210,878133,259.70911099968095
4781211,376021,748.6860239186345
4781212,363217,407.99959477475244
4781213,1986195,7.375482892067908
4781214,861072,122.3260693156909
4781215,1452846,411.726275883409
4781216,131307,773.874447902682
4781217,672046,624.873756673028
4781218,1822550,785.2604164268844
4781219,1580660,295.4313972286563
4781220,1640131,43.90248660289608
4781221,1819766,935.3265254483034
4781222,1629714,617.3426384091648
4781223,1563447,336.5706739725455
4781224,244863,864.3073353429191
4781225,395008,27.666617683835494
4781226,314083,86.49656700826091
4781227,186535,575.1318526645707
4781228,962052,31.526147756818943
4781229,1423107,553.3064744788647
4781230,384513,910.6629341634845
4781231,544060,404.2459983749057
4781232,1779910,629.801030332145
4781233,1398637,24.696572869946532
4781234,635372,121.94162225067807
4781235,231679,769.776445867118
4781236,500756,918.793353474801
4781237,1380121,128.99047755550896
4781238,658631,228.90342700694998
4781239,1471168,647.6227296567956
4781240,786242,408.6663556115994
4781241,1808159,570.2806660629711
4781242,1075793,121.06715382494093
4781243,35890,447.8529837451994
4781244,539985,896.7954141138097
4781245,1251010,277.71464474094086
4781246,1441363,138.724470711034
4781247,277886,359.23634320139365
4781248,431803,374.9265706058574
4781249,1651377,868.949158975901
4781250,101713,681.5684350365075
4781251,1678385,776.890784918803
4781252,280022,359.9941342806896
4781253,1464482,664.9802604211618
4781254,1644194,322.0145804265273
4781255,689500,159.23548731325832
4781256,561359,242.42203825224718
4781257,1285591,736.9919866648871
4781258,789999,27.322993913342142
4781259,119873,402.55942935228705
4781260,1942807,275.44107928905584
4781261,433796,940.8700813094803
4781262,133904,217.23594488492958
4781263,529526,122.4610417804024
4781264,1677159,836.8510662763067
4781265,1993281,642.3127722415277
4781266,1033595,897.4804627844403
4781267,22095,692.6427733726572
4781268,1611194,496.12808115169827
4781269,1463437,551.2967897272912
4781270,335194,847.2814039845988
4781271,1215217,951.989612406118
4781272,1136946,240.17525309215316
4781273,189994,936.515263197206
4781274,659667,327.64312785035463
4781275,234444,202.42749694636976
4781276,1908992,959.2405761933619
4781277,1700472,506.7420470487154
4781278,1355788,527.2061154809364
4781279,1274957,400.92645734232326
4781280,866123,634.3594863401132
4781281,839265,317.3043340082144
4781282,1544156,504.44461141286735
4781283,979793,751.7998822251534
4781284,1829673,643.6636912741423
4781285,836605,577.2431318181235
4781286,769183,310.4534863740448
4781287,846795,474.2616947265824
4781288,297205,324.3024880252845
4781289,732344,309.44261448952705
4781290,1988064,457.73271091471236
4781291,402077,623.7386106175827
4781292,1075277,853.4363099303258
4781293,1546003,127.87711037651628
4781294,360100,141.65449087051962
4781295,1300434,586.0659504713276
4781296,542186,489.30771516446356
4781297,972519,95.18380151350436
4781298,394282,160.56158157587396
4781299,1493089,733.6383140279828
4781300,630460,876.1930147608
4781301,852237,85.06715316422564
4781302,1945241,703.9129208659065
4781303,1295888,696.6022448108899
4781304,853576,678.6888604511909
4781305,1307231,42.265446038995734
4781306,1320373,522.9817141998794
4781307,1859483,755.1344193399135
4781308,1294466,598.9059093068433
4781309,140499,808.7701147148792
4781310,1708508,927.9802492516783
4781311,1627708,711.874743644122
4781312,1093246,761.0294520515474
4781313,153154,354.46749548320076
4781314,499873,434.94379501279803
4781315,195208,14.903414415271875
4781316,846606,773.5679020506105
4781317,1482432,639.6331299013444
4781318,1764748,289.2328977463897
4781319,787758,981.5029102054028
4781320,80108,695.7011441255607
4781321,1664198,372.2827717165829
4781322,1549626,845.1956275643324
4781323,570728,543.357295073093
4781324,1200904,773.5087397098503
4781325,1887676,635.813930788612
4781326,678752,360.1567229300382
4781327,1779127,381.9256524768292
4781328,1333425,997.13084556515
4781329,294391,489.04009069658036
4781330,1638993,616.0484809857682
4781331,1761973,307.6846761427796
4781332,1395916,755.3493531166256
4781333,743593,925.1018256738973
4781334,253782,61.571282007910625
4781335,208863,893.7400561407006
4781336,1137128,692.4180688905748
4781337,1450640,534.3475107498159
4781338,1619787,699.1336167404888
4781339,1767778,221.2071293361042
4781340,43434,805.586195663306
4781341,1377451,676.5543946974017
4781342,21,63.0268098775193
4781343,886554,267.90152396104304
4781344,1111667,695.6490344719294
4781345,182793,32.24496447176073
4781346,925016,791.9185854186753
4781347,1955435,181.0889260621207
4781348,870176,994.0138556365619
4781349,1724522,685.0607173549923
4781350,1716089,415.64884153269065
4781351,1263504,658.0327288733714
4781352,556673,964.2145414656339
4781353,1018845,636.5045783787322
4781354,1321878,936.9640260104848
4781355,1472004,557.8093294176142
4781356,1832639,395.0368995190715
4781357,1598885,638.4185515081191
4781358,1133936,238.66026847587517
4781359,1381097,618.5379856093277
4781360,852532,142.0266077354918
4781361,595226,711.0546373521256
4781362,1571881,722.8314168546509
4781363,1728887,475.4967430415068
4781364,578194,747.4004108053072
4781365,1077709,69.26877089673344
4781366,1824416,229.38279079981626
4781367,1964405,487.9442850981427
4781368,1130381,99.04097935324252
4781369,1799591,558.4406942945292
4781370,235603,65.83395412794147
4781371,269321,518.5943616184328
4781372,719740,120.31546394597692
4781373,695331,8.045087050954969
4781374,923985,679.1355108898755
4781375,222583,413.2763641968118
4781376,124032,186.32140430124423
4781377,1706954,281.7339522174016
4781378,794889,501.53451872851053
4781379,1542602,351.24094258290415
4781380,1768286,861.8868033553118
4781381,1194398,241.68103767136972
4781382,1618942,672.473682729947
4781383,465995,904.8657489897573
4781384,1186201,87.45795593110628
4781385,649230,856.6990313703488
4781386,616698,120.35862973740419
4781387,1067100,217.29138464902752
4781388,168894,669.6756904542402
4781389,1265796,925.7763866342436
4781390,1132298,789.441511325938
4781391,65718,786.6264556209546
4781392,139922,703.1655916986821
4781393,293127,316.15641964981444
4781394,882425,602.3500753413044
4781395,1920997,592.9465613212938
4781396,110162,845.4961341456802
4781397,482311,21.143639037477733
4781398,1524375,778.4654450721764
4781399,448179,769.4202666244174
4781400,1138668,794.9844938892262
4781401,1122182,862.4235651406501
4781402,120688,141.95573193270306
4781403,205343,206.6984904772351
4781404,1776703,745.051868826502
4781405,69980,422.48049693117395
4781406,753911,894.8090358985794
4781407,493845,117.2916049058974
4781408,1176215,879.6360534815955
4781409,1217272,458.23220818839275
4781410,755209,696.3850357907766
4781411,1016057,549.4906449828954
4781412,151290,501.63889716688345
4781413,1905756,529.7823335938879
4781414,162460,891.9445748631033
4781415,1138839,506.8767541756244
4781416,144087,467.32967419742675
4781417,366229,745.6798840480278
4781418,1062016,700.6068246715956
4781419,30689,901.5612956193794
4781420,1174341,932.1782819124634
4781421,134460,172.16533927421662
4781422,293840,46.1271687807745
4781423,1139561,81.47992857134024
4781424,1026763,44.84568014395429
4781425,1729622,32.902109847121274
4781426,154680,140.24986286445218
4781427,1580524,389.54352097652344
4781428,1426429,879.7729103866416
4781429,1113907,260.5511278143975
4781430,1149081,666.2302879545341
4781431,1052837,782.9622985739339
4781432,996185,979.9498756569079
4781433,1543531,905.7127917983314
4781434,1621592,4.51194772112351
4781435,589079,898.3408640603081
4781436,1765428,336.2090508609683
4781437,223695,564.9319988567063
4781438,48664,852.2249328944694
4781439,465634,761.3270001631362
4781440,1413158,109.27754648520782
4781441,277955,310.9388599929782
4781442,1387075,8.25155589773663
4781443,918717,550.0869468546566
4781444,823644,76.27013458065778
4781445,991013,172.9071668051446
4781446,197914,880.06909773781
4781447,399215,161.50770047972296
4781448,1638252,518.1297433578354
4781449,1103279,587.594780044897
4781450,291007,731.4169136931453
4781451,1766653,740.8677454481002
4781452,50992,694.6222995193608
4781453,907767,484.91448862999397
4781454,158410,370.3193006058685
4781455,485845,768.5317575616994
4781456,703709,45.87492732373932
4781457,1731818,616.3995099286091
4781458,1418434,695.0584568094963
4781459,314155,334.7564085105542
4781460,1626613,131.78806417625478
4781461,1166077,29.73271575346803
4781462,467493,953.8184920933209
4781463,590988,83.75586909034183
4781464,1998298,726.2133899180153
4781465,39032,876.6737558023838
4781466,1692337,259.0118674267672
4781467,1803735,374.3741351273393
4781468,1601769,401.40734377064524
4781469,619587,865.9204969044387
4781470,1996168,745.5336510028463
4781471,500866,195.40678064447147
4781472,1370416,663.6689446536193
4781473,1531242,564.9901452988681
4781474,361686,808.5757783446928
4781475,377563,930.5155681224942
4781476,1931385,256.0649951136378
4781477,427294,553.8992962605878
4781478,920610,881.30848342921
4781479,942281,232.5222639192881
4781480,193150,780.6599410669422
4781481,1513606,163.73060185029175
4781482,642004,323.3393010405637
4781483,1890484,405.4772393504926
4781484,323700,483.12764375636675
4781485,1940745,202.45723020852736
4781486,694164,995.406833203999
4781487,1644366,404.99822488985404
4781488,693092,352.18271224379225
4781489,1620973,727.2107405202163
4781490,1465634,978.0589225562129
4781491,344388,997.3556303291314
4781492,917018,592.2634018705794
4781493,323093,368.5258839866535
4781494,839276,122.85377455396996
4781495,422231,345.67825390490646
4781496,1095056,429.3879293746781
4781497,310169,886.9566784105403
4781498,1523575,738.9029969034731
4781499,432020,421.3268313342038
4781500,1672796,915.3732182019816
4781501,176595,752.1780225026315
4781502,754181,679.7331411198085
4781503,405469,2.0198374218063364
4781504,1209657,72.19059361565927
4781505,786028,537.9354356842559
4781506,979287,449.37473284787
4781507,1715529,238.03152982505816
4781508,1317429,522.34640969217
4781509,1035890,998.5465689950094
4781510,1826789,300.0033658043363
4781511,1092626,572.6296669246866
4781512,10188,988.289927220882
4781513,956661,226.6373658195857
4781514,1714575,230.32316595478787
4781515,53466,30.15158139374019
4781516,905370,239.6510827655508
4781517,922088,235.5883340216618
4781518,220947,127.51331912719166
4781519,970875,572.3728775322181
4781520,1651287,560.994505565159
4781521,1958836,843.0586908614843
4781522,1365589,655.2973277600627
4781523,21045,842.929626168954
4781524,1957233,202.99499798400288
4781525,1671851,134.74990371521034
4781526,389499,747.3641472982808
4781527,1027710,590.3337434042619
4781528,1318742,60.189912450476
4781529,1109098,212.73656315974688
4781530,1166646,926.5939342903446
4781531,942194,323.0348374876094
4781532,1113770,644.0024347628059
4781533,1160789,784.3026051541403
4781534,187718,577.4128272510919
4781535,1964119,285.8764836146439
4781536,899789,72.52955144045936
4781537,696523,115.45870769849343
4781538,1990878,888.5337410452164
4781539,1913878,598.6306670917438
4781540,1760508,679.5994830327928
4781541,1668683,714.6968085769041
4781542,346304,190.44340195858223
4781543,1506456,953.554768988389
4781544,1524091,154.1223462854905
4781545,1421226,156.9475791711128
4781546,1345019,653.0381335053897
4781547,376698,817.5128417784637
4781548,1672977,570.7121640322894
4781549,137951,227.27448682536644
4781550,1045308,238.19203189243132
4781551,532952,321.2868962704797
4781552,888028,721.0751300383985
4781553,1888940,544.2791831353496
4781554,509356,63.17700715862118
4781555,266797,984.7242469041207
4781556,293125,683.119282951806
4781557,1481529,952.7245804626381
4781558,797315,505.5260083461152
4781559,1701880,582.8394857148569
4781560,836090,506.7100581411204
4781561,1867423,33.58685316417465
4781562,1341611,536.5922482096452
4781563,1343049,685.4733523512741
4781564,587301,214.89328247733064
4781565,1585369,794.3620684351707
4781566,1564306,506.7102901839047
4781567,634392,403.65629307811565
4781568,690648,338.80164958384427
4781569,978043,208.97577830517534
4781570,297523,102.58027482721022
4781571,119507,347.1162145416673
4781572,1853185,171.41134309777183
4781573,1074129,471.78879630308256
4781574,1201205,84.96504746666322
4781575,605872,311.11789530883016
4781576,708014,760.6193890023756
4781577,1236062,59.81172680142599
4781578,1730925,827.977041654836
4781579,1654707,506.9578790914034
4781580,298102,583.1072919736321
4781581,1960728,925.1421732776895
4781582,217579,510.1957842224458
4781583,452735,841.646146090518
4781584,1738840,125.44600030057384
4781585,390386,473.8465472292563
4781586,634982,521.4218272193928
4781587,1168539,863.3805182940001
4781588,1018643,282.125872483706
4781589,293338,541.8978127834807
4781590,97347,417.9684999558565
4781591,1145493,252.26971982272127
4781592,1727903,222.01639825172825
4781593,1147013,29.929928618675163
4781594,1828891,227.72724444609537
4781595,242590,325.5344906839388
4781596,1488636,417.1105116243766
4781597,1591640,838.1842776108133
4781598,416594,704.3818722980399
4781599,190627,971.3704873497464
4781600,209449,504.5463438658796
4781601,1919852,261.92701999896616
4781602,1512697,281.0475435224904
4781603,205970,394.49334915696244
4781604,298785,629.0204935177194
4781605,1068715,95.15676921994798
4781606,1552807,673.7446927036309
4781607,1742366,315.70106172802394
4781608,672655,467.0324551425079
4781609,510294,933.6406303038209
4781610,1977262,492.981565209734
4781611,1375683,18.428223152052837
4781612,596012,167.80677736245974
4781613,448856,615.069290047297
4781614,310480,278.9318610240512
4781615,154573,325.9491237454052
4781616,807817,425.38409214246144
4781617,830346,823.1951658442305
4781618,875466,556.0224943107984
4781619,1843313,608.8367420277986
4781620,146530,599.5654314029431
4781621,11715,215.5398797732192
4781622,1741188,800.5698174459586
4781623,992078,319.53679382019664
4781624,1407516,76.59596504553856
4781625,1154689,702.5422348080851
4781626,1309037,835.5512231079238
4781627,1823166,630.4379160757459
4781628,1861740,428.46874636058186
4781629,1310898,476.06766730907026
4781630,762676,319.5370898575681
4781631,6062,250.78490613761528
4781632,1744329,285.8115702924128
4781633,1168840,28.068217178300326
4781634,1721924,865.5856187195852
4781635,649825,120.34462242400457
4781636,1446906,98.9922484559279
4781637,1418919,811.9538243320103
4781638,158564,609.5124244203137
4781639,1451195,946.4302452510394
4781640,423144,890.9195131246801
4781641,28921,698.3098788223285
4781642,1367351,781.0959461283257
4781643,949439,841.8551118801132
4781644,625616,810.6946729907577
4781645,704963,907.4531462217251
4781646,901009,157.50918021081927
4781647,708068,975.7864080141342
4781648,1578039,1.718209838496576
4781649,1648187,808.2985887127345
4781650,1641833,475.4614257742215
4781651,1987390,966.7505727657356
4781652,1936458,919.9351219153984
4781653,470420,643.4720242140019
4781654,1755742,965.9655872391774
4781655,1478050,288.19294048958335
4781656,1892923,485.4213348683726
4781657,56308,196.66915799597373
4781658,381046,97.78861824456419
4781659,798985,803.7388601813827
4781660,497106,216.99144240926182
4781661,1497361,226.25062133046237
4781662,117786,923.8159237374938
4781663,40171,686.5674372697491
4781664,1485417,505.79920253290487
4781665,637060,235.38542271819307
4781666,207559,297.29913003000354
4781667,1381694,481.1717868528593
4781668,488229,448.65282187298874
4781669,363846,646.7992168112975
4781670,744711,223.93452308877093
4781671,1723173,943.7074498688984
4781672,270357,558.6204738184191
4781673,546338,824.472988346241
4781674,1436309,360.7201984536852
4781675,545515,589.4454644774777
4781676,1385432,634.2124500381128
4781677,35166,258.1672808015195
4781678,55140,405.8717557824629
4781679,1597310,0.601181796968886
4781680,1283648,588.0368299749099
4781681,1642997,960.3394584449699
4781682,157497,600.3673606095765
4781683,1531634,835.910389277171
4781684,1664534,408.16579651854545
4781685,1802088,864.4986302956066
4781686,336527,577.1444088952516
4781687,1050040,880.8166752071853
4781688,890259,859.5646391222056
4781689,1136085,815.0386144324967
4781690,1192910,468.98139932726144
4781691,1918608,30.71908505882226
4781692,1753918,739.1930849291907
4781693,1792405,23.461762367511962
4781694,1710525,913.4873956386637
4781695,1767633,35.20966316841534
4781696,1465912,595.9366512973933
4781697,778408,810.2888614412673
4781698,1721841,906.238758959553
4781699,873722,864.6591250318885
4781700,520971,154.54318670399093
4781701,243068,709.2573927537322
4781702,644132,696.4639432773344
4781703,1069761,193.66634280708806
4781704,1646603,567.216232600281
4781705,718881,591.0817780334158
4781706,1139820,367.2354890392512
4781707,1966020,106.87209935742604
4781708,1477813,807.5172041173813
4781709,376519,118.05762899460703
4781710,577549,689.542720364442
4781711,480859,79.91107516220397
4781712,1043184,818.6523560513166
4781713,712404,710.9650592927582
4781714,1845659,962.361505018158
4781715,308187,829.148047126382
4781716,1317565,200.4582028168145
4781717,27489,347.7654036979061
4781718,1590122,212.21454810427
4781719,931349,149.54006221251382
4781720,1355894,934.7367648932864
4781721,1587841,745.996236087674
4781722,160710,600.8924860296243
4781723,1261530,261.59024564614
4781724,723357,579.5075730004742
4781725,1501844,380.10861755019744
4781726,617440,735.4362170843618
4781727,1688594,847.3869520068718
4781728,682359,392.30417307422437
4781729,1875101,268.7245409627128
4781730,537538,485.9718907719485
4781731,1094078,656.3120041217945
4781732,560313,805.2648936360096
4781733,1892895,783.1508060939681
4781734,1010990,920.770378912867
4781735,1235234,220.87017313917346
4781736,1554968,82.00350126901057
4781737,1656776,368.06795811968664
4781738,1022433,202.97950395651176
4781739,1332603,597.6277666437969
4781740,644584,422.0885934179417
4781741,1986846,340.0685430280189
4781742,1697253,99.53649599741021
4781743,1017635,606.2600973862939
4781744,817825,113.18404678763716
4781745,269237,830.3063651795059
4781746,861834,951.2922547073201
4781747,1964670,560.7122896754669
4781748,1107509,638.4623829989251
4781749,866856,592.8279094936594
4781750,776106,444.3499732363035
4781751,536006,366.7429179633389
4781752,150990,250.98859756529623
4781753,238846,242.6322832217046
4781754,87041,116.82951484084137
4781755,655770,650.5372482683006
4781756,900110,773.1889456474352
4781757,1789716,589.7508796385879
4781758,649665,61.43223360446726
4781759,645565,327.69907133868384
4781760,735906,963.5585618628655
4781761,1110032,579.4000175621293
4781762,75379,222.68933371822519
4781763,1327755,405.48105529478386
4781764,1139787,185.22651254902988
4781765,31896,903.8739347536377
4781766,26044,567.3731853925507
4781767,89817,834.7851076662243
4781768,1753284,310.61756170724243
4781769,454406,880.8459431520029
4781770,1560719,726.0205246023122
4781771,1063598,490.0383169650087
4781772,778168,511.3767006609694
4781773,1033921,806.2089672601913
4781774,1069414,708.2190716904756
4781775,451421,367.10229178084677
4781776,426515,399.0194031613533
4781777,941950,134.08142001321966
4781778,168355,648.6098026422576
4781779,303974,179.45918146421135
4781780,169754,320.16373551995525
4781781,1116364,257.0221289676895
4781782,1399445,318.3336967083016
4781783,1042922,827.441787176186
4781784,343445,147.0162475792569
4781785,796228,407.88740658246456
4781786,236975,224.97859835610035
4781787,1257972,817.9201659138321
4781788,1671498,820.3293570715213
4781789,1026681,613.7308447108659
4781790,1881755,201.90927420010928
4781791,1003551,114.04075949337611
4781792,1233370,643.7235180848011
4781793,674406,69.84788204290382
4781794,75921,643.6416893564875
4781795,860907,340.5575917064325
4781796,871938,37.09617166266621
4781797,13889,361.84002001976125
4781798,808549,294.3516208275688
4781799,1958701,38.07400478318146
4781800,1912749,313.5741661207422
4781801,1743467,777.8317614963239
4781802,1832884,505.35943990880605
4781803,879139,14.994470372389546
4781804,489287,361.54701501726805
4781805,1120504,257.637801528642
4781806,947747,26.92961753806433
4781807,1413963,27.327755358371284
4781808,113344,769.3387090554289
4781809,1059532,568.638413655026
4781810,1685299,373.6574952979226
4781811,1589807,658.8167733853002
4781812,475596,364.28228069820136
4781813,644028,752.723042071684
4781814,367178,276.9230119516059
4781815,1973434,713.9380911027907
4781816,1398844,564.0742492272647
4781817,1315365,671.6404365748249
4781818,667398,343.87086340181185
4781819,984202,425.52905030613056
4781820,1465505,73.84141757513285
4781821,1720154,103.74366833795956
4781822,204703,932.3515887788284
4781823,409039,408.5164778299225
4781824,933680,277.90171169764886
4781825,1179898,982.1342344873668
4781826,142908,103.56697427778028
4781827,104577,843.0508214294567
4781828,1540677,172.590960767935
4781829,1339168,62.37826616926701
4781830,439146,959.7187169216348
4781831,199464,703.8650168488043
4781832,1562820,367.416500826792
4781833,1233687,488.8771276646472
4781834,1708036,659.9282643353613
4781835,791646,588.4242014593679
4781836,797944,403.02970107561777
4781837,1643161,708.0924916158946
4781838,1843789,332.81480586863086
4781839,343239,391.5857344554718
4781840,735438,281.6146603401276
4781841,1592979,928.61443591227
4781842,1991421,125.48403543312747
4781843,311056,788.1062283862472
4781844,897583,59.836888479927744
4781845,1891559,533.6858997884004
4781846,183478,838.6504033255927
4781847,1632271,729.9349455848063
4781848,1915935,22.60665527978045
4781849,1792334,521.3374043103418
4781850,46368,264.0661176155454
4781851,293600,90.00084094173921
4781852,1392109,249.7125942606744
4781853,1559935,184.86295609131088
4781854,1448217,558.4772198555687
4781855,761419,844.9422768157946
4781856,170398,480.7708181782091
4781857,1829494,127.6223012439216
4781858,871378,303.01816069295415
4781859,1827707,828.4004811811624
4781860,1715836,744.8136418719605
4781861,328610,968.5791718970075
4781862,1292074,326.7420272975058
4781863,373971,994.8952141452093
4781864,1285324,207.01926193349064
4781865,838965,767.151381730366
4781866,1647362,83.6841943278861
4781867,1299641,723.721486243012
4781868,517487,898.5796827725705
4781869,1500939,611.2111022646156
4781870,47912,236.7528593537197
4781871,1177852,894.8646766633401
4781872,1972977,383.0248731954704
4781873,1587114,652.8625669865669
4781874,1455800,698.3633397061553
4781875,1402416,36.14194640575552
4781876,942056,458.350568662231
4781877,786418,885.7636248274597
4781878,1176109,715.5288660762117
4781879,411646,460.24219135209086
4781880,806169,620.6604375235538
4781881,757265,99.85749062564886
4781882,1999714,109.20135655816277
4781883,1400383,662.1151767698467
4781884,749098,172.1523017412031
4781885,1582898,890.6825286570376
4781886,1372428,757.3413935125471
4781887,742418,564.7130445800874
4781888,461802,632.0438660867751
4781889,743258,803.6936182595738
4781890,32602,934.4326929708732
4781891,195463,351.73449483619146
4781892,489596,682.5565517138999
4781893,1570043,884.4193606979196
4781894,1728702,797.6135483920655
4781895,1181210,410.9263462917887
4781896,417703,787.2965969972068
4781897,61244,699.917085154962
4781898,1868726,941.8944055441489
4781899,602746,129.30315567983152
4781900,298686,186.12205132222292
4781901,1010649,570.4471246101366
4781902,377449,943.3096185420873
4781903,1340125,807.8371830913619
4781904,564311,855.1379858766356
4781905,731666,395.71828009736174
4781906,1561648,909.447098690321
4781907,1872791,27.205775590219304
4781908,1185962,138.25580432839612
4781909,1235183,381.1185861024049
4781910,1397082,940.4411908669334
4781911,987186,561.2661947629659
4781912,588041,677.6737838631847
4781913,1528845,616.8205481630229
4781914,1057654,353.74236114235947
4781915,1863124,327.7431546520749
4781916,96036,376.23297278631065
4781917,1101738,566.3545972831917
4781918,987208,728.6383944576136
4781919,1368602,886.8433777317285
4781920,1170468,278.48458284917376
4781921,255208,975.9318432698417
4781922,814814,546.6804512817952
4781923,898994,623.5939603732797
4781924,206084,348.6155534745007
4781925,1913321,468.83212862975756
4781926,1629601,118.04035853131944
4781927,796153,780.2127679458947
4781928,1348430,983.111478113376
4781929,1730383,802.4711893720448
4781930,1872914,397.1211628234579
4781931,1642864,844.1885073101997
4781932,1338229,600.9924105031403
4781933,149924,214.27170936173124
4781934,1587279,22.52450042873344
4781935,753490,877.1579349596864
4781936,273992,509.13200195027173
4781937,374816,967.9612021128296
4781938,84197,744.2813035629631
4781939,1803342,771.1826841322497
4781940,1435906,250.2443580424304
4781941,1940241,949.0240213263858
4781942,903630,564.7480084920722
4781943,1423392,568.1729917039667
4781944,70882,73.87972489088546
4781945,1260072,925.3099043800567
4781946,267106,164.55281305109315
4781947,1026852,205.9651841499953
4781948,487689,577.2888627427894
4781949,156930,176.60804429772293
4781950,1412705,548.7879584047027
4781951,1449298,903.3471320718237
4781952,1211180,298.77683873829443
4781953,1458777,617.3663995964494
4781954,1883109,710.0409773621441
4781955,376503,6.681856719391699
4781956,79685,240.25770502841837
4781957,478149,764.1292965818402
4781958,1488854,697.9729136477181
4781959,225083,236.29497880805573
4781960,1156990,356.33614157489956
4781961,1864395,971.5203434318297
4781962,1513860,695.5869219614659
4781963,1033884,467.47842293110733
4781964,1416328,293.3022244703378
4781965,438221,450.42527356984465
4781966,1976886,994.0047985058529
4781967,1902536,623.3259800207701
4781968,434830,584.6841223774894
4781969,283159,565.0103201156668
4781970,1948808,982.9998355796761
4781971,1876205,981.9341863850075
4781972,810341,485.57085618679963
4781973,741555,101.37789332439428
4781974,1827751,131.38190410955508
4781975,259572,446.3939822384787
4781976,896127,287.5599046543835
4781977,1046860,31.38148948370589
4781978,528288,971.4848488600419
4781979,1923829,792.3926315146177
4781980,623808,113.83368989670406
4781981,1555814,279.18084485188666
4781982,1756643,595.4330088424841
4781983,562339,183.21194909496853
4781984,127034,661.5624489274873
4781985,1810150,464.90516268981395
4781986,1488376,681.7732623203202
4781987,1100719,468.00975465752026
4781988,796,176.72436307030338
4781989,222142,696.3953871735675
4781990,1801315,87.95531534543544
4781991,1569369,142.4011546265046
4781992,132753,834.9947666599945
4781993,1960734,97.11005075829893
4781994,1329170,205.1461169475094
4781995,1513939,138.08790102744962
4781996,1047862,159.28542058330453
4781997,1588593,175.88361653510998
4781998,290950,83.09859299593192
4781999,1701722,32.501439189389856
4782000,1749383,556.491498348596
4782001,669820,945.6664296297722
4782002,1495410,533.9634447671026
4782003,1374540,813.2254435792423
4782004,1687182,596.4200062051813
4782005,1190019,50.67770618352307
4782006,1178690,416.1697921988142
4782007,970137,166.7727265291493
4782008,509068,444.51606315994195
4782009,245413,230.86418505430083
4782010,207349,671.9423991125518
4782011,199914,574.200235310209
4782012,782605,386.8473930843365
4782013,1692393,524.4482575115651
4782014,1401471,954.306326236261
4782015,1998207,950.056671672601
4782016,1851932,343.8510256414393
4782017,1806858,478.9448605486445
4782018,1176255,913.8059224687506
4782019,1117797,641.582324350781
4782020,398847,494.9958666353895
4782021,232360,996.8970139455703
4782022,688883,98.93452303145777
4782023,406678,125.69529977665484
4782024,1980236,612.2736268702836
4782025,1484118,330.2496669613773
4782026,1107969,607.2816186254132
4782027,976501,446.5037109287351
4782028,4068,142.03170662710207
4782029,1594810,717.760830681459
4782030,1358243,596.3967028056153
4782031,1501091,472.06413631161115
4782032,465369,805.0517994811123
4782033,1477793,881.1818855976884
4782034,425246,470.2242168746248
4782035,1404737,722.5584791974802
4782036,1840516,575.3630090306851
4782037,1645731,759.6037914261502
4782038,851760,445.0478745025849
4782039,1222433,64.51264336092922
4782040,1276415,443.2473373423674
4782041,1736830,273.6957912534759
4782042,64034,508.3037156542659
4782043,1263050,139.75322609325212
4782044,1392085,539.1212232225205
4782045,1910202,162.08333979643618
4782046,1477197,454.6760504020929
4782047,1479957,985.4316080694789
4782048,1862294,110.64068476523792
4782049,920310,440.5939370981142
4782050,198573,734.7934918113774
4782051,1547337,149.64679949645765
4782052,1113816,15.686811575060355
4782053,1931510,660.888267265788
4782054,1142858,51.410219788231124
4782055,1680763,482.1216251818886
4782056,1515109,825.7791890713893
4782057,412062,370.158060142697
4782058,956518,380.9841658736727
4782059,215724,375.1327559477654
4782060,720415,869.4829784792774
4782061,1834271,402.29738661964234
4782062,471863,241.06049810195495
4782063,393421,297.2350944193296
4782064,400917,911.5892525448629
4782065,515560,673.1148785338445
4782066,1486856,791.7841740209509
4782067,1009467,839.0358379742579
4782068,1586140,305.8381791181273
4782069,915765,47.79789019418912
4782070,349801,771.0855236401817
4782071,712709,617.1195371331387
4782072,1612390,395.2327498373386
4782073,332281,471.6044288226794
4782074,1208291,515.4223678828077
4782075,1490955,345.23285888117795
4782076,1933616,801.53353028885
4782077,28189,906.3628872644435
4782078,1377413,77.15708997428794
4782079,508292,691.203952590316
4782080,1233988,473.5362921838289
4782081,1735589,131.8051861230598
4782082,999904,324.1166547953411
4782083,365003,974.4514574959873
4782084,238074,738.9840378943184
4782085,1106746,143.44740317784522
4782086,1754743,322.63270595030855
4782087,1751666,181.72367260154343
4782088,405595,925.3676759618677
4782089,1887289,197.40148014340863
4782090,774053,392.4874345431013
4782091,1292966,208.64964674605778
4782092,398900,4.843166250135478
4782093,9919,682.6835602373181
4782094,1098712,376.5572653984115
4782095,1425494,866.5496689950083
4782096,15750,93.07263022467438
4782097,570471,812.3627384734817
4782098,649655,425.593306689258
4782099,1181277,196.45424444691605
4782100,1835078,148.83310885456837
4782101,1533583,35.77699618426799
4782102,1198879,891.1936221131099
4782103,437914,691.1144621670469
4782104,656108,433.7307938111509
4782105,1874425,88.35041386273168
4782106,1948661,437.7471940765858
4782107,1444077,236.13808880658337
4782108,778755,665.3845077107652
4782109,162783,465.1712124418339
4782110,1023677,99.52127276843004
4782111,1742619,909.1263178339948
4782112,1721014,433.4962031933005
4782113,424696,391.4092783823705
4782114,1506678,279.5862582180442
4782115,1654020,20.19587191407468
4782116,594919,606.529236699981
4782117,1776613,339.3186708624104
4782118,1610461,384.1170840062862
4782119,1281901,813.0330395809432
4782120,183529,2.5278094057138434
4782121,1018694,122.68554345701533
4782122,1034774,138.42614702470357
4782123,592593,340.81321571889447
4782124,941649,575.939735207858
4782125,1901853,219.13965016487646
4782126,1596682,108.94859196604345
4782127,1711373,635.5203848717431
4782128,130931,240.99003534703266
4782129,1885208,424.90583907215427
4782130,1892909,739.8023513168245
4782131,675942,676.8414489713145
4782132,927468,820.8784493901742
4782133,1276023,656.4953578736471
4782134,184349,408.7450322696464
4782135,558952,467.388982849207
4782136,208069,527.4513268343574
4782137,1884663,470.53544163724956
4782138,222494,837.1956599002547
4782139,1997502,207.49183709127107
4782140,1019778,987.4367712277187
4782141,1031360,385.7830002053562
4782142,228940,120.37227197638146
4782143,566551,111.73110239956863
4782144,1162151,17.011192424111755
4782145,801621,798.1413514499886
4782146,1981551,413.5225632213267
4782147,440020,448.0216048282294
4782148,1544450,573.5023162625835
4782149,215851,393.83507804483264
4782150,32634,800.7359442588366
4782151,928571,911.3884640106038
4782152,1376616,178.51600463441176
4782153,1804516,403.397650487868
4782154,83278,99.93282144006743
4782155,463493,392.4964475170877
4782156,517728,653.2494226229963
4782157,1362839,845.501097612833
4782158,162405,730.9796082377395
4782159,770822,870.5726118841103
4782160,435138,110.05926499481522
4782161,688068,364.9988203424377
4782162,246622,517.1977769269412
4782163,1571085,146.6812423703293
4782164,977298,292.51088902163633
4782165,1507578,182.4538624147738
4782166,1756355,460.53368613539504
4782167,1524503,473.6790332235471
4782168,221320,369.1741264490891
4782169,1283770,180.07228436061183
4782170,1522802,524.3230888110803
4782171,216110,160.68940749347837
4782172,435491,574.7413742469865
4782173,508643,265.84404399340457
4782174,313964,356.01959417455123
4782175,283658,326.5786449480231
4782176,1474531,987.0665576249469
4782177,938258,128.65203749579635
4782178,603418,310.44382308209293
4782179,295770,955.7746506627919
4782180,1500554,135.03742883329627
4782181,1933619,57.63184812451061
4782182,1733161,703.0596721442226
4782183,341468,638.0900523034915
4782184,1688653,925.5363511071133
4782185,1113526,723.7598097074599
4782186,475020,301.3990234855636
4782187,509618,875.8383076315469
4782188,1010304,568.3226976204307
4782189,1171310,357.96382693976005
4782190,18158,906.4324607241196
4782191,1978823,803.3048261059458
4782192,65112,488.69785852263124
4782193,527118,119.07536746343351
4782194,997327,490.4397873757752
4782195,742374,605.5569220064215
4782196,1283281,860.3263886667203
4782197,1909704,431.30772646662916
4782198,1659827,696.6991912728574
4782199,198496,658.7796063132905
4782200,653494,497.4478780272683
4782201,791434,776.0882322762407
4782202,1110269,891.098180801705
4782203,1885408,517.386161452563
4782204,306119,222.53397897927763
4782205,94686,428.20291356369756
4782206,1044066,825.8446873233025
4782207,251605,751.2988682140142
4782208,1276541,180.23081664092277
4782209,1716837,80.74477840645412
4782210,275074,374.76827006272305
4782211,1707011,244.1302409767696
4782212,910449,593.5618206428198
4782213,1988857,528.58036260579
4782214,1360153,881.5679409744035
4782215,1417134,650.4922038061565
4782216,156003,80.60854834067344
4782217,309861,319.1279126980539
4782218,162140,939.4821668937674
4782219,836076,76.1735808302353
4782220,800992,280.36815595356
4782221,1730378,947.212702161031
4782222,43879,15.296939060638227
4782223,1208335,783.1812967330659
4782224,870531,320.71583862824116
4782225,300440,104.54619766634433
4782226,923993,223.81574383991799
4782227,1372084,474.23776176570675
4782228,642405,729.260209683891
4782229,821421,202.75322058600466
4782230,1843979,841.7092044709401
4782231,1125490,916.7450759469446
4782232,1030551,103.62721763674942
4782233,68375,802.5104688862999
4782234,1659101,272.241242560025
4782235,997930,809.8157243755476
4782236,1731412,69.97718579915401
4782237,115177,302.79912591331214
4782238,47416,194.29809069556924
4782239,511984,661.9558789659943
4782240,345405,350.35712045875954
4782241,1723716,797.9280067547278
4782242,1968539,469.37621147317856
4782243,671900,360.47459783145865
4782244,1156037,698.1998196420162
4782245,957677,92.14078864114728
4782246,219220,67.03252908686142
4782247,177144,202.65408021691357
4782248,724403,848.6597251882883
4782249,1936654,590.4454818933073
4782250,1748311,190.46223099872773
4782251,957454,596.007150735454
4782252,1842638,752.6568962581703
4782253,1477140,949.8355534872925
4782254,802740,936.4153191780402
4782255,1068437,890.2914722501323
4782256,582172,240.9907244701256
4782257,880811,689.2236929375041
4782258,1283755,64.03837840233739
4782259,580607,893.9513317075215
4782260,1566432,302.97098946232904
4782261,1444906,365.7891234230678
4782262,403263,810.1583269350733
4782263,1155223,389.4964796352689
4782264,996441,99.21246292906815
4782265,1208880,211.12576696308582
4782266,1679504,403.6318802901867
4782267,1561681,764.7059957564168
4782268,3780,859.729691956703
4782269,1783753,596.0351097242392
4782270,883118,945.0606888749019
4782271,1550131,359.2274229218215
4782272,935303,432.2704057217881
4782273,566339,832.1302341441329
4782274,1240621,520.3923459313618
4782275,1120495,818.8264283798478
4782276,415717,333.9510107716129
4782277,390939,601.5721573769296
4782278,1044452,361.3789399481663
4782279,1378005,439.59397043941215
4782280,1994875,898.0313570423006
4782281,1803679,928.2522112190082
4782282,1288200,569.3999067235447
4782283,251028,836.955226442373
4782284,1890063,551.7703979673817
4782285,1466966,204.10654942264316
4782286,49969,581.1538218264297
4782287,1330945,226.97321759385102
4782288,933001,189.3872217934164
4782289,205389,706.7609248912901
4782290,1308125,910.809427876949
4782291,1978942,261.5104159733804
4782292,1649308,744.6688589913532
4782293,361212,466.54150993217945
4782294,93054,592.7734331483601
4782295,508780,224.44526691910295
4782296,285867,531.3999521496619
4782297,907487,587.2662935462101
4782298,1331069,333.12486252231065
4782299,956975,804.373599030136
4782300,461015,402.4929255282089
4782301,1218449,967.3872212840665
4782302,491714,346.8851078677543
4782303,1558086,737.4648940148669
4782304,1353183,101.38494338034664
4782305,376200,973.8981615729857
4782306,725570,376.1311302536491
4782307,55153,389.3483405494821
4782308,1921639,798.158583387079
4782309,1096560,127.6016806527308
4782310,582507,158.9673338043791
4782311,300413,279.8347891880947
4782312,1208274,693.5197377646748
4782313,1187017,584.102830179108
4782314,155606,669.5011093261279
4782315,571541,948.26051611194
4782316,1567959,273.3382532142311
4782317,1829277,825.8120792177577
4782318,647948,205.45689489906005
4782319,1362507,847.6191791466159
4782320,94566,172.14433931307627
4782321,381645,18.480704213439502
4782322,1389596,945.0701996175837
4782323,674514,601.9235068996331
4782324,242957,809.331920710295
4782325,738133,927.6293118690601
4782326,1157816,68.15446846380635
4782327,181329,59.893054161317075
4782328,1446974,60.17237567318689
4782329,1029199,23.6275310925399
4782330,149319,273.5529821348138
4782331,114721,847.2421493783569
4782332,945803,149.74888021162093
4782333,1536822,236.39996718304656
4782334,1955956,75.62419915932395
4782335,423181,9.99861240019284
4782336,1268713,286.6261322187323
4782337,1872340,745.0472866508145
4782338,669743,16.69835511712414
4782339,1962130,43.74512662077612
4782340,1379697,659.5163189547377
4782341,1325063,466.6997197187129
4782342,1748327,861.4957880795254
4782343,278046,92.93205062081722
4782344,1833243,995.396910579134
4782345,1635968,351.5355070245865
4782346,530894,994.0953618741436
4782347,1326929,812.4190219999704
4782348,1122050,921.4815964909778
4782349,1252096,974.6562122140017
4782350,453145,270.1077164736042
4782351,572095,310.1597216236598
4782352,749731,886.140597124491
4782353,580507,326.64384790044977
4782354,442174,698.7789357548922
4782355,788397,735.4527145358045
4782356,1524510,375.31221638751424
4782357,1677813,834.5075102576938
4782358,192053,420.56998998484653
4782359,517701,221.8637205576246
4782360,515390,8.710421565256476
4782361,446670,49.95389078706181
4782362,1241212,290.12271100684086
4782363,1283349,420.0660295363954
4782364,418453,242.0660855101714
4782365,1405354,360.53466969761615
4782366,1168332,17.236062759985458
4782367,1922720,692.9959115449224
4782368,1828942,518.098713935987
4782369,1142549,647.8019602430934
4782370,1523981,179.28391301939683
4782371,977569,999.5699389591501
4782372,1160523,126.19239866015342
4782373,712070,609.6170794661123
4782374,88749,67.97213926067703
4782375,1577695,597.6682215807144
4782376,989942,723.5481836315901
4782377,1619051,78.24090756367974
4782378,440298,759.5911306056549
4782379,1652171,769.5296680337043
4782380,629072,173.0917473146133
4782381,227020,396.68908318786754
4782382,1768258,806.1845546913038
4782383,718178,928.0777227652284
4782384,1251006,270.2891173060108
4782385,1209546,41.79798357277775
4782386,322645,268.34168058494265
4782387,155970,796.9685338357122
4782388,1856757,106.8541136635347
4782389,791774,864.6276034930395
4782390,750483,673.9665585186699
4782391,582862,198.57641487264831
4782392,1057188,117.17964852222163
4782393,527086,63.621694241934975
4782394,1367918,178.23860387460556
4782395,29825,290.07637205271385
4782396,1534644,463.848713388613
4782397,83942,931.1741740695979
4782398,349495,995.3511771757418
4782399,380940,741.5877935135555
4782400,912394,455.96803383818605
4782401,1430430,835.497105331275
4782402,950977,130.30632194029178
4782403,1938232,325.28433633871623
4782404,245186,126.14819084523165
4782405,421833,525.8823073568016
4782406,1748014,407.5731826856064
4782407,1773714,145.9668763836578
4782408,1154164,819.4935592586982
4782409,744642,306.4999306612616
4782410,231419,512.5390373596473
4782411,1772349,969.9925664598874
4782412,201090,321.5059456190893
4782413,349574,148.82811577872812
4782414,1951969,523.5526591903457
4782415,544870,402.17969026226507
4782416,255975,436.9808158884669
4782417,259510,498.60319566693613
4782418,593813,128.69304684136307
4782419,1767290,509.59352610624654
4782420,1103275,540.4112011277559
4782421,673272,585.4841724965928
4782422,829093,9.147926666382533
4782423,1494178,446.2334448684079
4782424,1907441,192.3495544277668
4782425,482285,686.0817371242696
4782426,186448,980.4468717249858
4782427,982911,842.2982346018964
4782428,1479838,716.7661783258759
4782429,720585,902.4692843316119
4782430,1654965,753.4352559605821
4782431,1209501,769.2504180023052
4782432,285645,650.6160307216361
4782433,1471388,525.2942317516438
4782434,1302254,533.7009892848798
4782435,78580,675.8910129906985
4782436,1773763,999.3610859450406
4782437,1367801,205.99192802524524
4782438,148906,869.7828291052989
4782439,1587240,340.32644578657033
4782440,215787,717.4947569338498
4782441,404677,418.22355011300095
4782442,192235,779.9184240026063
4782443,824430,236.41901561669854
4782444,1105357,411.24617948021535
4782445,963590,720.9726822906824
4782446,981026,313.1490687880483
4782447,1592699,566.9813658006655
4782448,1583359,322.8885323072481
4782449,1771572,199.838371109779
4782450,51303,704.8249172759412
4782451,1156873,833.3646632339372
4782452,950146,793.5037841950457
4782453,202663,272.3936975784659
4782454,40810,64.80115495619454
4782455,26268,551.1809212503091
4782456,779839,870.7327609898299
4782457,1456175,357.85286520077665
4782458,982526,721.5437014288145
4782459,959210,738.1599977750005
4782460,773924,692.0101503035362
4782461,1441871,698.223234565733
4782462,141509,132.37781821269235
4782463,1941468,259.1247727259237
4782464,1921126,5.538386364617676
4782465,1111563,69.55283640916232
4782466,603268,686.8949680384056
4782467,837305,523.3350224202248
4782468,568795,500.340004720613
4782469,1061093,257.82893538978703
4782470,393740,980.9955277796021
4782471,1792107,23.152257046261006
4782472,1430651,965.059995534456
4782473,531695,600.9820292125304
4782474,1055178,989.7866779716692
4782475,585185,534.997973392335
4782476,125436,316.5550043926312
4782477,1102083,332.12321326014927
4782478,954739,582.054714271543
4782479,419356,463.17280077644915
4782480,1748112,289.3720863491477
4782481,1747222,974.7872470974942
4782482,1293016,607.6394912554632
4782483,191183,267.90824759400687
4782484,79300,783.5213274112622
4782485,1549618,323.13830157855193
4782486,915274,258.9830448685756
4782487,356774,389.0431697034643
4782488,593534,179.90205320470542
4782489,1366154,132.7654786804543
4782490,820658,13.504897785667547
4782491,838703,748.3361120726787
4782492,167964,171.63700386241842
4782493,1571248,204.17204249236588
4782494,619320,455.2514208115722
4782495,167774,213.40152026650537
4782496,1883565,68.56994417694318
4782497,153450,74.04023609458032
4782498,6038,950.3265562627394
4782499,825266,245.72347024796304
4782500,1868842,660.9037219928806
4782501,965886,979.6644135331928
4782502,78757,423.4258059674751
4782503,732363,818.730609373919
4782504,1727235,471.8870662949681
4782505,102754,153.83774759378943
4782506,1326220,924.165272642683
4782507,1749137,726.8320039974243
4782508,370286,354.57384154066165
4782509,1423685,118.22951651459535
4782510,1788812,703.5848426942999
4782511,588330,801.8912888057516
4782512,1254149,982.4138714278008
4782513,36230,732.7447893770099
4782514,1392498,747.86651995235
4782515,1306579,365.5567316650069
4782516,730782,663.3461403732185
4782517,783935,184.9481668566202
4782518,25453,126.79005810473586
4782519,184932,637.9610477991101
4782520,1346384,668.2945865136483
4782521,241497,836.1061758264822
4782522,1813592,405.35679668376366
4782523,776307,250.4133121440102
4782524,1585760,65.58059271982542
4782525,1341527,756.2802583345059
4782526,1044977,26.298796176349114
4782527,832085,771.3683432639434
4782528,627760,967.9020967449858
4782529,79810,429.0677339825557
4782530,1626599,257.3330429749336
4782531,611628,794.0702622989613
4782532,295447,621.6508610097943
4782533,221156,884.9628539755342
4782534,1806706,10.04725173895027
4782535,311861,822.3114014335205
4782536,620698,894.0521155147303
4782537,426462,126.79617624072792
4782538,1935633,639.1098515533156
4782539,1519245,68.08145029945456
4782540,320835,737.3845371071583
4782541,1099133,41.3877915037838
4782542,556339,15.014959005701378
4782543,1741882,6.856519195383437
4782544,1850448,774.7311331972652
4782545,1342200,819.5253353348469
4782546,1365598,61.773573627075805
4782547,1885050,402.78988316731335
4782548,1797133,946.0798749037115
4782549,8663,609.544024633444
4782550,1948784,663.5227786728911
4782551,252143,461.37155742250513
4782552,1908294,938.2059282091768
4782553,590054,59.9542789510441
4782554,1145318,744.19669460667
4782555,1349371,814.7165110624726
4782556,690706,629.8272048773982
4782557,1306904,850.5400889725341
4782558,1114260,283.8191276196066
4782559,1097188,487.4556671842341
4782560,1133582,377.72072317311864
4782561,1842209,65.67261212961861
4782562,1628135,247.78737397184224
4782563,22311,390.75111086168556
4782564,1150301,324.643083487118
4782565,849160,385.3792082756824
4782566,291882,591.7138939176158
4782567,1334344,277.20189837723694
4782568,339804,691.5939897659644
4782569,736959,511.5293705662954
4782570,288445,697.9155725563278
4782571,610710,890.436704859394
4782572,1252436,859.5086381030337
4782573,1344896,519.5702822383018
4782574,683293,186.32731295530112
4782575,933452,531.2164027220257
4782576,1272064,377.9653100751323
4782577,509527,47.96210676580426
4782578,201467,647.3968340760084
4782579,1823770,440.9567391839838
4782580,1350439,82.7496928018513
4782581,527328,94.1557260864232
4782582,1911402,455.7042481993625
4782583,556923,668.072732294637
4782584,1844667,367.2119540979227
4782585,1737460,27.692638978516705
4782586,299136,546.4649294531666
4782587,1131379,19.208877218781396
4782588,283739,996.9006323685203
4782589,621779,6.586497819507375
4782590,885787,404.5215366428407
4782591,1110894,744.2372629573196
4782592,1103689,387.38916020415047
4782593,326294,768.0962997146949
4782594,728400,155.06361210259246
4782595,1444264,963.5386835833771
4782596,637374,916.5019717489049
4782597,1325877,214.16433192013952
4782598,1878314,713.0751486267914
4782599,946912,473.0181984497248
4782600,854736,964.1012509882604
4782601,862681,679.8014186328272
4782602,1200611,738.0615379573762
4782603,399554,46.27479339362517
4782604,804455,28.590420295679266
4782605,8443,466.0754334937264
4782606,564416,244.47004142787188
4782607,693370,128.82402162436733
4782608,1462212,72.16628953639615
4782609,982492,853.0122477157719
4782610,686775,816.4112401621709
4782611,287793,916.6297291320516
4782612,118626,855.0774022943119
4782613,980761,808.0228258095574
4782614,122874,976.1900224454384
4782615,748688,301.7241268318839
4782616,942330,466.62413341131116
4782617,1460635,770.0677200110131
4782618,702149,765.7935007748587
4782619,747524,197.85877981302292
4782620,1970995,482.1394574775769
4782621,1566921,166.30625165823287
4782622,795342,274.9567240906312
4782623,1372700,40.86014876082411
4782624,1494714,295.806892102071
4782625,454159,293.89890239391923
4782626,142058,601.7278137731498
4782627,687154,352.4215622532012
4782628,815630,58.257452415782616
4782629,178534,203.46670913884157
4782630,769440,462.9936787888037
4782631,80728,686.4891248629377
4782632,1830780,351.75938241672753
4782633,971279,145.72543631899347
4782634,164102,166.24008269890956
4782635,1781770,785.8091581916722
4782636,171234,613.6029973761335
4782637,1094934,698.4818267130516
4782638,937482,521.0600537982796
4782639,1732245,91.01589647225849
4782640,393081,521.9935162586036
4782641,735076,558.5485224003227
4782642,66554,28.116859358749856
4782643,499819,419.2960897891539
4782644,1572591,257.27330283583484
4782645,1848538,693.7573167155703
4782646,1244458,109.57001691217982
4782647,100535,232.88621583503988
4782648,899159,517.7840257006234
4782649,1349683,921.3580299161647
4782650,838607,551.3333405755995
4782651,659529,916.305351381411
4782652,1153004,274.60100861610823
4782653,1381733,664.0489044253543
4782654,1395148,2.0577525692797582
4782655,1779444,746.9516329441286
4782656,1370111,10.350738130338378
4782657,277549,505.7621923550265
4782658,890172,106.45219533313232
4782659,1533679,248.89888137908355
4782660,793709,976.4332301315156
4782661,1256470,971.5785562429419
4782662,892464,469.1713151753968
4782663,872115,910.5848656879753
4782664,1184185,601.1627441295649
4782665,829475,267.0098026657105
4782666,617966,42.096367782995856
4782667,1364144,648.830770089728
4782668,1679116,540.1355125613932
4782669,423801,264.0363999382094
4782670,1317324,103.64138067484862
4782671,1180976,346.80093766176043
4782672,1011232,314.9068010002959
4782673,1753108,326.21419560790696
4782674,274596,485.73694168086877
4782675,1052980,258.6090686225335
4782676,646934,957.7189537015894
4782677,689538,855.9043978640702
4782678,1933466,913.4596779811299
4782679,967458,337.17718209340075
4782680,827677,809.6207170045485
4782681,11613,325.28734574801433
4782682,1183906,556.8890255512168
4782683,163515,665.7356361989472
4782684,998683,875.5059442058541
4782685,562210,154.2963286574801
4782686,1042507,869.5636845845191
4782687,1696192,534.6853691830943
4782688,1367241,302.82302353277356
4782689,1268853,459.9477546122568
4782690,88247,710.753695748685
4782691,872581,261.6125822762837
4782692,455360,323.6008223954668
4782693,172172,828.8542841618082
4782694,146255,318.7229398871263
4782695,1781051,718.3865425020302
4782696,142649,839.9106441978321
4782697,1400061,97.79415620888676
4782698,262142,10.866478769859134
4782699,1361840,678.7214479998197
4782700,1650882,293.5578117287196
4782701,874011,825.8788116874765
4782702,1329801,536.8072051792763
4782703,328107,86.02220030048358
4782704,1662332,909.502005536604
4782705,248050,168.91348018202757
4782706,1139904,922.4335219054036
4782707,241584,635.6641047118211
4782708,974966,917.7947040102991
4782709,1628916,526.9015025372656
4782710,1005400,855.7674430685463
4782711,343377,198.46628825604972
4782712,1883799,398.31817225968666
4782713,653409,122.76589822616424
4782714,204830,298.8307361480232
4782715,1078450,834.5386864638226
4782716,250023,133.88212311209756
4782717,1028119,265.66866523807397
4782718,1045693,720.6568623517784
4782719,559328,982.378082747424
4782720,1796114,946.7408336671917
4782721,1043591,622.9104321688877
4782722,1454710,323.1138258919729
4782723,1264072,570.3396833700203
4782724,1907985,197.13254752904052
4782725,825474,918.4407897748407
4782726,666484,864.577724105283
4782727,531406,693.697623912254
4782728,398509,40.1812895350131
4782729,738887,2.2564893401640918
4782730,700632,579.999436487875
4782731,1573196,884.8247188064388
4782732,1071301,508.1922299495187
4782733,1907378,266.03376725132256
4782734,451151,959.7900255008183
4782735,1847483,458.486246595161
4782736,1821922,269.8976741001372
4782737,319801,259.63231097059924
4782738,1325166,475.82414888391156
4782739,634646,162.58138160118975
4782740,1897111,999.1698497125635
4782741,875063,634.2850992146712
4782742,165242,787.3460232443138
4782743,1399320,728.6246877993311
4782744,1702758,878.6663551577157
4782745,1784327,812.8948106164996
4782746,1119122,570.587330849023
4782747,1147643,699.779624262311
4782748,632910,184.31689490118518
4782749,124148,873.0699981722337
4782750,326618,962.6438466372773
4782751,17979,283.11975845766835
4782752,1698640,587.7077219165691
4782753,292852,365.8947250759483
4782754,1711673,210.4000569211355
4782755,1802068,842.1899125054844
4782756,739035,317.22360146408903
4782757,650390,299.7499628298005
4782758,92109,868.4388224456394
4782759,1427020,41.38032923316604
4782760,232982,797.4420776817306
4782761,326524,871.0011215244115
4782762,1355934,892.8449462496885
4782763,1329017,206.51902107604514
4782764,1502382,339.0154055139466
4782765,1073089,11.386580173177174
4782766,3583,782.5944136163204
4782767,542516,980.565756708245
4782768,62055,60.33192669415488
4782769,905821,641.6803178613145
4782770,1997923,468.93509919387986
4782771,1673821,927.6298836178167
4782772,909569,232.17037228108362
4782773,964671,89.8625673593948
4782774,606346,622.489569650653
4782775,1128923,333.0447939372745
4782776,1181396,156.48247206424904
4782777,371451,325.5572882289596
4782778,1712601,287.7311134769616
4782779,833068,31.862666707561328
4782780,1540043,712.9936958776834
4782781,1282957,369.1672984739466
4782782,1061537,157.00183662587187
4782783,103232,609.751281259278
4782784,1613098,207.90576734068367
4782785,774540,466.9082055304795
4782786,1444277,450.06915211872223
4782787,382567,430.4662581580451
4782788,1405452,784.7426107295335
4782789,1213381,241.55707383478386
4782790,539139,576.4667217302687
4782791,60686,419.6443812530657
4782792,335805,754.0872700128401
4782793,128949,193.45981831277314
4782794,383863,783.228903967873
4782795,1442029,654.58135100489
4782796,1279004,643.945757266083
4782797,903045,61.45176073392611
4782798,1320617,210.23194133148016
4782799,1579794,743.346455861553
4782800,1100656,719.0083987094772
4782801,1989717,15.330626281759741
4782802,225928,765.580675284867
4782803,1760396,834.8994331106683
4782804,266327,876.8159267372525
4782805,1825479,428.6482558804394
4782806,840419,127.82287658590185
4782807,1071344,86.14324304658805
4782808,968024,718.4813938576298
4782809,1533756,659.0447672688691
4782810,697590,273.90954444782454
4782811,1194335,388.86233047886276
4782812,1522554,617.7921998156662
4782813,49706,699.3518220053506
4782814,1457745,681.0300653903366
4782815,1737386,866.1949142491003
4782816,1212930,297.93927352759056
4782817,1913622,439.4317803718327
4782818,1828199,917.5784582140544
4782819,855387,428.3492764759975
4782820,1348911,646.7677535518987
4782821,416431,188.0411894391305
4782822,1260062,478.6835172066457
4782823,1924526,229.7494526102175
4782824,1159852,720.4237078955374
4782825,1148447,416.04053888085014
4782826,1001316,452.9457160142493
4782827,18383,725.7450286992655
4782828,1577029,59.12386155342786
4782829,1703362,869.0728953063945
4782830,1940855,571.3535279358857
4782831,1394394,388.5126714824045
4782832,1026572,944.7413144267294
4782833,1312026,783.8828096599406
4782834,147229,313.53521693188134
4782835,1111415,505.87319576182466
4782836,23710,470.51137404408814
4782837,1412740,326.4478626009881
4782838,887622,48.44445500043082
4782839,123111,829.6559551641037
4782840,1488029,403.8218012335773
4782841,674162,586.242294761928
4782842,946080,452.44224529019095
4782843,1060989,491.85724394520514
4782844,1773669,247.32131830728443
4782845,370235,108.62861418204362
4782846,6897,859.0258118909823
4782847,890336,649.619415883607
4782848,822238,722.7908805287968
4782849,1366242,807.603603530046
4782850,1322068,970.500689204525
4782851,1024897,349.91716335466805
4782852,925639,172.1075852022045
4782853,78251,606.693568867399
4782854,1312961,76.71380440675712
4782855,27759,522.1040391666317
4782856,833026,694.8211809191539
4782857,586030,958.4441084795718
4782858,665317,999.2432820286438
4782859,1734760,27.45820771233909
4782860,533424,977.5926755130895
4782861,1676853,557.4123825575771
4782862,873694,608.861535221514
4782863,209319,938.8350307066698
4782864,1130560,812.5974269486469
4782865,958681,177.1480914272824
4782866,1655016,828.6197153329
4782867,1937042,82.32157429925213
4782868,1551953,904.1276893951521
4782869,67549,255.11462512198312
4782870,395152,379.57396113376785
4782871,225869,390.7281111592419
4782872,190055,949.9323032712161
4782873,719232,631.6576378518088
4782874,170795,777.9295783001619
4782875,1187525,502.01913076110185
4782876,786133,772.1918676178524
4782877,1596966,197.6220427217552
4782878,73252,200.4758698733271
4782879,1668090,500.18878211704833
4782880,507481,572.596422418418
4782881,18052,431.32884035104826
4782882,1192227,415.8153214744431
4782883,1072984,491.90231463502556
4782884,630467,331.01155138881177
4782885,394932,60.34698931324767
4782886,728298,485.1566449907107
4782887,514538,883.2763528036961
4782888,1629345,252.68324564080325
4782889,1412286,217.40665314037088
4782890,1954771,365.6927888629845
4782891,1004532,464.3208595214806
4782892,1383674,581.1200913922598
4782893,46377,432.3538153756381
4782894,1285798,518.9098986172954
4782895,1450379,191.54544242647586
4782896,1450753,279.3049869506531
4782897,872093,3.344752787227123
4782898,1187071,352.7402886860822
4782899,1455667,337.10456058127755
4782900,208450,180.02207838559082
4782901,207101,736.8188630418639
4782902,1534765,897.1030797348246
4782903,865027,673.3265387437034
4782904,721969,9.090548690668609
4782905,605740,240.3750985226395
4782906,12678,35.48057133284155
4782907,907513,1.4309891419913567
4782908,1394330,875.6558085080114
4782909,1419156,53.913447413442505
4782910,524624,83.3805535654759
4782911,1834845,542.1490999986205
4782912,1945344,825.0253753845183
4782913,92764,976.0627540821356
4782914,1621204,775.413206915161
4782915,1977845,221.67000894340728
4782916,1516244,721.1635467791127
4782917,1669829,599.4122112018777
4782918,1702051,4.199113160338608
4782919,732694,614.5728982102573
4782920,1475240,150.61901747933715
4782921,1344472,523.7604587612245
4782922,738048,27.07654366701895
4782923,157554,6.846561478680457
4782924,474032,447.14965608550995
4782925,1510262,684.2688456637177
4782926,1014140,153.5278108829784
4782927,311799,536.2208810946144
4782928,933999,738.4124402827642
4782929,627107,332.5982407506789
4782930,68024,472.8190783017754
4782931,1626567,536.9058077616793
4782932,489406,451.66332457511515
4782933,472482,977.3980711892497
4782934,994177,595.9132198570579
4782935,969875,666.932653275411
4782936,1199765,69.05131422698918
4782937,430260,913.0957653012874
4782938,1246869,165.94395258787753
4782939,402,321.27900874693114
4782940,117233,230.6133856630792
4782941,315666,436.5931605016492
4782942,995704,961.1063919165537
4782943,46323,227.78190433743396
4782944,888399,174.27896694804247
4782945,747021,115.46688058454768
4782946,1757634,688.6338253649006
4782947,468930,950.0793412018386
4782948,1803493,535.3183169529955
4782949,945426,840.6854984922787
4782950,1319177,64.41338934350571
4782951,1467941,570.5019419382095
4782952,1627150,889.2205086837788
4782953,66594,929.7370055617669
4782954,26707,261.89120017575
4782955,192306,476.9428031008942
4782956,1880135,469.8844850577495
4782957,1213093,821.6935133649705
4782958,610641,868.181388332581
4782959,589980,854.7639355021438
4782960,389875,203.0566268456998
4782961,1661118,457.60934616516136
4782962,228625,725.2543025477664
4782963,1199128,686.8787100277458
4782964,434930,691.0550192113235
4782965,304001,533.5291789423629
4782966,697640,908.2464801828519
4782967,451466,953.7701184698444
4782968,1991981,867.8305420584309
4782969,23028,937.018360017623
4782970,206738,405.29596807107794
4782971,1671440,788.6424779345857
4782972,24791,587.7152810881319
4782973,540828,197.79282954507616
4782974,804373,386.7813710326725
4782975,1629174,650.7849525504361
4782976,1212646,442.0421933613543
4782977,1056912,424.0097353956873
4782978,1069695,296.8446048708133
4782979,732479,633.7316990175954
4782980,600294,156.21491808883258
4782981,1289987,507.04301198731173
4782982,1329598,460.1415093784225
4782983,1879296,272.6031907206894
4782984,1338349,700.1741518160346
4782985,1088574,207.1361718949094
4782986,774179,63.17391800439931
4782987,103745,614.9636071505428
4782988,14851,869.1938795919173
4782989,1983272,401.18768551738117
4782990,1346424,56.44680664932422
4782991,1027668,756.182196078004
4782992,376754,92.33811631067823
4782993,1422136,315.93751028496797
4782994,1999925,432.711285028901
4782995,1748966,928.4488566457633
4782996,191313,561.7882126064649
4782997,1318557,447.40595571790897
4782998,33793,87.28487432638066
4782999,753683,546.5767775489101
4783000,840249,183.98756726328457
4783001,1146594,948.6352632102701
4783002,1393745,223.81851913059091
4783003,94267,260.88660602417804
4783004,513151,657.855513759333
4783005,92668,609.285880815899
4783006,602187,406.9588975983784
4783007,263861,768.774931475105
4783008,1365120,879.065823504854
4783009,1817185,532.7382941361426
4783010,660715,645.900964280337
4783011,1700256,133.24449355229396
4783012,1648399,445.7563239122141
4783013,1152134,564.6364172695434
4783014,1370134,893.6055928819394
4783015,890783,728.6591515606536
4783016,299862,906.0656140198569
4783017,740876,352.73861825964735
4783018,991398,849.8364232768072
4783019,1612484,292.05656019875835
4783020,626523,605.9638839090006
4783021,1068787,767.8345168641929
4783022,125304,455.49584882439586
4783023,1463176,397.2931200516022
4783024,1874692,521.5058889364911
4783025,1688671,901.5730805627253
4783026,1737725,889.4945007126017
4783027,143128,187.75854760331111
4783028,13885,75.42225789063983
4783029,541222,499.1731496031727
4783030,1598540,411.784971562716
4783031,1640915,619.1003263069155
4783032,948221,537.8011027446521
4783033,1740170,749.5532030180339
4783034,477368,966.3446164519397
4783035,29682,997.9114029005261
4783036,192971,840.1356632404951
4783037,1094803,276.14581071858635
4783038,302404,3.0778799979788163
4783039,302720,513.473283118834
4783040,493428,669.3412793157995
4783041,1914141,493.01272974423784
4783042,1811163,69.27494044935467
4783043,732759,173.49518770826467
4783044,1739242,651.0457982638736
4783045,282347,883.9765482063224
4783046,253325,354.1776273352975
4783047,1792875,916.1854097803331
4783048,645247,42.39453984214669
4783049,1013208,11.664503666322211
4783050,37339,496.20722919537695
4783051,438282,625.0710702752601
4783052,609464,799.9989154563483
4783053,1845175,697.5095045855383
4783054,1107276,294.7577585209131
4783055,555234,371.87460342633915
4783056,1842322,961.9453649976839
4783057,1487418,728.6747277125536
4783058,864042,290.1320050082127
4783059,102405,675.2384893377307
4783060,1465022,609.7674515034405
4783061,1326407,493.6126187729829
4783062,1195853,750.7131085913836
4783063,132115,983.9934717424019
4783064,888447,516.8825281706304
4783065,1715953,663.7668559605313
4783066,1719052,985.1627738415831
4783067,175231,324.27130018622654
4783068,1181737,672.3843895020386
4783069,1506315,632.9368097288815
4783070,864967,35.82626090044738
4783071,1585779,123.48071364953428
4783072,1443648,638.0075263479923
4783073,1888606,667.6024704862915
4783074,1852828,591.1129495401256
4783075,191061,227.02359735125975
4783076,718772,76.51507773652189
4783077,964099,834.3202852408406
4783078,799660,330.6329501281172
4783079,1582067,404.2558822418705
4783080,556094,884.2483119824004
4783081,1214803,313.7155108538331
4783082,526992,169.5287230204586
4783083,832708,281.6050223288652
4783084,1801952,193.5264627826835
4783085,928388,103.55972127963797
4783086,260070,826.848942415747
4783087,1288524,710.3242624757228
4783088,838022,278.289548768503
4783089,1233622,884.2545346925191
4783090,1493498,432.94657968253136
4783091,931626,375.8523345941662
4783092,1630780,716.998193255834
4783093,1588299,376.4860449926738
4783094,1315055,115.29580836026632
4783095,26857,511.53112570925276
4783096,1983706,318.0530817574865
4783097,176166,55.423901829321444
4783098,656638,133.74605029467358
4783099,910834,908.4439530485245
4783100,1846414,430.5937376147342
4783101,1779242,21.032659379047193
4783102,1432310,432.1863613886655
4783103,1149499,42.40532810296527
4783104,1006140,12.824202114881999
4783105,1808736,774.7683892897206
4783106,571773,721.3910133213365
4783107,1529060,890.2950321001402
4783108,1502135,912.4503137609245
4783109,586590,673.2418191723965
4783110,931928,213.63268169966844
4783111,1392934,42.98398312308582
4783112,1665217,218.95164851586657
4783113,787609,972.6067958675095
4783114,193364,995.1124988448619
4783115,1406403,31.50861775171665
4783116,831469,618.2442673278297
4783117,669490,306.6716029778076
4783118,1896103,417.7835267390242
4783119,1573826,466.5142401490858
4783120,906103,41.40560235364155
4783121,1369434,891.46059295395
4783122,1265843,477.8996582975437
4783123,390859,988.7636871048369
4783124,1168278,336.9739496647102
4783125,1467316,581.1156940146287
4783126,1258967,343.83632280278954
4783127,1801135,948.0376855725045
4783128,982240,623.1820148701391
4783129,1032204,871.6635235124545
4783130,1753825,659.415375405728
4783131,302989,369.5785089482213
4783132,621168,551.3620633504869
4783133,1369678,263.9217097665564
4783134,834374,698.1339305145814
4783135,455248,772.1576835805901
4783136,605151,778.5586601568037
4783137,515463,736.227823686341
4783138,982755,411.8532064431292
4783139,1692887,663.1090053477838
4783140,1324447,474.76382892378257
4783141,1317154,531.0315435956985
4783142,468024,157.67679635659425
4783143,693741,622.3621686776029
4783144,62119,935.4679212576384
4783145,57167,357.45732566960334
4783146,1518079,902.3348551163251
4783147,903793,567.1424827904053
4783148,937301,529.4845808545192
4783149,1256848,265.3598523004638
4783150,532239,281.9531939727747
4783151,1541118,107.44223722303813
4783152,342822,187.86164945111594
4783153,503658,476.7252851970187
4783154,1125482,74.71678111101987
4783155,944415,31.279083425617916
4783156,587279,107.29539666447607
4783157,1750708,52.611848079581634
4783158,1945434,251.14303736838605
4783159,203830,795.3354071869765
4783160,1843692,168.85461235145726
4783161,993661,105.82793189582229
4783162,580542,519.6579185480359
4783163,820593,174.10332573460053
4783164,750109,684.7784603847066
4783165,1759141,615.8937349123405
4783166,487276,821.7792145426982
4783167,916208,772.7875798627011
4783168,658360,87.65754319566021
4783169,1348996,201.99994301565204
4783170,1155511,915.7074190418679
4783171,1450494,866.6079971659788
4783172,725473,517.6345721238255
4783173,1053111,947.0161525278273
4783174,1638296,868.1452397224309
4783175,777586,594.332205734211
4783176,1423934,3.9422549333789636
4783177,460052,323.33869113129253
4783178,623473,534.7128689631478
4783179,1610538,431.2731429385431
4783180,579471,996.0748542694803
4783181,143283,778.6036360380556
4783182,467189,516.7865805011198
4783183,105570,405.4875397418635
4783184,1908707,692.7311057823309
4783185,1466527,682.9901621756744
4783186,961307,980.3067746379825
4783187,1863803,533.4115887853663
4783188,952329,945.6972570488309
4783189,1306768,610.3384231932965
4783190,816484,756.1888323454274
4783191,1041372,107.02715783910021
4783192,1367698,982.3034893242507
4783193,1296550,582.5572582886912
4783194,1598666,360.4780781732757
4783195,1453533,479.7783124143622
4783196,886949,758.6744137077293
4783197,1776257,483.3644409947899
4783198,1189933,384.703583055653
4783199,260931,670.6595327877342
4783200,1738246,512.0028542801952
4783201,1054519,30.58431129793626
4783202,907212,552.5729174744761
4783203,336720,913.0519445578703
4783204,1765099,949.5308276706583
4783205,1587281,517.3055298977047
4783206,846025,279.8909848268524
4783207,595952,831.6524784684818
4783208,845763,719.4426564188037
4783209,884155,448.84485444305375
4783210,1478138,891.1082421792639
4783211,796218,661.7487388404553
4783212,1038649,848.1111446547117
4783213,1145924,244.40398847681166
4783214,948498,167.94925226307055
4783215,1606774,550.5382214607107
4783216,43744,218.58278570031197
4783217,348385,919.8338144780564
4783218,1524134,975.9403797784933
4783219,946233,253.30074316540353
4783220,1368799,866.7022576311289
4783221,1701161,38.92108723650023
4783222,1138929,240.11241773087
4783223,1739290,82.59400521862148
4783224,795734,733.1462826285986
4783225,1221543,679.3895202600061
4783226,1090217,588.6789906879998
4783227,878603,9.762108628958543
4783228,498207,461.054634870712
4783229,1936581,405.60279537597
4783230,1346530,382.65852203684125
4783231,1004482,905.3790851523127
4783232,1344997,409.117754829158
4783233,1126832,558.3150151144273
4783234,1862477,462.3337867385492
4783235,1229621,87.79777824619939
4783236,67210,441.0372676991032
4783237,948439,217.03510069770883
4783238,1415163,757.5716730839258
4783239,402354,37.66287379892008
4783240,435874,859.9735874627022
4783241,637823,391.84410515010813
4783242,1739440,284.9900115921129
4783243,1575506,697.1798744396605
4783244,417900,911.4046727762831
4783245,1749194,561.2648232651634
4783246,930279,290.25856049426346
4783247,1974278,110.23325510312742
4783248,1948540,312.72367276543156
4783249,1794914,505.74956631753656
4783250,1056143,119.50545568261661
4783251,683116,849.9130330280524
4783252,83305,142.8225223708598
4783253,1611398,48.29597562310861
4783254,555572,207.5150549860222
4783255,627758,715.9723214331306
4783256,481724,906.0165512563101
4783257,280422,403.757117070067
4783258,1525037,952.2838497761064
4783259,344234,156.63338004013693
4783260,333821,696.8729790378407
4783261,154833,789.2290172367543
4783262,1729776,382.4066556504182
4783263,1290334,193.0414463379423
4783264,1676288,984.313719605006
4783265,1724023,39.13023420623429
4783266,618081,234.36010892466874
4783267,1696499,175.5957457737931
4783268,957616,457.83179171297417
4783269,1844375,302.1903097254777
4783270,499865,138.54549998923915
4783271,1577996,77.53153691780635
4783272,1290233,310.9509052098942
4783273,1890019,342.59441078481046
4783274,1320831,149.66935327340147
4783275,1673969,189.53205044358324
4783276,435471,308.0815075829312
4783277,292824,583.9606033686035
4783278,821246,169.6368312694758
4783279,1124117,785.8043844667368
4783280,279760,629.2178286678659
4783281,1861119,462.1966562879613
4783282,1711378,964.5345913222798
4783283,1138258,878.5522800377538
4783284,1115693,69.01945677752452
4783285,1055958,493.9453790359856
4783286,1316777,505.0252694520383
4783287,1704022,165.29268624021054
4783288,197175,890.9504884981419
4783289,1510276,100.22635203555619
4783290,301051,282.4097932358627
4783291,1311656,624.5939253799418
4783292,301828,99.10887422966886
4783293,1573009,189.54824368274592
4783294,69308,53.16630589782645
4783295,1007534,800.9638743140831
4783296,1769467,859.4564716209534
4783297,301862,715.2582359467415
4783298,542567,405.75335338084693
4783299,659422,127.36505094308204
4783300,348525,740.2697856216972
4783301,364003,659.9432596931908
4783302,603344,596.2701771344687
4783303,569605,952.2329214531477
4783304,365944,704.5689231630722
4783305,124469,84.56489373248033
4783306,81708,631.0636970123568
4783307,1827671,705.3463071337661
4783308,1196467,613.7453819364223
4783309,1903484,789.6707130478042
4783310,906073,589.8081533764421
4783311,1945933,650.812095453587
4783312,846768,59.977488134397625
4783313,1798396,353.7633244205034
4783314,1367250,424.85351144044137
4783315,1927448,354.1106296227512
4783316,620574,276.6749736640378
4783317,1778277,102.85674744883755
4783318,277547,428.0888370703446
4783319,857373,141.532312624719
4783320,1814073,758.0519280410264
4783321,532790,533.9523922889734
4783322,1125809,770.4621434836068
4783323,815138,875.6593975782323
4783324,335714,17.581041601427373
4783325,58344,37.47580946731455
4783326,1210392,997.9727537767521
4783327,1771396,593.237057407025
4783328,1405186,767.3435569407086
4783329,1718284,324.8953308672553
4783330,623648,401.8984007918488
4783331,381538,257.99073531373904
4783332,1954873,32.77987347917999
4783333,56715,692.5104545947324
4783334,102806,364.0041833908805
4783335,1597184,488.00100519643166
4783336,1704544,552.8544194492965
4783337,532753,354.3676748774319
4783338,372055,840.0007179647956
4783339,207979,277.1139513716745
4783340,1493672,247.6039166210463
4783341,1848896,215.7498248591767
4783342,243173,434.35962195321287
4783343,1571174,931.2921566604894
4783344,1423382,319.5505430180089
4783345,1359010,739.9206966977252
4783346,468841,910.928015931489
4783347,916062,255.49124117813838
4783348,1990542,502.9999518818703
4783349,1685404,563.3162104957856
4783350,1697324,271.8717994744102
4783351,1805215,284.17828266710234
4783352,1704193,432.8046837748807
4783353,1158164,990.6041151289712
4783354,446053,812.5662159369451
4783355,966672,722.0879648789894
4783356,416319,38.66026542698897
4783357,419824,553.6024220500863
4783358,468318,756.5807072016462
4783359,1406654,861.8721021003066
4783360,261709,655.9714954781776
4783361,664298,745.2221000121021
4783362,376865,857.6329960663445
4783363,1510851,155.55232856676903
4783364,517438,924.2164941649327
4783365,98085,27.8388658197124
4783366,1546295,617.7342600326863
4783367,1089359,200.5556168893875
4783368,1918418,94.77559928699286
4783369,1933753,948.345800693344
4783370,1300027,552.9440423957519
4783371,927918,825.6708277572337
4783372,497658,531.777346306934
4783373,848045,698.1906710215953
4783374,997274,379.7752332175276
4783375,1958787,520.9627341936489
4783376,1119016,640.3086855486375
4783377,809049,200.14674533305322
4783378,1673526,919.3399086332247
4783379,1932447,330.7063644632231
4783380,1380054,597.227338192909
4783381,1559798,163.72868301086308
4783382,587089,641.9601140305676
4783383,1764516,217.4364828144988
4783384,607193,268.1884053784374
4783385,1683103,247.9275117840589
4783386,922169,702.4095768564945
4783387,1502470,406.9418253168925
4783388,1111469,971.0901447180271
4783389,655413,906.4601301645574
4783390,1168587,553.5726889632423
4783391,144699,919.1039290273574
4783392,1718949,379.36253430822467
4783393,714130,46.88951262647456
4783394,1603751,10.06287297083075
4783395,151168,80.93834574354287
4783396,178806,359.9501192435024
4783397,49143,396.9147815835861
4783398,1157261,468.28283785958035
4783399,493943,620.553633226637
4783400,1945278,954.965790581971
4783401,1255023,341.6518825310788
4783402,654231,137.0428714299602
4783403,584724,890.9688183104887
4783404,1068497,127.22429170706162
4783405,1003832,414.34646723959423
4783406,45495,670.6261803416883
4783407,1021507,637.1719868749609
4783408,1450269,921.6590276023923
4783409,1011247,373.97803417396614
4783410,603373,434.4223713827005
4783411,1068577,847.6204854744815
4783412,1390913,273.2397621343606
4783413,1909826,263.0370590913552
4783414,115810,757.0008837210197
4783415,192172,753.4635521120034
4783416,282044,3.6120256632116154
4783417,1173174,492.7089184767559
4783418,578334,861.8186251485431
4783419,1152573,827.6301368304867
4783420,129272,201.24311403304728
4783421,1511412,364.890926058426
4783422,1403393,344.2447992314313
4783423,213234,881.8851160661231
4783424,755592,358.47240398628554
4783425,843712,589.5518510889721
4783426,8509,548.1569042581214
4783427,929173,885.9307268021724
4783428,153664,772.5632483781156
4783429,1636922,629.1350515007686
4783430,519084,729.626840932669
4783431,105278,837.1950482026866
4783432,1289308,423.75468563725195
4783433,224294,144.81993623942668
4783434,1780584,168.49104816540395
4783435,881410,454.66184398324003
4783436,1713239,226.4372462505354
4783437,1703521,820.4876888331114
4783438,833464,273.33893831872257
4783439,539960,245.42154527699367
4783440,1420398,419.6747884183498
4783441,638078,459.03370594382864
4783442,1747614,793.9937659903899
4783443,1847774,78.88700841054819
4783444,1321663,687.3655071385058
4783445,1882354,938.8775378809191
4783446,789257,114.41749904688969
4783447,87203,655.1858994281163
4783448,35713,462.65706695301765
4783449,477939,814.8284049846014
4783450,1036698,587.7752962696337
4783451,1296134,950.3986031574067
4783452,1887976,676.1670140027716
4783453,1716071,982.1885742013435
4783454,1396637,154.9094829389095
4783455,1254948,723.5558547222262
4783456,1615262,852.5212585315617
4783457,1382912,690.0613453152955
4783458,62863,761.7987668162041
4783459,200983,921.0324654516241
4783460,329704,16.002292907923987
4783461,108525,192.59571122552842
4783462,812750,861.6942343228102
4783463,228226,989.925685720347
4783464,868188,826.8563811854256
4783465,194867,728.042234238804
4783466,1458281,101.37777221771805
4783467,1655730,874.324812366651
4783468,1055299,900.0869314956544
4783469,712354,187.08352377500324
4783470,928269,993.110897583067
4783471,1235943,712.5686935808327
4783472,760855,445.2707240379216
4783473,1891820,505.3833154547217
4783474,288273,355.93175929772724
4783475,1969849,859.5334178708576
4783476,260643,467.8671750175235
4783477,1320280,331.4922824938283
4783478,1921831,760.4928589515243
4783479,615454,939.9511351772252
4783480,1174459,470.30874791962697
4783481,1927324,80.34890333956312
4783482,698792,365.9634378123533
4783483,1089040,795.3659032518161
4783484,591903,237.40518354206242
4783485,1860305,894.193670684634
4783486,73858,927.8743736923012
4783487,1005908,751.5910732901467
4783488,847481,159.67733210668544
4783489,641416,965.716890533943
4783490,1123017,461.2623006567058
4783491,374622,922.8275265003671
4783492,826359,86.4484850017142
4783493,1263746,911.0064362362848
4783494,962527,940.0492481415007
4783495,131416,834.692017255506
4783496,765454,776.0250181132793
4783497,484100,550.0474859179419
4783498,1181130,424.12674780408264
4783499,65482,527.4221171894345
4783500,1877717,163.13440152499336
4783501,1031377,307.2196631673547
4783502,1670041,349.8245130514811
4783503,1089756,262.9751325791404
4783504,553474,355.8698760361194
4783505,459577,89.88706258062373
4783506,819706,163.936585676393
4783507,397503,760.5092999421115
4783508,1754636,139.50708721163917
4783509,925399,655.5995218757943
4783510,488675,589.7271736499835
4783511,1683634,513.0805546746412
4783512,581989,858.3731609160509
4783513,215520,212.81826378662782
4783514,985896,667.9418172812373
4783515,744923,597.0010871594108
4783516,1980446,1.0131568940449087
4783517,1188111,391.6027902447218
4783518,67602,237.50685713584485
4783519,1520391,55.213378480497454
4783520,1435701,781.1771560758895
4783521,1766116,452.8107510968982
4783522,317629,999.3195460263232
4783523,573807,247.76589729858932
4783524,867749,917.3468348563817
4783525,7701,841.8779201582051
4783526,1310680,735.3653156173879
4783527,713655,795.9441117490856
4783528,1091754,903.9262054096165
4783529,394640,939.5432638288147
4783530,1288506,415.58540047092305
4783531,1606453,336.37368240992913
4783532,1117976,275.192124708124
4783533,1015273,486.30950551530384
4783534,738921,937.7302080678112
4783535,1754726,948.4729452621641
4783536,174806,727.4392667964397
4783537,954171,889.7057760174661
4783538,1753878,331.34203814183627
4783539,11367,646.0085491443712
4783540,1520930,855.1100134623163
4783541,203493,292.41927052860564
4783542,1604584,782.4453817747644
4783543,548793,703.2308561240155
4783544,1392641,328.60879050318346
4783545,668609,337.7380882841332
4783546,1406826,504.61015853890365
4783547,976890,278.1319725875545
4783548,1580449,188.6585246631539
4783549,112536,611.317175117353
4783550,465375,797.506956075712
4783551,1871450,778.8143647042764
4783552,181412,202.30619199797738
4783553,1729604,335.1599727921196
4783554,626371,147.8368916922339
4783555,582539,372.472405696035
4783556,1169822,296.8353493424398
4783557,1655197,853.2902900769853
4783558,833144,284.21913420422675
4783559,644299,15.820583767109042
4783560,1783075,55.61250171301535
4783561,1880954,560.1114663408925
4783562,819427,99.6326162337754
4783563,521264,834.4792834988078
4783564,359117,491.8638023794364
4783565,831869,515.2686998142973
4783566,1348724,303.3203996447696
4783567,1553547,124.64418085855722
4783568,1710532,910.2496405522063
4783569,1599333,450.10209187178043
4783570,1574730,622.2152590764529
4783571,605373,346.6194801124336
4783572,1671109,544.1448477817593
4783573,938942,809.5162740110804
4783574,309318,31.891255836989487
4783575,1583777,335.0847439175683
4783576,1418062,619.6690231481468
4783577,1296033,317.155022171172
4783578,319248,50.033926360867675
4783579,1387844,274.5710183845177
4783580,995738,291.13178413360606
4783581,922336,529.8913374900394
4783582,931294,176.7038574256654
4783583,1789113,953.4175033026287
4783584,132407,403.94110852005895
4783585,869648,763.7835741348177
4783586,157469,199.190620391979
4783587,1799988,589.0827770557885
4783588,361710,60.05573512824136
4783589,1038355,665.7428745993168
4783590,1977447,269.4720136841725
4783591,651570,747.3170823114376
4783592,431058,594.9825927718864
4783593,434140,826.9539640197105
4783594,1099059,53.557192640477645
4783595,598855,631.0042350862788
4783596,570556,615.2214580675429
4783597,1039949,77.38272544953517
4783598,1465102,669.881846689906
4783599,1331178,926.5513375633476
4783600,1453840,653.5235253537514
4783601,105520,742.3824759503848
4783602,1012957,528.092102151378
4783603,1615650,3.8501991315065265
4783604,149056,304.46015614935
4783605,1452540,921.0916477588167
4783606,1776417,519.1479794938907
4783607,1536337,860.4171419817019
4783608,1681699,295.4575301807201
4783609,852085,11.89575892726702
4783610,1873060,907.4266854260886
4783611,172669,176.18048462140058
4783612,1397206,948.1497423092502
4783613,118898,775.2328822487865
4783614,1984531,981.9002877977143
4783615,1989169,752.3382801094956
4783616,1061659,884.3339572584257
4783617,491487,75.21772053710163
4783618,1935565,953.6668121070376
4783619,1738079,856.3875610956538
4783620,824517,648.6381724583622
4783621,225463,621.4033240091914
4783622,1579899,691.463889257461
4783623,1540575,551.022249161653
4783624,449602,185.57547219042402
4783625,1378228,519.7182473313161
4783626,462666,463.2601918399869
4783627,314994,299.35395993875704
4783628,1795574,970.4309170238696
4783629,1063421,902.3733459830617
4783630,100812,241.23507031106863
4783631,1926353,675.0036153045984
4783632,1778624,210.4958218216486
4783633,647649,733.9224951230598
4783634,1429289,636.8116546313585
4783635,1462290,667.1504017902654
4783636,833010,898.5087729749208
4783637,8959,337.2188673389583
4783638,1037845,176.38317405749814
4783639,67195,415.7455805531327
4783640,249468,238.965880306644
4783641,849399,233.3395730928195
4783642,1816154,754.0014916061109
4783643,870526,970.8010664294384
4783644,1890239,815.3769307007701
4783645,854390,418.304686034759
4783646,431205,627.115699912859
4783647,590681,301.9853530727137
4783648,1898042,619.1016720039398
4783649,89900,198.67776543087612
4783650,1747438,821.6386439608771
4783651,224433,70.75421411618198
4783652,1953640,536.483354976382
4783653,1058559,841.009429091086
4783654,1975584,749.4678873697809
4783655,1774452,310.96941652207323
4783656,1745872,100.50560766849703
4783657,972220,417.9543170623561
4783658,1412757,613.7121248536395
4783659,1188623,908.5107737575149
4783660,205445,671.8975580516955
4783661,859048,694.311886185558
4783662,1955441,766.6830394257169
4783663,1758208,532.7019693653107
4783664,350018,268.7416505515763
4783665,564723,968.0176579102695
4783666,830836,850.5175799209715
4783667,1121116,984.4364910536972
4783668,1086196,771.4229919320105
4783669,1286663,221.29664256409342
4783670,1675762,976.651002800727
4783671,1264562,691.6807711232632
4783672,331032,420.3401182000427
4783673,1975298,22.09630857937872
4783674,803660,528.1648956948353
4783675,1953564,33.89641369908147
4783676,1767007,136.30193993780216
4783677,974854,108.26390225398652
4783678,1006865,317.3816131611864
4783679,251561,392.20287311915513
4783680,272216,374.1970068360748
4783681,709583,769.6147633968194
4783682,1687725,87.47785633762439
4783683,1674295,422.52047747345614
4783684,1538375,293.6505914751394
4783685,907048,717.4170948827162
4783686,234251,866.6018053692184
4783687,1146107,348.55681055109346
4783688,1516618,37.67552934240192
4783689,1065102,413.7252958659229
4783690,1840325,594.2832782989145
4783691,1088434,915.5314740616037
4783692,1944241,137.55668348528994
4783693,625506,758.5518227449251
4783694,556693,106.16819726286685
4783695,1160718,370.30908907722204
4783696,324842,68.78012849056647
4783697,882479,130.6985702941703
4783698,697047,83.46930165760647
4783699,1221780,387.39664222648094
4783700,186043,487.89615369110237
4783701,1545500,854.9301120245606
4783702,1756532,864.4317144336122
4783703,1877186,773.6133301895826
4783704,372684,518.0493803899059
4783705,591723,239.17095562720436
4783706,1448619,559.639657184399
4783707,1738215,99.00873561562862
4783708,992089,689.8947115520092
4783709,490692,988.0874441299558
4783710,582784,892.6427582732722
4783711,1379275,393.41531020822094
4783712,1032215,837.8989506205452
4783713,1581165,797.7787716863745
4783714,504144,923.9938572114962
4783715,362445,282.3936394553591
4783716,1361881,792.9796730951355
4783717,1219105,62.79752748954293
4783718,1520966,642.782342143938
4783719,404746,574.9393285920619
4783720,570558,414.0664985043255
4783721,94718,653.7531080496564
4783722,667548,388.6974642866574
4783723,479671,477.8510838587022
4783724,1976369,352.2932035179175
4783725,923607,627.0422103032515
4783726,1353346,964.9483776860934
4783727,1334288,909.1605554187271
4783728,1135677,109.8790325236455
4783729,1219547,577.6959778363998
4783730,504157,572.5846982215404
4783731,1159367,239.45473231464888
4783732,1688323,432.2328643257758
4783733,240345,8.696152345626151
4783734,265663,674.377902851274
4783735,1773993,903.1551207513829
4783736,750944,351.9249782860211
4783737,1648078,50.37739404559471
4783738,1958128,165.59591705957632
4783739,866835,886.9024072081086
4783740,830521,285.2677233408332
4783741,1714305,570.3990488989466
4783742,1520578,979.4036378136657
4783743,1517418,123.7582578265044
4783744,1264362,325.92655908069713
4783745,1998164,96.85054747218757
4783746,276402,569.0885157309737
4783747,1892288,161.17953535105622
4783748,570258,70.9930306249833
4783749,812758,300.3725051052669
4783750,732264,447.2361084086917
4783751,654587,983.9264456194163
4783752,972153,925.4257949395717
4783753,1520270,384.485706927889
4783754,395464,575.084838099325
4783755,874712,374.9595871444092
4783756,549731,997.2465441691015
4783757,1007377,38.23597411812385
4783758,120834,117.77457954862392
4783759,1084883,259.29321637219294
4783760,1118834,736.7724054574023
4783761,1336735,837.4919383094835
4783762,1579851,834.1421186711627
4783763,1286669,793.6512021086969
4783764,1824654,262.9143480573225
4783765,1073164,410.49448382954944
4783766,1896425,518.1095795398309
4783767,966535,498.821763211328
4783768,718743,346.8236263799479
4783769,1184629,4.873868129217307
4783770,314093,278.80806330441686
4783771,1020937,347.95787020607884
4783772,150558,794.4738680259998
4783773,989269,129.2458989491053
4783774,346673,521.3038933483386
4783775,793778,979.4988699742049
4783776,760004,426.28061860005397
4783777,1697317,577.0353502274952
4783778,605546,363.88038343374154
4783779,1630062,58.27784555130222
4783780,1507123,765.2679020492196
4783781,650081,697.9131607670848
4783782,969721,792.8277699490471
4783783,1195440,685.8783132288271
4783784,1092199,65.46110289480312
4783785,911366,408.9443041823483
4783786,1212750,936.7186338984624
4783787,1750237,240.43022607029374
4783788,1273081,979.7865834490007
4783789,119917,387.853166902979
4783790,764615,970.3096473367218
4783791,492872,508.4470785682225
4783792,636123,776.0191184960557
4783793,1183013,773.7336322269157
4783794,1706508,306.9044471395561
4783795,1131631,30.442639091106226
4783796,781070,28.515990804181325
4783797,1948865,238.47177442122958
4783798,1709247,362.7375953850709
4783799,262652,911.1198215825349
4783800,745975,56.61281187213174
4783801,273378,708.8290637915289
4783802,1301267,367.77986601542176
4783803,1289133,258.8238628084304
4783804,767274,293.2986433735881
4783805,1625958,230.50225429126303
4783806,800561,367.55968707793284
4783807,1095446,714.9647867148198
4783808,1151931,645.1053173085069
4783809,1139149,458.83881559709096
4783810,70905,492.1973999076348
4783811,248174,393.1149573537682
4783812,819069,493.4904353574956
4783813,1639740,727.0015668152392
4783814,1865754,693.8299845969553
4783815,104673,786.285433483922
4783816,1466520,481.77245188566786
4783817,600295,252.43404484447484
4783818,410712,975.1598957942305
4783819,832668,626.0474655183172
4783820,1614415,364.6324728110923
4783821,1760047,924.7498392029319
4783822,1278567,297.03844221265587
4783823,300649,424.1601314557256
4783824,642849,411.86443496399926
4783825,1373914,381.79298201614944
4783826,1269395,606.5558198242638
4783827,1454349,135.73666665659468
4783828,1729992,649.1142158077423
4783829,150311,932.9479629020962
4783830,621428,938.8477753142014
4783831,1877725,302.8781569908494
4783832,1261305,277.72967084078925
4783833,1656161,174.45934806479525
4783834,927075,484.6644576790924
4783835,1851250,317.65074805908966
4783836,1222413,55.60391929243891
4783837,1585305,619.9268099294219
4783838,1085571,832.7046211213266
4783839,559212,519.6338965193868
4783840,1553910,865.6990588969071
4783841,751105,165.05760034994566
4783842,232395,409.10088976392024
4783843,1574087,967.3511399129848
4783844,520030,533.4736376942998
4783845,1777088,757.0905856952969
4783846,1698913,296.2994202125611
4783847,1499180,815.7732146491453
4783848,358254,723.9490798904727
4783849,1989546,886.5672471743328
4783850,1752742,744.5295698739459
4783851,102666,785.8691420156739
4783852,233516,443.5309270630522
4783853,342262,556.8761216662143
4783854,1579602,642.0019211256763
4783855,499583,901.6360676750667
4783856,1904464,742.320481189702
4783857,1088290,555.2256322076337
4783858,1391339,80.26976648070405
4783859,280380,363.074655262125
4783860,639775,439.78884264632103
4783861,933218,66.75659479768115
4783862,153311,586.8895203671814
4783863,965408,908.3732401740687
4783864,615336,505.31744679926516
4783865,1389194,483.8731466387844
4783866,819914,881.4165214418153
4783867,184000,827.9644232213348
4783868,830754,899.1241010865724
4783869,672638,545.6326500650172
4783870,1564518,325.3001317784631
4783871,1744755,977.4725882430107
4783872,981709,211.74831180776476
4783873,633568,148.98720553424195
4783874,359323,664.6416230632927
4783875,764304,823.4859790348362
4783876,1357126,642.529798890293
4783877,1644956,994.1521797144912
4783878,487779,417.6368341281418
4783879,1090829,521.9442385709624
4783880,604737,523.2675671713516
4783881,1206487,835.9836968557379
4783882,529353,35.3940646949914
4783883,120094,852.1241718353011
4783884,1413087,401.76018278599724
4783885,1976327,336.09280245090747
4783886,1066250,329.0629329929092
4783887,895628,773.380413232526
4783888,1216866,170.42811326002183
4783889,1221075,110.64714979317058
4783890,1005983,506.3080660787427
4783891,487739,853.1831676758636
4783892,964392,179.90043376453178
4783893,1194047,169.30051058639185
4783894,1692760,138.678358593586
4783895,479806,229.9114123376743
4783896,897877,932.4424332486644
4783897,958471,775.0180531320236
4783898,1964541,765.4244767029471
4783899,1986274,627.8895640121448
4783900,1373807,795.8808171546007
4783901,314337,251.95226880653144
4783902,1113526,906.4220685443782
4783903,335044,296.79561029047994
4783904,651730,147.30465283373573
4783905,1742874,97.22113082751538
4783906,559060,407.30510273922204
4783907,738540,54.06304852825872
4783908,225118,199.71825207904382
4783909,1110642,573.533431277407
4783910,960097,291.36366476867283
4783911,577845,514.8676315241144
4783912,1860632,451.1864384278106
4783913,1316769,44.893558572983274
4783914,1961306,914.8713955869893
4783915,1614243,272.763466089771
4783916,1471778,592.3756780034535
4783917,1714791,896.6937496493385
4783918,537450,703.7176125312674
4783919,744975,701.040586431041
4783920,538658,33.413125912175715
4783921,1897257,773.6295421817598
4783922,1577476,35.57343197113494
4783923,387142,199.7105787847664
4783924,478145,112.53353038087377
4783925,786443,377.988856800731
4783926,647556,645.1137727306144
4783927,1537346,617.3683177121167
4783928,1400675,697.8469308534584
4783929,724523,973.1599578083371
4783930,1877864,408.01832364543975
4783931,1176413,995.2085175760086
4783932,1402916,188.88237869185042
4783933,480080,525.416613877063
4783934,631979,603.2779001880807
4783935,446315,670.61546511769
4783936,362271,886.8338433944143
4783937,107761,200.0008504416697
4783938,326897,201.51680733248435
4783939,185550,949.7628417335781
4783940,1719002,785.5476742523525
4783941,252054,523.115904144931
4783942,462714,252.53645315330618
4783943,1760711,0.9383894146407501
4783944,1692631,975.7490922691625
4783945,991344,654.0117747864244
4783946,522706,984.4650734718638
4783947,1062340,138.99817204225107
4783948,748556,374.959069387631
4783949,719631,866.8420878981767
4783950,191081,554.9957774746007
4783951,1004548,401.95502081420733
4783952,1600136,2.237904299096982
4783953,1673883,908.6610023478205
4783954,755945,597.8447548482076
4783955,167765,506.0515762943206
4783956,1565809,228.4457194537046
4783957,1787160,19.790179525621898
4783958,621458,816.1691637791117
4783959,707280,409.94866972058594
4783960,125958,960.3677260522926
4783961,716425,951.7302572576208
4783962,228875,825.1779895609187
4783963,1734430,147.53072719665028
4783964,1863813,371.590992181663
4783965,1349623,893.7175906832992
4783966,355072,839.7576843082539
4783967,1906373,914.3925375817024
4783968,1395734,407.62761702558623
4783969,1417504,690.1368228724209
4783970,1470076,221.14294721945683
4783971,1206677,124.0149151366342
4783972,29666,906.9034403589252
4783973,1825433,89.27464393596519
4783974,1499430,318.38440049550877
4783975,395782,644.4292298051242
4783976,1292803,482.29582666936045
4783977,695876,469.5107787103118
4783978,1477916,609.7678459698672
4783979,377124,458.39205477555487
4783980,358619,956.1646570025687
4783981,1433715,473.94712405152484
4783982,811359,213.4770079209287
4783983,636983,896.8352022589725
4783984,839113,413.49806631321275
4783985,1648716,790.2343759652655
4783986,82769,865.2676884047534
4783987,1737755,978.308336567431
4783988,1074324,285.10600952920083
4783989,18202,634.6140244653621
4783990,518399,702.8693297400597
4783991,1872438,252.15632414915868
4783992,42217,421.518768945468
4783993,180534,954.0844374309556
4783994,441898,784.9712493994916
4783995,1299614,818.5502739319124
4783996,1179719,565.8479299765379
4783997,1621585,599.179209427747
4783998,1613630,532.3460190217571
4783999,488827,506.11046168678365
4784000,1907052,531.6726678294382
4784001,16946,429.1627436490044
4784002,1239551,611.7064140120915
4784003,1459887,362.60879296169537
4784004,1499599,438.66687429129223
4784005,1647324,861.5229146010631
4784006,1221029,82.75062642432962
4784007,518607,911.8863614612336
4784008,1432416,681.8069382881785
4784009,145509,442.2978989865953
4784010,1338511,308.71676213286224
4784011,589950,22.898212839850054
4784012,1214317,970.3627599652694
4784013,345372,324.08640265596114
4784014,1305107,881.6626955977613
4784015,376799,422.0610337956538
4784016,685139,761.8449649719561
4784017,556839,902.6984669722117
4784018,329509,263.7430486505398
4784019,760924,336.313862078903
4784020,1820574,146.71826934987266
4784021,1873744,442.6532381799916
4784022,1870158,708.3428574332029
4784023,1302757,744.4750765623435
4784024,1018564,530.6624883624775
4784025,734437,665.7408752956007
4784026,634615,55.095004962907645
4784027,1305634,240.32960389355017
4784028,1780946,748.4369822212001
4784029,1016523,792.412120514135
4784030,673706,756.9242693221133
4784031,561250,391.9299330541971
4784032,548662,142.8175990149635
4784033,554174,112.30067014163747
4784034,524218,962.9519497818177
4784035,960035,467.13011322613886
4784036,1519849,541.2385077848971
4784037,1621839,1.218881407421324
4784038,12706,127.29151824907292
4784039,1815871,58.72536902758374
4784040,143894,483.4583666232799
4784041,240161,910.009575522048
4784042,1100415,105.77097369139432
4784043,1482423,806.7691832165826
4784044,464195,748.5616349559851
4784045,563826,165.4127490073406
4784046,941099,28.510694725383033
4784047,204627,153.03563525072096
4784048,1437768,98.69734645614913
4784049,1124937,874.6257381256455
4784050,1261735,605.3401817283424
4784051,1708964,397.1318474306338
4784052,912080,662.1513244219028
4784053,1462299,906.3828492145009
4784054,145539,255.60077277862382
4784055,524485,918.0209035142344
4784056,1552104,455.57282499399435
4784057,84115,289.5014824466615
4784058,418369,704.1415664204803
4784059,244049,556.5111531392758
4784060,1600935,740.347047832724
4784061,1429242,380.95402432776416
4784062,679885,28.729620470969053
4784063,1214094,391.10800516910183
4784064,1750415,97.76439425175288
4784065,723685,829.2974493001045
4784066,735898,220.67645269341085
4784067,1474651,256.026534444179
4784068,348329,451.4956792324636
4784069,72797,297.45658693485746
4784070,979749,562.2050128552036
4784071,419422,217.24064555804645
4784072,832590,887.1565067004997
4784073,1793633,325.96302144461976
4784074,1656080,2.941183050691354
4784075,27527,313.6731429007571
4784076,1246569,799.8456692090981
4784077,1112415,756.5918403208876
4784078,1302384,582.3657072283075
4784079,1875599,244.47736113900842
4784080,1893388,657.6975259256067
4784081,612430,515.3355229217892
4784082,1512428,346.98092416962436
4784083,405714,840.2666136701868
4784084,432685,139.12598870700754
4784085,162134,77.92262303745801
4784086,139419,236.5069534927503
4784087,1474250,804.6637714323575
4784088,1346904,137.1201580821102
4784089,1016334,580.7365081120378
4784090,771994,295.3322821381772
4784091,650732,759.8802910251026
4784092,1192068,17.591136384788044
4784093,522220,658.4636806481699
4784094,1280866,979.4384975723885
4784095,435392,547.345816259588
4784096,1558773,946.8965591200244
4784097,371281,21.350274275551474
4784098,337184,759.1787031630386
4784099,844314,640.999523736436
4784100,640821,968.9708600173719
4784101,218489,639.0950139711588
4784102,1916914,105.49459304008768
4784103,1992739,487.24923407748076
4784104,743232,611.7315081861016
4784105,246316,164.9753324492831
4784106,747940,263.77718052097623
4784107,751288,195.98550784539648
4784108,1870053,635.9872602403766
4784109,345742,989.8361188005533
4784110,1730564,298.1477319318788
4784111,724570,242.13178252625823
4784112,132045,604.1161070461106
4784113,1077475,940.4466265707674
4784114,1196723,896.5733976077634
4784115,229851,717.199241395349
4784116,1235952,96.84767150146156
4784117,573893,342.69863207798136
4784118,620493,223.26507937076522
4784119,1218425,865.4255867375451
4784120,1697304,952.4214586004584
4784121,1434491,757.829319264589
4784122,1407984,907.253056015088
4784123,1894624,980.7497021770488
4784124,1384754,381.6554273522216
4784125,288147,598.1288410900294
4784126,1672073,98.86458110349028
4784127,254422,443.01470575962355
4784128,317837,669.0507890076682
4784129,826530,829.2189764229099
4784130,381340,533.9752917122756
4784131,256206,707.265357957816
4784132,751870,654.6645370060866
4784133,733894,382.1341263034045
4784134,1596634,717.357956261477
4784135,1014790,373.9456078541713
4784136,1770364,81.12350460347561
4784137,1478787,644.1403275895892
4784138,1397257,315.85671636744286
4784139,240397,965.8380610776547
4784140,1146858,710.9414350947947
4784141,519498,158.16014819710344
4784142,1304228,932.9255422375824
4784143,305460,161.13951244398461
4784144,712606,612.8928688764977
4784145,1873399,518.8590922298317
4784146,436772,838.1838565925517
4784147,388415,249.46345861659637
4784148,1749925,834.0227206109356
4784149,1766341,644.9786726197644
4784150,440311,787.8198576248831
4784151,747347,985.387255171627
4784152,1599948,565.1495442256776
4784153,1462907,992.5271058709789
4784154,1005627,315.4541021904692
4784155,1692872,726.7696918727719
4784156,1998637,481.2427340978327
4784157,1212448,122.53963658783628
4784158,1654530,654.0081302438739
4784159,1614399,112.03451526119146
4784160,440250,663.273029943425
4784161,1468806,401.2302334563259
4784162,239792,42.57245228962814
4784163,1390832,354.4233632367909
4784164,1151272,980.6778413962832
4784165,790601,685.8682850397621
4784166,1020485,53.533635875923856
4784167,1797956,487.8680664505159
4784168,912878,941.7433730803502
4784169,390216,322.1602664983045
4784170,760048,248.7813896625368
4784171,425052,689.9183450051981
4784172,906795,543.8708151112897
4784173,1712829,842.8447278661768
4784174,514122,836.6769761269986
4784175,1333318,64.67142583481422
4784176,1121707,409.0717906061753
4784177,972802,68.49800913906412
4784178,129574,611.0115282734822
4784179,1257029,817.1651545616674
4784180,162833,807.8689246354827
4784181,1885289,82.01571552191645
4784182,619403,947.2818277159352
4784183,921540,577.0865594582256
4784184,640919,161.39929801123742
4784185,1678270,365.07209456290093
4784186,188875,608.0706250899441
4784187,1446751,700.8478844190947
4784188,927224,596.6145990108258
4784189,1853669,363.0126749422724
4784190,1773877,471.45870751936656
4784191,1681302,198.07336875168048
4784192,593015,789.7993858277814
4784193,812015,306.91399777661985
4784194,1008130,830.3219830541266
4784195,977383,254.06566092406658
4784196,300919,65.09728714671226
4784197,517076,775.8194562940893
4784198,1358206,322.0187018373163
4784199,1634905,803.9702738388382
4784200,1121928,694.2809421347458
4784201,1465732,711.3962522166793
4784202,1083798,492.57287876823153
4784203,1006688,729.3800137899256
4784204,353956,365.74343117204023
4784205,1801480,886.9788652459546
4784206,1267915,72.06938889622639
4784207,467142,356.76541042216826
4784208,912625,300.0925548948857
4784209,1165121,386.79677312099125
4784210,1432527,704.9935774088689
4784211,725956,663.7549730244928
4784212,1728578,477.08602934094347
4784213,1436484,852.2355995045461
4784214,1150730,142.12963672310443
4784215,1856768,795.326381527311
4784216,1389399,819.3923701507459
4784217,183638,511.9772121490912
4784218,891229,697.6637262030711
4784219,491916,409.60117498725765
4784220,247649,749.6447009450794
4784221,1249375,135.7066648731713
4784222,1937263,616.6885142126492
4784223,1168832,620.4436817987213
4784224,1452189,860.0788346832186
4784225,892082,79.41807149302637
4784226,741251,370.7089662875097
4784227,341450,808.2438907697709
4784228,1615937,495.2946111018513
4784229,725067,212.9771657168602
4784230,227509,312.5926210332044
4784231,1039331,244.76144656543408
4784232,40768,462.8593169643459
4784233,1535758,345.2511233935039
4784234,332860,280.19011720609035
4784235,435470,186.07954152733762
4784236,947973,529.5412324794827
4784237,1228173,97.09228096302824
4784238,1280169,434.1182414371504
4784239,872280,742.4383875686915
4784240,282677,567.2785836794347
4784241,693953,610.939427674142
4784242,303013,545.8611422467982
4784243,1128088,449.3556743121938
4784244,1959279,815.5283201864817
4784245,1679310,268.02644616110626
4784246,399285,476.76008400149175
4784247,539695,793.5440307639933
4784248,928398,422.9279677728893
4784249,735810,710.1651783634941
4784250,180600,706.6255865772315
4784251,1610056,119.9862409304383
4784252,1704300,231.91939624015768
4784253,933961,527.0279025295296
4784254,1050129,946.7025588765084
4784255,158614,657.3227574605696
4784256,1148740,983.0349170665042
4784257,1390824,890.1772028961803
4784258,688362,496.03552754000305
4784259,774849,131.0102021780869
4784260,1836375,970.268167098906
4784261,321470,877.2344993640628
4784262,793015,264.2332880182853
4784263,649624,119.05096323293863
4784264,1289955,365.329326441296
4784265,1508815,939.6585205915419
4784266,782041,833.6528357872781
4784267,1829226,12.862155611568117
4784268,685134,241.6302000659437
4784269,1532642,999.028571507606
4784270,874727,553.5178961421093
4784271,983973,576.3506693805297
4784272,583565,869.5389252821358
4784273,1796542,49.570688867150324
4784274,207589,530.9150312101351
4784275,1816345,423.18592077278606
4784276,749927,350.75019191989855
4784277,1079405,765.6018634227574
4784278,1609102,917.4410924039555
4784279,453692,113.96611871995854
4784280,1534390,87.23179492572153
4784281,425341,50.14120306796177
4784282,39051,125.26081331960003
4784283,1283041,124.46734513030633
4784284,1722022,513.9166309780047
4784285,366779,208.00701415754386
4784286,15930,376.8405915732404
4784287,1030528,542.6117674231215
4784288,698868,279.19154602948623
4784289,1294455,142.5393518445177
4784290,614378,981.8829364213872
4784291,156787,426.98514949078236
4784292,1871537,530.8672061609983
4784293,1782083,659.6574425982602
4784294,487321,942.993203532967
4784295,33715,303.68020951465337
4784296,443247,979.3867619178881
4784297,300958,587.2027323927279
4784298,1454064,433.9042779091289
4784299,1925272,312.1252501869931
4784300,841220,668.2923273970392
4784301,932905,332.9877398068568
4784302,1850701,33.81846685917622
4784303,758417,595.3200364690083
4784304,1321900,584.7854731137897
4784305,21207,199.86078791583907
4784306,996400,875.1826302304013
4784307,1254719,297.1429404117405
4784308,366629,222.79936804717715
4784309,1818222,785.6777157944014
4784310,149002,149.96920134596868
4784311,774503,791.8735711891944
4784312,134593,366.14114657647525
4784313,1884505,907.4709578362847
4784314,1915447,25.350809537306063
4784315,961927,902.1465439938041
4784316,385388,942.6065221804434
4784317,325941,386.1814803542003
4784318,1174833,323.6606755811393
4784319,424258,840.5981219129401
4784320,709211,893.2087957140238
4784321,1782399,70.54695155327062
4784322,1795935,386.8116653442664
4784323,546672,920.3323018805842
4784324,874462,248.7813161110567
4784325,974822,368.0522889695417
4784326,1988303,997.5329151508929
4784327,1904317,566.2934921983513
4784328,445781,202.8345241725511
4784329,1845950,22.05590117355005
4784330,1619494,93.33485549299614
4784331,1540378,193.01038476278563
4784332,549824,623.3044884822722
4784333,1683080,842.7461678954467
4784334,312159,910.9667817634682
4784335,157985,616.5310700463165
4784336,1815498,142.88653112445516
4784337,459310,976.1529323928067
4784338,667814,217.3566023654413
4784339,779971,487.80432683129436
4784340,545901,211.67857924088452
4784341,432300,6.802447788837651
4784342,226568,648.1112212430143
4784343,942927,115.1358408313038
4784344,1533646,796.5921437271206
4784345,931142,209.26663529761348
4784346,833275,855.1368308046347
4784347,1603682,489.1001116487911
4784348,726546,920.3104009839846
4784349,1438822,771.0836970433863
4784350,439018,797.4498546072313
4784351,298559,540.5178623375169
4784352,1866027,761.0782982445461
4784353,1403589,617.3522892352634
4784354,1993040,377.44438949164004
4784355,1321877,10.083479339522805
4784356,1335534,111.02792368223535
4784357,691777,283.5464454844996
4784358,113605,503.7690237242847
4784359,1430855,608.156147480815
4784360,1459934,589.5347271222165
4784361,1642661,28.858388517787546
4784362,1312112,406.6153883706647
4784363,1916382,45.75043451695082
4784364,1290733,825.8839579346269
4784365,194408,102.69786926377378
4784366,835823,314.7103756623719
4784367,1568332,585.1470237482812
4784368,588185,279.4837789674888
4784369,1859973,427.0777676456683
4784370,152262,378.6981927422004
4784371,564000,698.2569268782723
4784372,158451,498.61472423964926
4784373,1303173,301.5482714351771
4784374,944299,505.6074449558301
4784375,604799,568.3342205975894
4784376,468017,386.21569202603314
4784377,1405912,572.174886154744
4784378,1796693,809.035426648211
4784379,1500617,587.6704165507364
4784380,1485964,432.6704721407094
4784381,522571,866.8003860190222
4784382,835174,552.8220591873389
4784383,1950945,48.00062098351931
4784384,1454909,265.8043774539833
4784385,651160,803.8637652534948
4784386,926717,35.292714964147095
4784387,659218,570.7290708477454
4784388,859420,552.1098875884949
4784389,383651,451.957509166093
4784390,1633250,30.922502550147946
4784391,604949,588.1691129690481
4784392,495965,946.3695934499509
4784393,1909325,101.50346054981429
4784394,1043159,803.2815177894287
4784395,1267127,767.9141782940512
4784396,1701105,734.3596359645766
4784397,68713,851.2913779942633
4784398,657024,984.5880552417904
4784399,1874592,628.2181452608784
4784400,1630590,444.6065408833135
4784401,1753172,905.1002857845514
4784402,554103,987.2260102812713
4784403,222903,665.2507508317818
4784404,558761,220.52786688887983
4784405,440106,280.06199833865344
4784406,664857,16.18699005419888
4784407,818345,796.069164614008
4784408,1348020,984.2041400742082
4784409,1841560,638.3407336665017
4784410,1716444,489.3471496245383
4784411,1150902,61.368480732674314
4784412,800399,536.410511491875
4784413,92050,773.1998161176664
4784414,1590945,276.07469553800803
4784415,1351583,273.6211175190861
4784416,449904,763.1192019182157
4784417,1291139,395.0464859931986
4784418,1443190,721.1681391061956
4784419,2783,198.89685834895076
4784420,842057,531.9481718590614
4784421,1387649,580.4620677042939
4784422,980599,693.5314712098186
4784423,962989,166.44685020237338
4784424,239057,340.15152292157035
4784425,1642449,701.2250594602259
4784426,1991948,77.42815252105694
4784427,1230390,470.49481887549837
4784428,170840,278.11302005935835
4784429,1546670,889.9938667543461
4784430,918437,641.5152179293657
4784431,1771493,775.7064977069392
4784432,386090,587.9437561798712
4784433,385515,242.43003143214915
4784434,173057,850.6107113293507
4784435,1956125,955.8724476895452
4784436,1067523,933.5742826890839
4784437,238887,296.31038507479514
4784438,1915482,970.2641341100717
4784439,181371,429.12799648490517
4784440,395681,177.50769166926327
4784441,1365228,597.9644754673113
4784442,515273,952.3726146660756
4784443,1324695,780.5733814271722
4784444,705510,127.1609852379042
4784445,975446,471.8522381669298
4784446,135013,711.9241484493538
4784447,1976156,172.59923170286962
4784448,1731269,479.6676607075432
4784449,1819429,835.9188145691355
4784450,1607812,498.8894888547911
4784451,658597,194.08966795056403
4784452,1759217,142.23017557967665
4784453,975044,567.5537072231263
4784454,141495,301.2924579408024
4784455,1382449,948.3331917882622
4784456,1461471,770.9128237835747
4784457,1332678,910.224510591966
4784458,947985,599.4332523262818
4784459,514807,94.89240292517198
4784460,987992,320.3751264926804
4784461,1010465,135.08841542327565
4784462,1110238,346.0469801400343
4784463,322263,828.78661589614
4784464,70214,994.6097327273176
4784465,992083,739.3373484503697
4784466,1141949,107.22050887956969
4784467,346581,820.2703808214213
4784468,1464038,233.85366589730538
4784469,1549854,615.5636594999573
4784470,1496088,726.7449670747013
4784471,348245,296.93352654978776
4784472,398677,299.80318220205703
4784473,1363051,932.5644256289619
4784474,503678,501.5229488332572
4784475,1345062,954.0167853206491
4784476,932234,346.90854038449856
4784477,1761291,998.6367905318098
4784478,815420,720.3179650369913
4784479,936217,995.0041619162286
4784480,703096,414.7895356998681
4784481,1202194,144.64448627263383
4784482,1665406,805.0246491144514
4784483,245513,556.8613850527568
4784484,1689852,291.36407062338344
4784485,1789392,239.9201724690907
4784486,373954,103.33426760861254
4784487,1659412,640.8417394461552
4784488,1786790,61.54682573520365
4784489,978475,296.66708339814784
4784490,1213474,383.52729933539933
4784491,996348,938.2899297287349
4784492,479898,45.14605946352679
4784493,1705961,132.01334965708435
4784494,1684878,473.2888326921563
4784495,216388,705.4388615554582
4784496,1554163,574.383167808911
4784497,777845,546.6804024452358
4784498,1523726,385.1812784956491
4784499,1978528,491.4407910214145
4784500,23571,44.82647333493106
4784501,1192317,775.8366118604702
4784502,497779,958.4694911509488
4784503,1590489,112.74313820212234
4784504,21348,132.53915702848784
4784505,1813494,470.45354794889215
4784506,1744932,59.5589696749419
4784507,812657,320.22591050527285
4784508,1758143,709.9698601143275
4784509,1922163,450.9726352034775
4784510,1928553,916.0253056037486
4784511,91846,324.70200033552345
4784512,529483,600.2549812437001
4784513,1811070,408.87893847183085
4784514,696840,851.3134172841669
4784515,1541139,280.2279942975373
4784516,1076632,655.0718802196452
4784517,96038,530.4426256947689
4784518,1291071,110.94694620214906
4784519,812859,472.0500815368851
4784520,1166283,470.5527904329602
4784521,856855,397.4267605371595
4784522,1834108,395.53162690427814
4784523,1045965,528.9284963926327
4784524,1552929,649.867155162671
4784525,798047,595.6085444173458
4784526,533794,463.5941494014079
4784527,904601,797.640347601552
4784528,1059418,856.5612223915368
4784529,1433669,232.60643380647295
4784530,1873454,597.9136612515351
4784531,600887,799.4725542720977
4784532,652099,901.5586827115214
4784533,824623,73.7574373111154
4784534,696528,972.4137967739526
4784535,344461,553.5489507697105
4784536,711322,86.31309085090011
4784537,1891175,284.44663220226727
4784538,1402255,706.8210275379593
4784539,69847,951.8655933288109
4784540,225702,43.208410567482815
4784541,818428,576.9690748167018
4784542,1111239,835.7839867996277
4784543,467274,298.03267203938213
4784544,1826766,327.1582400838562
4784545,1184842,53.4177218332712
4784546,226037,139.55480298846078
4784547,1725593,763.0222127291082
4784548,1772858,998.1590492934929
4784549,1832881,560.8080465261897
4784550,384312,838.9875136905757
4784551,1749318,453.19890749255444
4784552,215660,327.5223171162347
4784553,1741151,60.8678462871326
4784554,1371035,244.1906340844886
4784555,178313,589.271762797473
4784556,442583,4.488110310631455
4784557,1158346,76.44184220507744
4784558,1657058,882.9218664022362
4784559,1812285,105.90693741824408
4784560,220498,620.6246279679415
4784561,865482,250.32712543362123
4784562,1208985,972.970579051349
4784563,241499,729.78112118394
4784564,379602,324.13274026448227
4784565,1520113,532.9823218504139
4784566,1522053,521.5572163251184
4784567,735547,450.44843253377667
4784568,657202,243.1218304156192
4784569,295090,556.6140788162268
4784570,1062965,100.79359964399347
4784571,1174212,499.94206747151594
4784572,733063,158.70608162124867
4784573,41954,461.4927779215077
4784574,62033,649.9411319105463
4784575,1192540,388.8833127767783
4784576,1499099,597.2919957124575
4784577,1356732,602.9350128770228
4784578,474604,72.92644804070636
4784579,1928102,514.6728750906786
4784580,1618749,487.72871326187663
4784581,1614658,825.2220740783454
4784582,1442533,531.4436046033564
4784583,252484,201.85213887576415
4784584,534700,925.3764941772979
4784585,1531137,684.0775499478668
4784586,1669953,660.8578322462027
4784587,583967,301.5761015900985
4784588,608529,443.2359661844061
4784589,769679,687.2302667053433
4784590,1951595,292.99176731169496
4784591,400122,370.9689946068843
4784592,1970985,792.6020484174368
4784593,63454,732.7428139522506
4784594,565953,549.5514765229804
4784595,1674972,227.53158706328037
4784596,282434,303.54298533088064
4784597,699656,645.9627813617142
4784598,1231308,329.0710986783607
4784599,1904941,509.1327374837052
4784600,335142,390.8909524628519
4784601,340657,615.7862593985604
4784602,1652005,269.18397471147847
4784603,1395725,129.56455986836434
4784604,1448933,657.1324911488258
4784605,400737,873.0145061832555
4784606,1609924,212.63635072176368
4784607,450035,683.623587056663
4784608,1636260,95.49045634785558
4784609,1713118,573.4075947094993
4784610,1238241,675.6908321097112
4784611,1294571,488.51334869720273
4784612,385665,618.6094268937992
4784613,738711,929.8655475594026
4784614,1933315,781.9641454869906
4784615,880657,37.26343632711826
4784616,1092435,140.68043561797472
4784617,1629755,643.9256394378622
4784618,1777957,864.1107977197092
4784619,346400,758.1234604399967
4784620,843108,109.67313297089699
4784621,1502090,915.7800509708574
4784622,1071269,614.2594215011767
4784623,1925641,85.8716826938537
4784624,479164,353.34327763176134
4784625,1381895,308.73332417379163
4784626,160357,695.1538463668168
4784627,38798,553.6219563030446
4784628,866069,789.4836548986915
4784629,1908001,610.2647608249574
4784630,152422,546.1497843455045
4784631,579642,122.51805979413555
4784632,1854883,293.39136480629
4784633,1658734,201.9794112920199
4784634,1312254,562.5391110318249
4784635,475938,918.5906346438776
4784636,1762900,969.9849590054196
4784637,1557617,518.9843215678234
4784638,1315036,458.83677764154254
4784639,1569825,705.5390175260461
4784640,1371018,546.4029450815325
4784641,1876261,558.4744118162639
4784642,1077103,510.4775359559909
4784643,339421,764.4353098349668
4784644,988375,996.4325978784226
4784645,108765,255.1862962685929
4784646,1582299,4.71254326965187
4784647,1464726,266.5081491699466
4784648,399027,994.1822647909347
4784649,737883,547.7484852307282
4784650,1874893,763.9758613684631
4784651,1905714,798.5923416248634
4784652,772015,515.7653897689306
4784653,1893076,641.3740112456275
4784654,743197,994.7023966806762
4784655,742104,471.97188954314953
4784656,131175,337.35586539766473
4784657,1004663,811.5399059822265
4784658,332912,331.30890213478483
4784659,1348979,511.7858221977396
4784660,884962,653.936360781684
4784661,309657,349.5400250566744
4784662,608514,875.6820556194484
4784663,1769966,655.5995565877805
4784664,1207851,835.4995256833582
4784665,298223,866.2904285133652
4784666,746846,174.72813448618686
4784667,521337,456.2475151506632
4784668,1331838,83.09022522188137
4784669,1885776,34.32605930370314
4784670,1160098,679.4111005707255
4784671,999363,372.46125017901954
4784672,1744779,542.1504059489127
4784673,1350005,435.19479560316734
4784674,47804,202.33809128671766
4784675,562751,715.3677954552969
4784676,1816625,504.8503582452788
4784677,953273,223.39967358271696
4784678,1307568,583.3346608362602
4784679,1572448,672.2633110766166
4784680,564318,932.4963565741124
4784681,1307994,830.7360213182475
4784682,267856,183.58463472956555
4784683,580061,751.1373523433037
4784684,574536,927.2114261855577
4784685,47670,916.3150574982158
4784686,969346,958.7924717158419
4784687,1300942,594.5137146486654
4784688,1151411,762.2466288779904
4784689,1029263,217.76109782332333
4784690,870399,710.458482114124
4784691,940045,56.58156369564793
4784692,311984,431.48328096415867
4784693,283849,878.0147598961964
4784694,265999,681.7404416986462
4784695,223543,865.4799955103425
4784696,1638103,20.199692463600094
4784697,546471,209.86982160119362
4784698,563406,950.5079034478098
4784699,665897,390.531198512497
4784700,493461,858.4199568781465
4784701,165204,908.1028912223356
4784702,1788284,331.31504310925794
4784703,1813924,998.960461436544
4784704,1461325,309.0016694911204
4784705,1945555,513.9604580575019
4784706,1407751,972.5374886778355
4784707,1323673,927.5311172292061
4784708,1580235,128.34736875543817
4784709,1123284,86.72879832006109
4784710,648651,117.67469388620322
4784711,455871,453.750798701706
4784712,1578322,857.5665242500872
4784713,1246435,587.7756393853448
4784714,1801664,93.657010448019
4784715,1390306,781.8902516271812
4784716,1275571,239.3647248165678
4784717,11283,548.2974011197851
4784718,447878,275.9774259726412
4784719,1621786,846.7428656031415
4784720,876463,550.5381098218436
4784721,1494731,525.2927436562641
4784722,516375,351.8507831497839
4784723,1633505,608.7835410339833
4784724,677742,854.3253905314216
4784725,160231,317.31208528653764
4784726,189713,461.7885583080519
4784727,1799479,586.8275834812241
4784728,1597088,916.3721427021133
4784729,12570,634.802127660943
4784730,122144,999.8628589552098
4784731,1506730,85.8636596356499
4784732,287416,291.05451908195437
4784733,1211995,822.7656986019899
4784734,1405186,479.81234493187765
4784735,971362,124.62368697018422
4784736,1902468,102.18118149580458
4784737,1496707,424.51711128885563
4784738,1108677,122.04633489720929
4784739,1623166,798.5242107097203
4784740,427268,798.1183951653709
4784741,428558,361.3256914589845
4784742,7821,190.56094120809374
4784743,127635,97.42640223679456
4784744,774317,538.9786938673194
4784745,366424,960.5596000602515
4784746,227404,501.68165108277
4784747,1637367,586.7672365042209
4784748,1098032,460.70511027612037
4784749,1504191,693.716891258293
4784750,1730519,587.1547458362047
4784751,381035,584.7568149463023
4784752,944260,571.2251556373161
4784753,747549,272.06780981356394
4784754,423468,647.4506050493551
4784755,1987408,286.86761364547965
4784756,660004,829.0324241328987
4784757,1003626,786.4184237340077
4784758,1150570,519.031654991815
4784759,1761925,466.6318285020026
4784760,700094,85.23921403582713
4784761,970852,851.1158640818487
4784762,1555375,814.8519613026721
4784763,761597,750.3166531123442
4784764,729386,34.78885878287341
4784765,722853,802.1780111963641
4784766,1868925,167.49343261231786
4784767,1178724,854.6535790278652
4784768,1893034,210.77467145530315
4784769,1127006,375.1844732562031
4784770,1572963,41.09368215121667
4784771,1326307,464.5013857554826
4784772,1003306,89.75971902858315
4784773,1100444,600.3008222208108
4784774,662667,590.8221701190392
4784775,895066,175.83342439244421
4784776,1276092,488.59919833993825
4784777,454324,792.6810254964901
4784778,192359,741.2425728588736
4784779,858373,308.220876497061
4784780,1539115,865.9634128930811
4784781,1502618,853.5739103612801
4784782,1201013,329.24044023002716
4784783,1321820,746.4234146875984
4784784,193814,522.3415539074654
4784785,675830,152.53693467867868
4784786,853371,811.7631478814469
4784787,444811,734.9641900496338
4784788,386516,340.3213671108529
4784789,1530124,286.74881002208895
4784790,875083,252.81990374635143
4784791,1165949,672.401226110717
4784792,1871460,813.1812527678918
4784793,206187,567.608599979759
4784794,1781759,727.0397982780681
4784795,1611508,771.3639464086208
4784796,425838,445.34598517894096
4784797,775419,297.89743393967336
4784798,1541018,855.3842740935565
4784799,1674992,760.7584854586712
4784800,1725443,363.83958932036876
4784801,383168,332.8556662290005
4784802,160369,805.3939206028725
4784803,690534,945.811466092918
4784804,1555680,475.06544959847406
4784805,1118741,318.1104506243335
4784806,1112471,769.9382495977089
4784807,736136,859.5609753362888
4784808,220969,991.2238676273897
4784809,1814385,771.781395090291
4784810,557954,775.7119921852649
4784811,1583121,712.5903615016348
4784812,145968,245.40403955163447
4784813,1882276,515.0065340759139
4784814,637517,177.85884736071932
4784815,1466682,294.7496609422685
4784816,1700655,152.86376679668712
4784817,1234329,885.7942765898005
4784818,1435712,70.61900993746129
4784819,620174,301.59164092237853
4784820,1968520,458.2369072052903
4784821,1352724,695.5216119695294
4784822,645149,929.2697841653884
4784823,404249,321.650991282427
4784824,288906,34.38524377412677
4784825,741107,5.562804212332129
4784826,211004,365.2698289393209
4784827,523939,112.3829602587143
4784828,61395,680.677182040334
4784829,1636203,943.3567425835466
4784830,881569,938.1392827667158
4784831,1795035,227.5761943080059
4784832,1684436,983.2368490110929
4784833,1349852,643.60315312262
4784834,1997540,444.55421826537236
4784835,621089,700.8516939787035
4784836,420233,902.4383499945009
4784837,1618788,337.1812613940769
4784838,1927365,49.25669164731872
4784839,581195,224.6042373153314
4784840,1612355,362.8871616416582
4784841,1259471,28.568621349429502
4784842,1301081,339.357160941844
4784843,127951,68.27095410786232
4784844,163874,829.6188137432191
4784845,1024188,383.17747014856553
4784846,753214,649.2332283079032
4784847,1937967,151.7123227510231
4784848,1209903,666.282071669243
4784849,326167,363.49300377737484
4784850,294086,125.09323478474855
4784851,686776,995.7156055228264
4784852,1075769,494.1183176532733
4784853,1650861,702.7260812999675
4784854,1697883,895.1425604955872
4784855,1200437,378.95815726151073
4784856,1226557,761.938420453358
4784857,212185,309.02116154877547
4784858,1858444,982.5524479172683
4784859,945607,566.1735499590005
4784860,193131,448.46648459788264
4784861,717436,904.0857870228498
4784862,489703,250.8620048046094
4784863,493062,183.85400718964164
4784864,245405,507.73628505005973
4784865,440694,430.8696850537621
4784866,526343,332.98762722639253
4784867,245099,28.35113690321056
4784868,220404,830.1964009668163
4784869,585730,667.5429108246885
4784870,202285,330.4404624181324
4784871,1855744,764.937602206091
4784872,640127,512.233110559364
4784873,1255277,756.3980236560499
4784874,1781343,342.7946924237268
4784875,620234,182.6260134470169
4784876,1211305,398.8728607389328
4784877,559046,870.0648279908075
4784878,358392,735.948794456673
4784879,1938367,72.2266814328637
4784880,1681226,572.9485446863429
4784881,606972,338.8387701949025
4784882,1788027,984.6625379427754
4784883,158676,4.88131324297425
4784884,99288,48.73798154761122
4784885,1574723,254.66339452271382
4784886,634175,231.39494265664385
4784887,1391829,107.0442589640841
4784888,1883917,929.9771636742498
4784889,866302,819.3598113944687
4784890,514400,326.09580773704704
4784891,1211680,36.02770794881327
4784892,539702,957.6235284116497
4784893,645618,658.4694799914224
4784894,1507774,260.9292222256987
4784895,195805,242.38360544956117
4784896,1068997,201.28083580818844
4784897,851068,373.6954878301685
4784898,165187,444.0199582048462
4784899,1338039,581.0367560377813
4784900,68360,79.02056315225082
4784901,1083953,754.5790765573181
4784902,55988,889.6221843415057
4784903,868232,780.048640002527
4784904,1733509,0.7620703378592442
4784905,1837535,401.2858462046338
4784906,333355,768.2398621743915
4784907,1223960,381.81461349069724
4784908,242543,240.70434506801718
4784909,1215383,57.306733141199494
4784910,1363576,172.71377141601718
4784911,182078,645.5067456898258
4784912,1796367,279.90377905210914
4784913,506495,889.9014092460742
4784914,813318,907.9747640030757
4784915,1790611,868.9413631681695
4784916,576980,583.5587172359303
4784917,994617,648.7819918766405
4784918,1320969,527.6708464975646
4784919,331962,394.97796612916915
4784920,467550,927.4316357230646
4784921,1027780,468.8432786210793
4784922,1999002,485.4192416940262
4784923,423571,790.4599757457369
4784924,753735,12.974227888645995
4784925,955287,304.0458841053808
4784926,1169396,656.5865729543235
4784927,1819640,868.6239136222387
4784928,651346,764.6827305348435
4784929,94330,76.79504794283199
4784930,397139,879.5637107205067
4784931,379388,762.365627043273
4784932,718491,355.4573990944799
4784933,989784,269.60247139302606
4784934,1080526,824.8296559052751
4784935,1356911,14.61825413772344
4784936,1480025,118.36563579474824
4784937,585730,656.600070958829
4784938,726169,468.8824424343697
4784939,1124156,335.20623103878967
4784940,584093,587.0245369378581
4784941,578539,959.6182730791018
4784942,64880,481.19045171586214
4784943,852191,671.4899836787898
4784944,1103632,61.552795481795265
4784945,1536734,611.5962142231717
4784946,1677558,935.7359858996882
4784947,1227884,600.6924624842651
4784948,1864108,268.2151396312429
4784949,697967,125.41116880493475
4784950,1532726,652.0513986826751
4784951,1473405,994.6187039011021
4784952,375693,306.92070321951394
4784953,1344764,937.6266954436735
4784954,517905,72.74902672082007
4784955,1125129,127.24403277904794
4784956,996491,567.2044999903378
4784957,1497544,46.23978114544502
4784958,980685,872.3850240314543
4784959,1956273,667.6276068917525
4784960,870950,274.7559407294752
4784961,1592340,641.8432834623746
4784962,906198,513.5786490464711
4784963,1570903,417.3997839998047
4784964,1614429,9.221286932296845
4784965,801381,104.50339202064785
4784966,451634,501.0096587290652
4784967,911627,150.91595094588095
4784968,101100,629.6728456531434
4784969,832513,562.5755399330441
4784970,1075995,381.3192733729498
4784971,1903767,448.5080014940288
4784972,428092,111.59718965736909
4784973,1848459,75.67533983666708
4784974,279599,744.9775732577222
4784975,332081,692.2975835269499
4784976,1932641,504.4244081954352
4784977,1245124,20.687168583227166
4784978,744779,756.7078806293234
4784979,971971,816.434277462875
4784980,1835460,395.2452266275326
4784981,616679,29.47302722621248
4784982,1203711,12.500380285162759
4784983,1526240,929.2286056953224
4784984,1946602,809.5779588581872
4784985,456743,749.2494236591223
4784986,1771810,587.5508154657987
4784987,1553485,257.57094437927594
4784988,1723220,836.2374056665373
4784989,1611086,90.85284768607261
4784990,1041535,998.7628109586244
4784991,1634835,724.999526309102
4784992,628317,993.4593503549476
4784993,1333232,873.1869241605954
4784994,338458,529.1161634215824
4784995,916463,786.4577524568907
4784996,403851,873.6663486246983
4784997,1281022,363.1232360609056
4784998,1839110,421.88675066570767
4784999,859678,190.59859100738197
4785000,1272811,461.42994157970384
4785001,1159717,51.111712535069074
4785002,34294,217.55981692934233
4785003,1514459,105.6850720141086
4785004,784473,871.8239950038504
4785005,1930818,91.76671230395029
4785006,464671,594.8076990124679
4785007,779279,419.57501187857235
4785008,1988481,519.1845318285181
4785009,950503,741.2885888659723
4785010,1712511,836.1628587135172
4785011,421927,797.9848594043433
4785012,340270,247.07501873736126
4785013,722179,666.7087765647357
4785014,144948,295.9917882756835
4785015,30988,589.9699664172535
4785016,650169,670.082565111478
4785017,1266983,487.24881275217535
4785018,578429,852.5987123253466
4785019,224313,282.71022525184577
4785020,308375,920.5579970709401
4785021,612971,64.32221289090367
4785022,757976,531.2488086706879
4785023,1736430,871.8327895739998
4785024,673159,722.7547865225521
4785025,1322102,103.02204247404056
4785026,1810112,231.0584379469669
4785027,987019,322.11627338616466
4785028,462303,532.7748345383295
4785029,1275301,37.960254458786366
4785030,933386,503.59694624769935
4785031,1580673,931.0745841730048
4785032,1574011,292.516807516372
4785033,1961676,158.0635296569134
4785034,396772,264.0924148263021
4785035,814697,418.55695592700147
4785036,704586,603.5472917206677
4785037,1867937,670.7686457063512
4785038,773617,988.6230233274457
4785039,1773503,602.4471691908699
4785040,1200636,83.45356376157831
4785041,149950,342.7555394652395
4785042,345740,605.7699790411851
4785043,811569,596.4905912155467
4785044,1712596,620.6398051748731
4785045,743757,393.0410425449434
4785046,1190432,843.9458037916601
4785047,1357977,203.29708884350052
4785048,1346574,788.4247868937294
4785049,328775,100.43866005763047
4785050,1025449,82.90854686092098
4785051,274834,55.10331721448869
4785052,1293940,957.2860566047144
4785053,647261,750.9524986364582
4785054,1712082,788.6155624985541
4785055,835758,667.7509017509866
4785056,1850635,593.6551194609332
4785057,1279489,955.874503395772
4785058,622003,815.2253387815896
4785059,446157,869.7424905419708
4785060,56669,840.1472203135486
4785061,1370757,366.8260715780167
4785062,359982,339.26077368959795
4785063,1685906,607.7474436771956
4785064,1338476,17.7368107972824
4785065,1489641,482.7357683527752
4785066,1808877,973.1169400956112
4785067,1973818,4.267371575070178
4785068,1707195,653.1576689229718
4785069,964354,884.5184390794647
4785070,1824521,552.8387870711185
4785071,1676415,151.786922885758
4785072,594340,143.37271307016286
4785073,212790,644.0480476284218
4785074,927991,933.4453472791851
4785075,1464714,317.7614412243545
4785076,1209009,298.1650816171836
4785077,6052,210.64446290003968
4785078,1636609,545.8842370099535
4785079,187359,162.47114447233147
4785080,930729,430.36329886146706
4785081,417093,529.5718215988182
4785082,1925659,558.3428804264753
4785083,955617,992.6819178697235
4785084,517281,899.7484463881403
4785085,1779117,393.7164770996551
4785086,1422526,168.07643444749652
4785087,1934089,178.8445543077124
4785088,403342,753.5951404369865
4785089,1285447,847.2954981850684
4785090,916318,443.7873285332012
4785091,627929,901.6304770857271
4785092,789478,19.018960408097698
4785093,1384130,730.0059805303772
4785094,1275310,168.74818488944888
4785095,236159,568.2092442945353
4785096,117962,883.3251424491049
4785097,1232435,373.69534034390995
4785098,1666933,558.9011130487877
4785099,284406,107.48727560183269
4785100,701193,354.54673769196944
4785101,1248016,114.63169389118933
4785102,1446766,186.92119000355612
4785103,44869,836.1030021553828
4785104,413602,318.20480630751615
4785105,680690,565.991652902809
4785106,1228511,473.5637304738992
4785107,471362,848.7938191084656
4785108,629702,121.70219507808355
4785109,454613,873.9821069829795
4785110,1802833,395.5060648462695
4785111,48397,836.3017788800762
4785112,1759278,774.5805212575335
4785113,96868,162.2005796606112
4785114,1287552,969.2354687679582
4785115,841928,259.6423068065459
4785116,491084,970.338866668721
4785117,1293381,658.8915707821692
4785118,1847478,362.0030433297332
4785119,904912,2.614125554966651
4785120,1343284,165.61905678869448
4785121,132221,614.7702083810884
4785122,1092425,548.3582429455187
4785123,1050414,972.5938780948356
4785124,94509,449.9325885282989
4785125,455030,203.24280289257
4785126,843312,359.16631752449723
4785127,1991193,398.9490899489586
4785128,600965,693.5540916072731
4785129,313694,729.4579293506963
4785130,1798252,322.6007354582997
4785131,1701254,576.1283706889585
4785132,902607,380.23974587806555
4785133,946421,673.6099372795187
4785134,1849572,368.01959616369595
4785135,1183659,422.8035381541381
4785136,1701780,863.9660600803925
4785137,183285,547.2799341179737
4785138,423328,645.9378259286465
4785139,279855,812.4304119833199
4785140,535566,715.2166954942714
4785141,1252600,830.4928505760141
4785142,1695237,817.8848374216916
4785143,1593035,604.2593740972832
4785144,1723818,118.8953906951672
4785145,1924413,543.5282864421215
4785146,1029939,988.001755933218
4785147,1102763,271.14620979171764
4785148,636325,866.9967676929201
4785149,183124,619.2169950872071
4785150,853287,342.96577378388184
4785151,1052528,356.63064692085453
4785152,798315,187.43726384752813
4785153,1508617,575.9302901054546
4785154,543221,433.86070101241245
4785155,1841423,169.74206017783044
4785156,1478716,578.0501357381669
4785157,1309645,75.54290930027263
4785158,324850,732.698516764156
4785159,1548905,946.5036103596592
4785160,1840434,537.9229726341181
4785161,1283146,132.60814727798643
4785162,1423758,122.76813583274027
4785163,1602572,516.307115895007
4785164,846707,92.32131847837199
4785165,445407,381.6082127563013
4785166,636623,283.19110036469374
4785167,1103500,947.4657945314533
4785168,1028082,597.920245491331
4785169,909021,254.15409636085195
4785170,599061,928.6462071257245
4785171,1332940,721.6632314142421
4785172,1834820,462.2482813575386
4785173,1464506,327.25231276493463
4785174,1009478,340.8434866079988
4785175,583830,273.9109128612134
4785176,883881,365.49307328724365
4785177,226706,455.53836372266943
4785178,689087,813.8856955990808
4785179,945329,355.8074095860677
4785180,913426,693.2296099986149
4785181,1534122,913.367989385077
4785182,823811,482.42488680137905
4785183,1991584,570.1111776644054
4785184,265601,282.76008703354114
4785185,1050781,325.4086525173574
4785186,200239,352.7559220965861
4785187,644751,521.4151546611064
4785188,147282,564.2547230891431
4785189,1041306,409.09372935712076
4785190,1891446,92.7503088461954
4785191,1004317,607.7384466076447
4785192,143223,468.81403649859743
4785193,1658756,184.26096822307892
4785194,300793,473.1906906818918
4785195,1566210,512.3171992696235
4785196,553452,869.8032572596226
4785197,331313,660.2534967210901
4785198,1583368,434.0183634987538
4785199,1638867,781.0124670289636
4785200,1466962,473.1178274290364
4785201,202027,457.7569965114715
4785202,1266969,213.3002097161174
4785203,1415776,998.0595814058545
4785204,1978362,125.44240331140999
4785205,1088537,354.5618210585074
4785206,657904,739.3742780946011
4785207,1602581,278.6383174727999
4785208,543020,204.00871917740037
4785209,612593,236.0435433231428
4785210,120780,998.7078327547905
4785211,1640868,808.531683693004
4785212,212450,629.1839614495152
4785213,1604736,997.7669562318704
4785214,1306196,951.0832752492602
4785215,63009,35.62522281830782
4785216,1084068,704.9140184399855
4785217,1580637,180.34075935147476
4785218,646876,766.0074891335395
4785219,1657852,462.35223317370054
4785220,1993354,939.8014029980602
4785221,879260,645.1186365313293
4785222,849479,280.39051887240674
4785223,1576399,271.576683998726
4785224,1520372,74.50106177717475
4785225,1326566,680.7444545290449
4785226,172961,990.0250976369343
4785227,638150,878.7863078108965
4785228,1831756,964.1180545603538
4785229,112651,869.487038449206
4785230,933174,692.53768877632
4785231,1034844,662.892961112699
4785232,1148389,618.2548338899383
4785233,1972776,884.119885538134
4785234,1843014,176.55850543710082
4785235,686006,656.7655637991022
4785236,1240411,437.5193725857258
4785237,394024,870.6622481488399
4785238,395186,814.1653736231822
4785239,1775262,967.7890767751795
4785240,1782629,382.20773762294516
4785241,536962,564.9132990133029
4785242,1609891,25.421943998772957
4785243,1587110,732.8952607912998
4785244,918518,38.52747571202042
4785245,814651,818.2827963148742
4785246,1516207,967.3829226107785
4785247,1470251,698.551638858358
4785248,1821692,463.74464379115545
4785249,1880909,666.5426289883146
4785250,248006,823.5243211017076
4785251,137998,184.87103245359836
4785252,605596,770.7263893826206
4785253,1948348,70.42387461217648
4785254,35350,504.2923471535401
4785255,1994390,233.76323340090931
4785256,339062,568.4441824715427
4785257,195253,257.3839065129554
4785258,1774891,724.4397093497577
4785259,974990,714.7684188169526
4785260,1001325,709.6055100423957
4785261,1248451,65.65881195869261
4785262,957141,672.3959660400386
4785263,458963,117.49923939253648
4785264,1399803,592.1160305788004
4785265,585594,358.24373818379894
4785266,965748,59.514317506187076
4785267,1739794,678.8872139849888
4785268,1077414,816.2030289111563
4785269,1664982,574.3412172027787
4785270,1236291,21.28828381364789
4785271,565934,432.95050340686225
4785272,1884216,354.24085666018243
4785273,1590904,213.78005355822228
4785274,1530890,745.6010993030817
4785275,1511465,130.02943904995269
4785276,1959217,752.6552414264784
4785277,1738343,878.9834699068106
4785278,1196331,202.06493996327723
4785279,710822,239.3674114807879
4785280,739005,644.6521906820044
4785281,1210229,875.8811199260813
4785282,539527,763.2081333499048
4785283,146239,264.1343035875331
4785284,1743956,63.41999737397019
4785285,271058,872.816754860333
4785286,1044551,126.38395157070693
4785287,684605,279.8836678975288
4785288,49099,399.46158996981006
4785289,1458046,940.9816419431847
4785290,1425319,786.7575038367634
4785291,1016875,602.1711834027394
4785292,138410,907.0005633648825
4785293,819699,294.98869416244355
4785294,1459547,329.8322164572144
4785295,27930,404.7092439046888
4785296,1349468,895.8840185886348
4785297,922490,833.3456308558852
4785298,1941077,156.40554895031102
4785299,357495,957.6662283619019
4785300,542966,730.1075030012499
4785301,1513196,371.72103762333387
4785302,322273,20.13554051809363
4785303,555473,121.85573220510615
4785304,1640188,869.5365910603841
4785305,577251,340.77235528899973
4785306,48566,806.3896081342019
4785307,1032179,261.87930438353624
4785308,142998,884.5943103285989
4785309,396258,68.95615619604678
4785310,1188611,497.6297189905069
4785311,1409192,856.5040500987905
4785312,103140,202.26540092364255
4785313,835215,736.1632804115704
4785314,380386,638.2933390942163
4785315,1211898,231.2996273458262
4785316,1325623,383.3987238823109
4785317,1840961,242.22337719239573
4785318,386450,926.1711664581635
4785319,609121,868.9064583348834
4785320,1918246,939.0182607786803
4785321,451375,87.65302389806973
4785322,1209949,144.2983763287723
4785323,1958631,326.8910146355475
4785324,121801,616.9358466846036
4785325,214357,922.990150626274
4785326,997429,470.3125639344895
4785327,157089,59.61445871154969
4785328,225067,950.2700995840145
4785329,1554911,864.7482040558618
4785330,1018193,769.3949339942219
4785331,745730,598.5098077991076
4785332,1660674,175.08342804713294
4785333,1306339,823.5760794937938
4785334,1169948,63.23413601843664
4785335,1115829,461.5848058945227
4785336,519977,686.6812066356362
4785337,1986418,642.5386780445966
4785338,87205,607.047231186607
4785339,791436,695.1072657302095
4785340,357776,439.5061516847949
4785341,1820723,398.7673363764955
4785342,65895,539.0195536618883
4785343,1760226,240.08351207414435
4785344,264783,947.8705514040921
4785345,1429386,430.4753762325566
4785346,292927,340.444941000532
4785347,1354791,488.7515480634839
4785348,981760,754.9504599724459
4785349,1610936,483.18321018193575
4785350,1038007,731.6752442469736
4785351,602105,663.1288359819735
4785352,1612045,130.42573702048276
4785353,1741140,550.9441377719155
4785354,764958,410.6305215773286
4785355,1015986,881.783585854963
4785356,140791,913.1222975465714
4785357,1401436,459.75570725933034
4785358,1672215,136.27013415966982
4785359,1507532,252.70382250163792
4785360,1365239,189.6378905123146
4785361,1548691,72.18110761002316
4785362,1173027,177.2574730268859
4785363,291955,886.0048101813505
4785364,1559722,714.9117482226455
4785365,425490,306.45769107695764
4785366,1609919,590.7558724042124
4785367,683960,618.0348030452819
4785368,705270,131.06955971069544
4785369,1586936,441.4474646430369
4785370,1625384,756.6359619852859
4785371,26093,805.154155154973
4785372,1283484,197.49308379886932
4785373,366989,421.8806790542472
4785374,1572458,99.86399686035364
4785375,1174222,279.97433341372744
4785376,1456187,26.20759300873743
4785377,1462608,791.4009191528348
4785378,532761,325.64838869349313
4785379,1506189,658.3484344151535
4785380,112179,420.44689858242054
4785381,1142167,834.4997040917617
4785382,1368841,569.5233253802658
4785383,1811710,934.5707901822933
4785384,1363625,915.8860288045731
4785385,1202637,831.8849184014467
4785386,12835,743.3389164467462
4785387,462435,940.6538834240396
4785388,45358,974.9722776454671
4785389,755025,723.0282240414109
4785390,1352155,450.95044474929324
4785391,1328604,327.81734267806803
4785392,1451784,516.1476592662204
4785393,1646065,568.4574132498186
4785394,838214,612.6768691999262
4785395,616821,325.64897216414226
4785396,896913,923.12326732557
4785397,248329,999.6507948403532
4785398,147024,951.8389884176607
4785399,1908948,131.4162002919329
4785400,1532228,274.99638063274045
4785401,1188035,516.8192379896489
4785402,1931795,460.08620454837165
4785403,672902,114.07249741625436
4785404,1362271,864.5283868356304
4785405,1151731,896.9647678341364
4785406,1990347,180.34592447135412
4785407,1822700,116.84153022368271
4785408,839594,962.3313846888724
4785409,786710,880.7976163015633
4785410,1879535,296.0297724999157
4785411,1854799,587.9749552384981
4785412,594910,56.42904247298253
4785413,1486704,663.6643936759925
4785414,429537,870.9233837305878
4785415,453254,437.34388528854186
4785416,764457,501.41784421740033
4785417,23112,890.7541234378768
4785418,370510,283.668656467744
4785419,292423,829.7908361826221
4785420,1283542,185.39520062278027
4785421,1653066,890.5439347009769
4785422,1730457,690.9885097045559
4785423,605850,304.3647443632993
4785424,1494290,736.4427854905338
4785425,1556992,734.6371054431794
4785426,490744,841.249955022677
4785427,533598,918.2887558085304
4785428,1909074,198.64661189464218
4785429,709876,520.6215422030767
4785430,1593386,460.43238157812596
4785431,1071102,619.2438515778043
4785432,1122137,499.6520966970971
4785433,1833198,593.0010295157933
4785434,1725640,821.2583870934709
4785435,295612,859.6452040111621
4785436,1637215,381.2283303623837
4785437,916301,473.16367758073187
4785438,144960,167.7263321237933
4785439,676256,989.265732263942
4785440,766547,479.257855121308
4785441,1977101,212.1659391991395
4785442,1901288,445.50095051766516
4785443,1164293,151.926913613323
4785444,523081,612.3598217620563
4785445,1175516,31.115009914324254
4785446,1145655,436.89204058308206
4785447,24008,19.006449767426602
4785448,834039,995.7521313963481
4785449,1173218,216.29252634009066
4785450,1294743,430.1756896237863
4785451,929431,515.0555324353647
4785452,450785,450.0968575853777
4785453,1927444,704.9164759242842
4785454,1898463,88.8598363841614
4785455,1617242,823.6049633220363
4785456,1268254,869.4578132582865
4785457,1200444,969.4992092199852
4785458,342373,208.6093061702664
4785459,387400,45.86817706360324
4785460,1264698,378.01610859777315
4785461,1704337,192.92007108215282
4785462,1504439,648.7468238882
4785463,1810577,359.99813979839
4785464,474947,106.0926135216469
4785465,1716597,253.24972006328127
4785466,1498226,351.73043730900844
4785467,1499179,879.1753470543796
4785468,730344,200.95218268027426
4785469,1172439,309.5855457112943
4785470,382387,77.34481734849041
4785471,55748,415.32229629355
4785472,1145027,139.81766326041623
4785473,1134254,322.09095419512965
4785474,13235,197.4787107992666
4785475,526923,350.7578470618167
4785476,770240,198.88780969920117
4785477,67736,347.37110488760806
4785478,1717751,650.6157068715169
4785479,785443,928.5981046014131
4785480,659871,854.6876268610246
4785481,765718,42.422424446487696
4785482,436781,330.23220451715406
4785483,441453,667.0326588417898
4785484,486812,238.91751655645476
4785485,148845,276.70629354297705
4785486,528666,775.2496544575862
4785487,252153,752.4799067074815
4785488,1305654,555.6140527343091
4785489,498978,804.3302850694015
4785490,1219896,899.9692490095334
4785491,900817,188.65718000046095
4785492,39700,604.7759769626023
4785493,1104666,470.662321228136
4785494,111077,611.3492951587856
4785495,1912938,986.2646894631233
4785496,544012,478.89964408383923
4785497,808916,725.6207182396854
4785498,293949,838.2623087483342
4785499,1388016,631.6301880893785
4785500,1644998,831.7421170375507
4785501,567757,266.911147751547
4785502,529809,675.0609814308274
4785503,632884,629.5194163569364
4785504,294918,320.0961077575365
4785505,735607,340.03823168955904
4785506,1827705,814.3359235613372
4785507,49597,779.4867740377891
4785508,502800,331.8007530153112
4785509,1421790,649.291544219556
4785510,615053,114.48210357629284
4785511,76273,517.600454296632
4785512,701356,613.3832440383711
4785513,815456,478.2570336576253
4785514,1186362,279.30200712897124
4785515,1069031,683.9739289040343
4785516,80465,59.763585697551356
4785517,1989903,644.7769313723328
4785518,1383735,91.43093052413465
4785519,1733074,306.00191706758693
4785520,1145191,621.8630938451757
4785521,1590061,410.5843909764215
4785522,647453,170.31987668728942
4785523,210068,809.1323151323265
4785524,210988,905.6217613419223
4785525,689356,688.865914627074
4785526,701982,659.6735394650847
4785527,1703780,669.8844509225671
4785528,1799873,692.1074011933125
4785529,1784328,524.4168967848271
4785530,876631,788.8103395841067
4785531,501413,144.99854436059056
4785532,1710790,901.7224833507273
4785533,1569259,213.39361772430266
4785534,1732551,706.9602416870277
4785535,331470,878.2997634825301
4785536,1092904,788.9924177439582
4785537,1525604,857.3418345947799
4785538,1213033,27.986296156136568
4785539,1905016,982.1819720137607
4785540,419332,705.4326214665628
4785541,743147,55.48812286572535
4785542,711909,923.7314057238018
4785543,1227663,489.5404604011908
4785544,1747755,158.30032510614524
4785545,1365693,698.3777110670305
4785546,725994,504.8454126345854
4785547,797855,797.3585629758379
4785548,431822,158.77245324814027
4785549,710071,974.872717023587
4785550,851744,375.6107409242333
4785551,1045186,94.7085513918563
4785552,1975484,764.761919997337
4785553,665050,205.19919975454326
4785554,1286465,250.40251877077114
4785555,946605,552.2635856036472
4785556,1045967,36.0728993159577
4785557,377571,598.9419071452197
4785558,1853264,89.81174267261893
4785559,1885532,811.0101974024294
4785560,208878,322.1601907767578
4785561,459789,564.2938611846882
4785562,1396329,429.322936392349
4785563,522472,655.0540677721846
4785564,1665459,369.0301772470522
4785565,1732332,491.0145892611599
4785566,608319,117.34085980537034
4785567,1398892,594.4485363255554
4785568,1485749,369.81027783962514
4785569,1155568,643.8486669844413
4785570,675629,96.25036925376219
4785571,1139094,872.9509346129145
4785572,884072,985.6017751887649
4785573,69499,756.8957189722165
4785574,1949675,803.3886229398158
4785575,1951576,403.49988137831537
4785576,1936425,956.1759538361304
4785577,739496,355.76717828859927
4785578,1649386,251.0056522384313
4785579,1866675,618.8596325293646
4785580,1247582,115.00843596239308
4785581,1093409,668.3530584291319
4785582,1444034,487.55812511127095
4785583,599845,801.0236481677499
4785584,1873859,65.57893937130055
4785585,1236132,53.56845793909682
4785586,1213392,428.46619505370586
4785587,916664,262.20751340225024
4785588,1639240,95.67658299368908
4785589,841499,189.34310432049128
4785590,861669,563.5876216059238
4785591,172718,731.069159172926
4785592,146462,967.9015690766989
4785593,390365,247.02137916939392
4785594,331169,751.3175308121181
4785595,633172,435.52502512931557
4785596,1804761,376.276322495117
4785597,1937294,41.79631785301374
4785598,1264231,754.9822682087214
4785599,1258858,950.4075725777222
4785600,81080,183.87974384975735
4785601,1256727,712.2189519615616
4785602,1036017,785.0026424762759
4785603,623669,723.3366344457777
4785604,1402120,122.0805106324333
4785605,1827658,42.4986654291194
4785606,1880331,608.4771644028438
4785607,656682,931.5310545058036
4785608,1703983,740.0276945155186
4785609,108957,717.3992297683242
4785610,1663845,664.0763554441172
4785611,1370558,628.7169913861718
4785612,1966286,829.6902011215707
4785613,1293705,881.0827177812399
4785614,1317642,571.5128160869542
4785615,292055,984.5247196995952
4785616,604550,837.431567091211
4785617,383751,570.1706148778696
4785618,104181,807.8055676180498
4785619,1440721,315.4066118590677
4785620,1796195,412.7428461579994
4785621,1910704,291.3684421117766
4785622,1541451,602.9106044849516
4785623,402102,869.6317725017456
4785624,1790686,977.5944900694798
4785625,9591,20.90120206326562
4785626,707627,110.23862281626862
4785627,512133,319.6701549787522
4785628,1138437,249.5392146695462
4785629,1923979,694.2702387247967
4785630,663721,67.69464228432453
4785631,305446,290.4959011234227
4785632,1204670,976.2102436755855
4785633,1008342,229.8830846148665
4785634,1879010,776.1001498587335
4785635,929007,216.11995009060502
4785636,1054257,680.5957392094259
4785637,382612,860.2132273599992
4785638,1572017,687.5138191654506
4785639,1466334,369.97892294424327
4785640,477644,152.18930246105234
4785641,189465,22.484486496092583
4785642,922248,978.7502642219304
4785643,864861,105.51632452575166
4785644,733160,409.9491927354619
4785645,394155,952.4785024685657
4785646,1178594,557.375600408821
4785647,340915,516.1164536231651
4785648,176018,304.45487398209127
4785649,759040,16.853718876575165
4785650,1903709,240.0799217648243
4785651,1160084,770.0948993569831
4785652,1776364,198.61100391450915
4785653,1608414,470.1237529810497
4785654,1806573,697.4112739925372
4785655,375887,985.1870723818422
4785656,352314,882.9728975878792
4785657,1860436,912.840898007333
4785658,1399602,874.5972458694397
4785659,1527576,413.2608320168798
4785660,843138,141.88844409337798
4785661,1310241,110.10178897109756
4785662,1987059,285.1496961291037
4785663,1289081,942.0363549628199
4785664,1486163,23.174954011838665
4785665,1393704,778.6545992930672
4785666,1748780,1.0921200586631041
4785667,1178082,65.52850308662117
4785668,855214,694.3609998168192
4785669,772756,412.92647612006493
4785670,1527114,609.2847718639329
4785671,1549651,904.7093452268969
4785672,1815818,844.3780841287567
4785673,120983,563.3725601960076
4785674,1824511,505.1493802394342
4785675,1613610,997.3743815268695
4785676,1506682,447.11951641828773
4785677,1678147,244.7121569435905
4785678,307896,900.1796595693979
4785679,974997,141.11056948508516
4785680,1343219,613.0015030804186
4785681,788747,298.7766325532311
4785682,1205683,934.4136452006229
4785683,601502,832.2097895249233
4785684,572976,471.4471244691387
4785685,1823200,700.6386118344949
4785686,1485750,525.3583039409249
4785687,1794262,859.8238573161225
4785688,366910,40.32448647686904
4785689,371314,533.0841813420434
4785690,673251,625.8916528075878
4785691,1540263,498.96959121914654
4785692,1041564,821.4403545203297
4785693,1326730,890.8712331823344
4785694,563759,589.9927539645456
4785695,1963970,905.3886248814429
4785696,1911298,122.22632186299099
4785697,1114761,461.99952686856415
4785698,1052666,400.710937380832
4785699,304298,703.8515994663188
4785700,1908044,535.1396934793147
4785701,169992,289.69132883502044
4785702,445888,752.9030486971183
4785703,1089251,130.24356051138318
4785704,158071,534.7931245083033
4785705,1703316,989.11039702723
4785706,448629,916.6361800767119
4785707,1093315,234.53061070853477
4785708,398416,189.55891786061818
4785709,647309,892.0693884657827
4785710,1452022,57.8432876277748
4785711,1867995,671.2120378376483
4785712,385332,674.8729060521033
4785713,700578,558.0064109392539
4785714,699300,242.27770629089585
4785715,725257,137.71026105965169
4785716,732154,749.5730322232943
4785717,416372,329.1396119999258
4785718,1020948,787.8562115345203
4785719,1822886,7.8184978769600955
4785720,1823478,978.604655134257
4785721,304461,52.59737307172108
4785722,1974121,409.30915538384136
4785723,418000,632.1647509206264
4785724,460319,103.94468109475541
4785725,100995,345.0111258608367
4785726,962123,777.2360301659344
4785727,1843803,922.8884334913208
4785728,369881,163.64293204393954
4785729,678262,359.9618514179318
4785730,1807992,610.1443514632373
4785731,454497,534.4614471901655
4785732,645461,303.8395326595945
4785733,1297067,632.0778801404718
4785734,1937280,261.14711800281043
4785735,1627499,322.79899585767134
4785736,540701,522.2449554967077
4785737,138507,331.6568678505689
4785738,582038,338.4061144930901
4785739,1468226,983.3448884968036
4785740,1889844,110.00111566762827
4785741,1783364,960.4654067000848
4785742,1803402,207.20379882908068
4785743,33759,305.4111626601386
4785744,991970,342.58186226496457
4785745,751043,864.7719540859783
4785746,1359067,118.15254116193874
4785747,616819,351.30118051538904
4785748,355478,14.32629829429688
4785749,1899348,819.4797359643721
4785750,980466,156.3248416502848
4785751,815132,888.1287259388632
4785752,1806061,954.5818207995695
4785753,716639,653.1120743671607
4785754,345585,535.2093335475142
4785755,1741870,428.1112913098977
4785756,897624,429.90250915032647
4785757,527048,414.8997028216759
4785758,265138,901.933259466971
4785759,1251617,426.69292650120326
4785760,1735650,784.3076089064072
4785761,526058,831.7453568918279
4785762,1130323,70.08900267954633
4785763,148260,251.2406867366226
4785764,769175,240.6383020941758
4785765,445880,835.6809739678231
4785766,722422,857.0807273882632
4785767,1565766,967.2362441690325
4785768,1536136,157.3164938880096
4785769,1159929,254.75355290675705
4785770,349839,736.8614289982474
4785771,673861,341.701634590053
4785772,471796,367.43931720033316
4785773,1089958,517.1164183771845
4785774,779999,698.3327369705703
4785775,824446,579.7823839234322
4785776,97801,416.6460048442212
4785777,371818,506.3739565283439
4785778,152325,755.9721335847507
4785779,1809143,581.5638898199732
4785780,1315153,442.4516729464678
4785781,808382,784.7241412468017
4785782,644795,833.2596816155154
4785783,1152916,120.79385906971018
4785784,939184,215.01391132665847
4785785,1526823,949.8241946673886
4785786,122279,431.3883834882778
4785787,1027804,540.5781000949406
4785788,504338,86.21541228640427
4785789,1364117,264.11062626134054
4785790,1725519,415.13543147061785
4785791,1379824,865.5324823815441
4785792,441898,603.5166405323594
4785793,435042,165.95170731213514
4785794,982967,63.585106795792214
4785795,98832,724.4160932864462
4785796,276189,654.6408790006975
4785797,1707756,286.78399302492096
4785798,72719,23.954059371071757
4785799,42193,37.91242886278745
4785800,1092550,770.5551670225484
4785801,1766617,25.451966775567936
4785802,1763468,109.76623867248347
4785803,308455,975.8200670535687
4785804,291675,663.5411036843233
4785805,280173,110.36759110562578
4785806,1574752,747.1322896567732
4785807,1002515,446.1890179869136
4785808,1087285,984.91298701035
4785809,1904146,373.7510120447177
4785810,1522638,901.3493844983107
4785811,650418,112.49309577046074
4785812,1816054,408.02366936023014
4785813,354924,803.8919963275255
4785814,1217757,226.27371428817077
4785815,1144169,207.24113970559
4785816,1993419,465.8561750010639
4785817,1145246,886.7491630172353
4785818,1254837,46.124835413492995
4785819,1819769,831.8513841753818
4785820,522009,572.3658814808142
4785821,855462,24.819090944835697
4785822,1319696,288.1278753353268
4785823,389667,910.368634950444
4785824,1490877,540.820505374047
4785825,961241,78.47457423181869
4785826,1151567,178.63235103539176
4785827,1888448,952.7986218646204
4785828,732148,873.0673561944483
4785829,1222916,634.1790075324785
4785830,871477,48.38615337641716
4785831,1897064,533.4406050935611
4785832,1597281,557.6962335464133
4785833,180775,708.2968287350062
4785834,611512,977.1827007739524
4785835,459716,198.4707985091221
4785836,1837750,993.5943046063841
4785837,293079,159.6771212573177
4785838,1889659,866.2130639058986
4785839,1366779,979.8943605107977
4785840,1980530,593.9164914871857
4785841,1251767,945.7021046808504
4785842,841825,339.5826743147227
4785843,1753406,951.4400093541037
4785844,268497,253.90038069561115
4785845,936859,523.8547764162228
4785846,1077699,235.4203847566465
4785847,1202424,254.49843497840584
4785848,647626,48.50010723645548
4785849,258498,604.7333598936258
4785850,1876938,302.0063951895405
4785851,1200158,734.1543292774691
4785852,187066,611.1290228872784
4785853,994615,205.36392643275926
4785854,1648224,624.9485828779442
4785855,1742871,38.95823554042077
4785856,1573414,715.895512744808
4785857,1120844,558.0503404487243
4785858,545352,696.5872772239658
4785859,723536,582.4296091754115
4785860,1566246,709.9726480937461
4785861,870842,96.14296284131363
4785862,1459157,426.82840782614784
4785863,114790,765.3556371133003
4785864,1775078,921.9175153479075
4785865,1090400,82.16566909321243
4785866,1591104,673.1886204089922
4785867,626937,988.5985573526997
4785868,1402319,791.9844797971937
4785869,1554078,755.7566815979167
4785870,825243,534.0528431278844
4785871,1452306,216.07896561934936
4785872,727627,752.2638354889045
4785873,219990,370.76518056416273
4785874,1703274,59.44368506145459
4785875,653752,693.4617274441254
4785876,344366,332.70867201117716
4785877,958087,546.390594375487
4785878,425049,653.7978371211946
4785879,50333,203.3130662282432
4785880,476728,323.0437847227974
4785881,1577871,782.1219408839387
4785882,1052688,100.53817061747039
4785883,269928,302.47305970584426
4785884,190144,303.81539765763756
4785885,1344388,257.9662392407347
4785886,153386,263.1878073461922
4785887,1670823,999.3239814058801
4785888,1524211,430.4470798669433
4785889,180789,559.46480627861
4785890,756173,406.3415187146108
4785891,11612,491.6332140869287
4785892,227649,954.4971251287519
4785893,1398091,302.57039021813904
4785894,971356,135.3096019039546
4785895,255400,900.686141986121
4785896,391905,773.1252500983825
4785897,435199,779.7646746355363
4785898,1395919,938.3761986929027
4785899,1578400,452.35138417767206
4785900,229108,972.2033013949388
4785901,1368063,370.86800279292663
4785902,249004,602.4369587734433
4785903,366131,615.2643322829922
4785904,196686,266.0545230853779
4785905,158826,146.7521655868107
4785906,602134,592.7465643170603
4785907,1935421,202.0767451115808
4785908,442074,817.3604713669191
4785909,410860,600.3950659887973
4785910,231563,181.43444370872675
4785911,41780,60.17701406966336
4785912,1063459,758.5933760582375
4785913,1809152,948.0826722368242
4785914,1315379,377.53196196800656
4785915,1980532,458.78877155224006
4785916,752503,930.045294361505
4785917,666824,806.6041553469505
4785918,748636,863.0687515962161
4785919,1974064,652.1311390079297
4785920,501806,732.1438929680305
4785921,6419,44.41623366353631
4785922,264331,344.2817479103929
4785923,1567104,942.4752979308657
4785924,1232657,378.64865653333027
4785925,856179,172.26212670984464
4785926,1074868,262.461878203094
4785927,944394,258.43279023062894
4785928,342622,284.2711910573109
4785929,641152,149.78082534083958
4785930,12050,313.13209476452863
4785931,336855,225.51577441218063
4785932,1472240,361.3884987915241
4785933,187190,979.2757750540299
4785934,1090329,942.1795837501065
4785935,1951547,657.6426477420224
4785936,786693,906.3303335417653
4785937,906736,897.9400042744358
4785938,1071249,29.69818507122146
4785939,177471,802.0922819440495
4785940,1142177,589.9098484640721
4785941,444960,144.83183429376712
4785942,1044010,307.4908152582374
4785943,1179209,747.7361699761587
4785944,1214337,487.6062678392635
4785945,517305,112.05731222152681
4785946,1445312,50.666927199249926
4785947,1672325,245.59480965620594
4785948,624263,537.0580499314955
4785949,320309,168.7070190750245
4785950,1389372,722.9766403460329
4785951,1272382,514.6117707372158
4785952,617236,916.8618777766006
4785953,1407800,360.77687088736644
4785954,104816,965.7388026445385
4785955,175287,713.6608453453963
4785956,1730383,64.5377817693632
4785957,273045,961.6232565591436
4785958,559280,902.2530497427227
4785959,411212,689.9666687064536
4785960,1940193,196.7418367702709
4785961,1120517,471.1760121908939
4785962,1494359,132.07411642971823
4785963,885831,176.34827632898907
4785964,849582,106.1513843411106
4785965,1172574,83.94345353943156
4785966,869605,269.43119088781833
4785967,1190235,420.9096098917171
4785968,24799,109.06516308457704
4785969,1832752,531.622888016109
4785970,986684,344.7871145713253
4785971,539450,786.9485458901661
4785972,260297,788.4604199144411
4785973,49466,636.6329283319976
4785974,1836943,370.72574775494684
4785975,1091386,3.0095645269084814
4785976,32355,273.05636102721706
4785977,922532,292.34731776095214
4785978,437038,526.7685561411347
4785979,360032,850.0616300193788
4785980,648906,421.56365137454986
4785981,1667281,455.84267700597223
4785982,1974788,20.825070373387987
4785983,1643667,703.9372563538658
4785984,1619270,772.3616063813752
4785985,1991692,478.09642391919306
4785986,1431017,446.92555685189564
4785987,1851270,470.10765368289884
4785988,709843,362.6596595779349
4785989,336718,265.51106890667506
4785990,1546837,559.4877169481274
4785991,503656,162.39548007169859
4785992,1380785,593.1455715220346
4785993,1974938,315.39580935949476
4785994,171738,749.1482648738154
4785995,466804,896.3550496675796
4785996,1138849,327.42172091796607
4785997,860476,360.2014613818746
4785998,8483,301.36348851782435
4785999,1030126,650.1406457020183
4786000,670974,747.7561465365382
4786001,845579,863.4420047355869
4786002,1609839,640.2988766691494
4786003,1874519,37.82113835182521
4786004,1607542,281.7032270905552
4786005,1229267,848.3636672354515
4786006,410842,612.7490768977268
4786007,252882,196.8280659393724
4786008,391304,97.08332490588423
4786009,1220351,261.8856919183461
4786010,682158,715.8344700518434
4786011,886327,558.0573646173013
4786012,369340,493.9708702219392
4786013,1676912,194.43520822889505
4786014,562859,14.167521194758613
4786015,963141,366.70334170290243
4786016,698302,380.84580165397296
4786017,1251857,619.8170208725718
4786018,683916,790.9449561360574
4786019,1433861,904.6020150805537
4786020,1549067,743.3709794902113
4786021,243232,894.1439229097914
4786022,172331,72.16361562903583
4786023,191751,652.6079167260834
4786024,939960,928.4987366656386
4786025,1953547,178.3733251674382
4786026,37422,774.9126732279852
4786027,33057,550.6629536430578
4786028,398147,95.77722200147775
4786029,263104,74.328163878291
4786030,1635314,266.06603489770276
4786031,988407,109.46080469595043
4786032,327697,912.1126864221142
4786033,282839,748.2483131833915
4786034,30791,908.9988070753476
4786035,1388450,530.0816535909564
4786036,406106,459.4187389505725
4786037,558717,155.32949585312582
4786038,1195184,687.381696223577
4786039,108174,72.30599904482592
4786040,960638,920.5686604437681
4786041,116681,943.6534769547751
4786042,1119642,955.9285302680805
4786043,1737577,172.361724264962
4786044,1578238,342.1754795659638
4786045,803567,407.6073730086457
4786046,959435,953.1369004548792
4786047,550960,781.0844901145695
4786048,1226322,879.8522764792704
4786049,607825,879.2499845437345
4786050,1814546,96.18994395672398
4786051,605508,978.0626395973474
4786052,813553,19.91588823745616
4786053,1780473,378.0707951958158
4786054,640621,626.1877465127744
4786055,1521884,319.84074018994136
4786056,874798,836.8337804157376
4786057,1918177,487.94409308159106
4786058,472770,625.2357904285149
4786059,1455973,980.9398232213224
4786060,1790045,254.6569921953622
4786061,169468,425.94880773054314
4786062,1163954,231.16184345100154
4786063,1400736,568.0144781339071
4786064,1479602,380.6493322965346
4786065,110649,86.18759289805955
4786066,1712157,235.13950364814184
4786067,1011665,716.8340261336468
4786068,669524,701.630055947991
4786069,744948,203.95730820613312
4786070,1134472,815.4853878807401
4786071,531427,880.6878452550922
4786072,90929,734.5224763628856
4786073,868430,399.15476912897475
4786074,1002409,838.0801989191252
4786075,856410,630.4487455633342
4786076,764338,82.89157191872309
4786077,1411435,768.6676795515074
4786078,1771033,751.251251460075
4786079,165963,485.0297108527067
4786080,1316929,571.9839025329013
4786081,1178743,570.8994649208197
4786082,172569,154.54647545604305
4786083,141080,324.5168477803714
4786084,611311,947.9209062175778
4786085,1629363,261.30253468642707
4786086,191176,984.8328294344217
4786087,1160710,212.55307837045922
4786088,922425,339.37740336803824
4786089,1594363,674.622486439488
4786090,584205,905.1126540130022
4786091,448043,923.4180698431279
4786092,941938,80.07777194475885
4786093,516995,761.7503295542525
4786094,809752,356.14525207738814
4786095,1346170,125.11495512210635
4786096,252547,257.99016427371623
4786097,1141762,345.45212796139293
4786098,1377714,473.15035810869756
4786099,681070,819.3868339838555
4786100,1469368,903.3324564781515
4786101,374858,308.52033352812856
4786102,1448586,781.5202451118021
4786103,1111029,714.8601946127925
4786104,630391,862.4651471335017
4786105,1201932,642.7264082426235
4786106,51511,147.09029864911838
4786107,1883870,176.57572572877922
4786108,1838163,192.6921357856989
4786109,1249796,349.0040031496692
4786110,456881,441.77492787945795
4786111,794624,695.4194157259653
4786112,1451416,272.9748215298562
4786113,161829,845.8397790169744
4786114,931978,939.8944380931887
4786115,92827,344.00959752583395
4786116,1844819,450.82478920837144
4786117,164582,381.37703227434724
4786118,92871,108.22960028532202
4786119,1017991,171.04218714585505
4786120,861347,714.4666583631443
4786121,333705,377.68674886656675
4786122,1566646,934.8803020647841
4786123,1524080,210.31607952283605
4786124,818994,537.7508596185487
4786125,311710,731.484728247027
4786126,218133,923.9928413439359
4786127,354304,332.25218350580076
4786128,446014,977.5836982948024
4786129,77950,603.0670639486108
4786130,579814,281.65171308781623
4786131,1250243,405.4638174515025
4786132,653079,555.0759699232402
4786133,1244453,634.2050387783819
4786134,632861,170.235820949868
4786135,170617,361.116931426817
4786136,845598,813.5698032102725
4786137,1157727,894.8934198568015
4786138,1261337,696.7924349524011
4786139,1845705,481.8771624094509
4786140,291612,666.8799896894118
4786141,1531619,918.4267923490339
4786142,1391036,685.1589009273721
4786143,1561770,817.9266016610934
4786144,1186799,227.76419769896472
4786145,1083423,887.835517998012
4786146,1523755,380.7021570668958
4786147,706750,48.46076726235415
4786148,713076,864.8572162137929
4786149,742009,275.86797850825286
4786150,513494,516.7593824935173
4786151,1422484,403.6849406268207
4786152,1015230,526.4959502495868
4786153,651372,744.5876894844713
4786154,1267661,268.4702813979676
4786155,1934333,685.6682240928786
4786156,1409810,769.9783217076362
4786157,1155055,342.6981936303909
4786158,1777125,603.8702080370896
4786159,1160589,9.381921809607508
4786160,72498,496.574928938031
4786161,1111801,999.4383883078882
4786162,370590,57.35315575523359
4786163,507201,74.23507318787547
4786164,1574184,97.56244995717466
4786165,76536,396.69685192937567
4786166,206302,867.2927269174336
4786167,947287,449.43096259510065
4786168,1574611,360.30454495192845
4786169,1842191,858.8670488661429
4786170,1215630,484.1157826984246
4786171,421534,505.1647415797593
4786172,1281372,518.2008624184759
4786173,1602239,149.62266632313614
4786174,1044803,152.49144121545143
4786175,1527104,763.3433656405088
4786176,1310399,617.0202896258315
4786177,698900,266.2611895144905
4786178,864362,727.5642643197203
4786179,1808755,823.0364712310374
4786180,1424717,729.0127937152291
4786181,194489,522.6396743088511
4786182,432881,790.557308054687
4786183,621662,640.6741571180304
4786184,417410,888.7428167233072
4786185,1763532,194.42387865537336
4786186,1142020,512.2646233216955
4786187,1237040,61.133130999643235
4786188,1592461,995.5130825718966
4786189,522997,164.62729725472124
4786190,1683208,98.37975721987303
4786191,527684,459.83727116068115
4786192,671268,764.2433717037276
4786193,342129,164.8497008365736
4786194,576148,952.5985406249572
4786195,388863,215.94381721156364
4786196,1863768,284.13764184506164
4786197,394559,242.15593361985287
4786198,607016,136.52518313554506
4786199,983412,183.0342085042217
4786200,1772756,959.1980211332173
4786201,313177,788.183488053063
4786202,1437348,388.6202337203322
4786203,216001,638.2078709449213
4786204,1071727,821.9367263681737
4786205,1584915,20.84637718984128
4786206,360827,161.0926119508257
4786207,1952874,956.663300776737
4786208,942550,338.3170331254339
4786209,1659881,973.8747101785942
4786210,29631,676.9138524812337
4786211,1808046,602.1334616768902
4786212,1037343,905.7669114926395
4786213,1404699,651.0997242749786
4786214,1198967,755.8427610010291
4786215,1829283,777.9705496752094
4786216,826140,493.63264179244914
4786217,915130,195.19319912373177
4786218,925925,259.86750107770064
4786219,1686730,927.5056617478738
4786220,1932827,619.2375120797886
4786221,568585,148.716420478058
4786222,1985869,373.0039167520164
4786223,36030,885.7776941459715
4786224,376417,869.9610814629656
4786225,756051,751.9504855896075
4786226,1350658,793.836046935796
4786227,330810,914.9135494269882
4786228,1048586,328.8229438311274
4786229,355558,141.7899147981173
4786230,1574544,986.5611964452893
4786231,464788,179.95763712602587
4786232,1321097,408.1616158884848
4786233,735443,518.4217942092552
4786234,568697,877.4501801202338
4786235,1560006,646.397035455147
4786236,1061752,741.4320868483396
4786237,1046213,833.3146855505665
4786238,1804986,788.7901900786558
4786239,1327759,336.4023986814011
4786240,269093,200.58167094122803
4786241,1402984,436.69452773541286
4786242,1653861,477.14913711349107
4786243,1547439,376.154705407232
4786244,1272382,145.65489154542288
4786245,29166,934.7557436431271
4786246,1226080,306.93137359626155
4786247,1452731,953.2278283304015
4786248,609699,963.5928434963101
4786249,1545139,841.5495418062343
4786250,715078,808.4154865700408
4786251,819475,868.244648223767
4786252,94287,616.2521051784635
4786253,1690889,784.3685506173923
4786254,401248,329.6117486686817
4786255,1160569,530.6919481624986
4786256,648298,985.6952449236696
4786257,1115926,182.080510285072
4786258,1756617,991.6472920481551
4786259,1233604,882.1608621985973
4786260,1704695,466.27792144593803
4786261,94306,577.5093070162977
4786262,52516,378.64323252287045
4786263,1960507,31.568402161394893
4786264,1330589,743.3255024244411
4786265,494582,766.25467068645
4786266,442371,687.7295495258825
4786267,1923588,165.68120006986808
4786268,8604,549.4845841705097
4786269,281510,858.2874392442919
4786270,732511,707.3644121693658
4786271,1124931,223.45390223548134
4786272,84181,481.25029816622276
4786273,1019895,752.6400819505366
4786274,218038,428.77392704119865
4786275,523080,672.627302871041
4786276,1566334,565.6879772641522
4786277,1065252,751.2894101757443
4786278,187725,194.27004877152532
4786279,1723753,639.4043850758517
4786280,1131114,113.83759491956546
4786281,1868995,222.03277381149866
4786282,1895434,587.478080296641
4786283,1710710,363.90397702946154
4786284,535033,702.4379243939285
4786285,1936654,112.29827370297262
4786286,1112181,236.02341096829204
4786287,1770066,91.92861719593004
4786288,1840937,656.0381217628585
4786289,1855300,471.2871105995199
4786290,1772628,960.7817698103021
4786291,1689383,783.1940162952127
4786292,744385,720.7508041275966
4786293,415286,945.8790175736362
4786294,2921,323.04860927219613
4786295,995258,492.7496594794769
4786296,384670,339.19714131503963
4786297,1612518,949.9731662988626
4786298,392785,319.4740517063115
4786299,1559782,650.4417780535425
4786300,1720740,960.8259049044558
4786301,1940050,75.39487268427325
4786302,157187,403.7516153635681
4786303,1307180,266.8779952922544
4786304,628170,606.856936438505
4786305,900183,507.5552862063984
4786306,557034,995.1318842574666
4786307,672879,986.767172297676
4786308,1914314,705.5814142032359
4786309,630713,157.46496181542713
4786310,1053608,410.01990801579603
4786311,1217222,904.4230770285843
4786312,192748,319.49893694622233
4786313,137671,834.6060849802491
4786314,930417,639.2477017853763
4786315,301426,773.708875841144
4786316,49654,895.5097464631721
4786317,566947,708.0691252303482
4786318,1317256,427.0025259799516
4786319,900086,167.20218233839435
4786320,1875131,724.7132950296581
4786321,1656744,166.14082510856855
4786322,583776,696.6293083907923
4786323,166606,857.7041668342539
4786324,193221,337.76583951708784
4786325,1988974,851.4512859974363
4786326,867930,944.2739525698356
4786327,402752,159.58916249775402
4786328,1881000,70.5732205139753
4786329,20336,468.47694374794855
4786330,1506335,886.1327121528244
4786331,1500247,737.469745481098
4786332,1645165,295.5667153650983
4786333,1320788,15.667425167881666
4786334,398114,423.3364237984117
4786335,942710,884.1777524001598
4786336,1718815,155.03014763837243
4786337,180563,453.09422271760945
4786338,1181757,76.51445448217665
4786339,1805713,17.456439978895343
4786340,61693,680.8938175837434
4786341,218935,780.0701227999735
4786342,1159406,58.01725302586558
4786343,832638,32.717276665984784
4786344,1135557,612.9350308464757
4786345,1665162,851.7913105791405
4786346,1359157,383.6672863505636
4786347,539634,674.8081397137767
4786348,208674,4.154280452087766
4786349,3286,530.2166736135166
4786350,1322515,89.66890145580165
4786351,423441,611.4113541785689
4786352,1487290,344.8298639846902
4786353,474767,447.0044393157635
4786354,66601,97.72863350687433
4786355,563109,870.2631854659784
4786356,679007,758.8714466349348
4786357,333973,494.63333198506507
4786358,1604723,368.18177731377676
4786359,1995255,567.0530209922553
4786360,91095,187.9431072405864
4786361,1479006,379.4746036789139
4786362,895657,174.52897632654629
4786363,269122,835.1942572621437
4786364,675922,37.63824356361667
4786365,1572922,125.56296875507611
4786366,447033,22.670077324615345
4786367,1648460,866.6023206016837
4786368,807280,719.861062550812
4786369,1405879,252.51987586901325
4786370,1567851,495.57279979304616
4786371,736152,387.49051966189495
4786372,1776628,887.4822102116556
4786373,210731,642.2694627776431
4786374,1478682,122.29424995027938
4786375,1601087,487.6956258732147
4786376,1095186,969.1369538707361
4786377,666583,517.9898820592906
4786378,1273235,914.2219748777748
4786379,910692,868.2439481218366
4786380,371544,218.45390815429255
4786381,218417,880.6672085233749
4786382,1132948,68.03349796266723
4786383,231246,501.2082087977231
4786384,15812,784.6381296379327
4786385,919875,563.5492041123039
4786386,1581419,262.9780194882685
4786387,1910936,749.2090573404797
4786388,94698,978.6653706560718
4786389,1847864,386.98889770080956
4786390,897969,160.324451496759
4786391,890635,869.374993495206
4786392,1333064,686.720945798295
4786393,1254782,824.2578546548853
4786394,859691,997.7354912815099
4786395,1366165,837.7634116869673
4786396,1549104,802.168877695039
4786397,1213198,955.9011351401342
4786398,1075012,335.3334551257619
4786399,231387,744.106794312692
4786400,8409,188.36207676337247
4786401,1175247,113.48620667251375
4786402,1803568,999.606572506619
4786403,488689,901.6041864666446
4786404,484491,422.9804069392171
4786405,1946528,544.921602783004
4786406,1969321,454.2310903200272
4786407,1063730,930.0222041285672
4786408,746477,833.1640151130156
4786409,619901,209.0226397546836
4786410,925255,243.39214399268417
4786411,1814835,649.6733688542638
4786412,1159029,829.2163325199383
4786413,1268289,697.1876373748605
4786414,286087,765.1894770640325
4786415,738905,775.3485239982125
4786416,978164,549.691388550926
4786417,1793298,539.8024886968441
4786418,1138402,574.0023033220151
4786419,1157395,338.8126375632958
4786420,154435,405.72613128225674
4786421,128996,273.570974007038
4786422,688400,236.92449252703184
4786423,150569,71.22722393164094
4786424,754326,367.88404060868083
4786425,1120796,597.0069741674814
4786426,1210976,708.1050695922323
4786427,1263291,827.4063502467562
4786428,1473507,181.76726497698127
4786429,593373,432.8289363537526
4786430,1532349,385.45642972237283
4786431,1332814,576.0930184880198
4786432,756471,83.33188952167147
4786433,388071,440.35127052849776
4786434,773192,798.0090781173593
4786435,347529,667.7789320607362
4786436,506270,762.1834654811188
4786437,1473316,404.9274524101835
4786438,528662,982.3642122804672
4786439,1279878,536.6776752665003
4786440,1368820,88.98526345769153
4786441,1279173,386.2009179905229
4786442,1208589,458.2623763905347
4786443,1613003,818.3709401385997
4786444,61397,576.2108121173494
4786445,870546,677.866731523817
4786446,15463,643.1597102719574
4786447,1811679,50.823367918486404
4786448,1566054,321.41405097016286
4786449,997832,648.7266667896976
4786450,162890,62.67603071039407
4786451,1535234,764.7257298867243
4786452,1813446,727.4505337440226
4786453,905890,762.2858521906975
4786454,53642,748.5109350262178
4786455,1144701,309.6721319223394
4786456,342237,90.01766602222305
4786457,73858,358.62741912275607
4786458,184965,370.45790264100674
4786459,34976,265.07655116700926
4786460,1895367,971.71132224367
4786461,1896114,710.817552635645
4786462,99875,448.8933352939257
4786463,523346,667.9319980761551
4786464,671588,472.62675888266716
4786465,1191500,6.0217433703042555
4786466,1650543,134.86846221639715
4786467,886218,581.8316234434898
4786468,544648,186.33850905931337
4786469,126401,50.609977372419564
4786470,201053,644.8509472029325
4786471,853604,120.8019716118921
4786472,137666,969.7272993683549
4786473,1499389,944.9288057439867
4786474,1077153,286.28690031745
4786475,507928,924.5127109739313
4786476,153171,125.31043773510319
4786477,1287727,737.6275955137111
4786478,74416,820.40045819629
4786479,47884,114.77193258402907
4786480,382262,212.07606093991828
4786481,730159,156.32924359202204
4786482,1797983,563.8029055052706
4786483,394577,912.7102417676855
4786484,581070,278.7976820164237
4786485,675841,160.28840432760006
4786486,986909,436.21217988621106
4786487,1898930,686.8954940059842
4786488,1061049,712.7658335191288
4786489,57342,995.1177571658615
4786490,1418455,95.42522443058743
4786491,1600176,169.37638370936637
4786492,433335,274.04388100156376
4786493,81051,107.69038433518708
4786494,1004527,262.0547067810056
4786495,1466258,713.2671761555349
4786496,247870,944.8379359127902
4786497,1076809,143.32872953186748
4786498,58849,396.72539077650504
4786499,940962,675.2843535806049
4786500,519333,466.34166010614496
4786501,1367684,974.1250429625001
4786502,1092219,544.5904352138274
4786503,1622651,552.3179119884903
4786504,867699,409.3284277716499
4786505,1614704,457.83667971493156
4786506,1196095,571.2112523344277
4786507,1780172,174.54068209255226
4786508,1577126,296.77130721814035
4786509,1955167,266.96115283595134
4786510,128256,836.173447031168
4786511,806364,152.95149036479992
4786512,697656,414.93912917012744
4786513,848069,960.7048104950529
4786514,1118662,231.68858999495768
4786515,1189904,32.94883732639753
4786516,660111,980.5743187460644
4786517,219039,578.3955058344296
4786518,1170464,151.37546419545322
4786519,1795417,255.48682892253228
4786520,1818491,826.5155568213513
4786521,1804060,689.0342599116902
4786522,768239,97.30070769538601
4786523,598880,698.2152644569147
4786524,943999,369.4471362807531
4786525,1786336,387.8151872095932
4786526,327037,703.8189796288104
4786527,490528,604.5254075467851
4786528,49005,525.9373714461929
4786529,1341741,134.786511815443
4786530,1756718,572.5591854108312
4786531,388902,414.9581434822599
4786532,837141,346.4960895506526
4786533,12780,2.248161670787119
4786534,353705,780.4516818034077
4786535,1985519,404.6870718949809
4786536,1090952,694.8216233162022
4786537,1113502,764.8922461962985
4786538,33501,460.75984163611537
4786539,46067,396.91659329779606
4786540,1998466,724.520193130524
4786541,688801,226.59765716865954
4786542,1628609,542.7998231170756
4786543,540644,768.8648510244194
4786544,1289898,924.078301671122
4786545,1072619,672.6530278255943
4786546,719513,592.1783753256674
4786547,982892,904.5097394443007
4786548,74319,981.7591741481658
4786549,513868,951.6497957901655
4786550,1463346,659.3555769240852
4786551,1484018,676.9532186612784
4786552,1964331,827.9372733050814
4786553,914863,621.9513856631472
4786554,549796,529.6897964430079
4786555,784212,145.79803242222877
4786556,1782819,994.6104938032414
4786557,1752499,97.23803900638528
4786558,1272973,378.03110001225303
4786559,781416,210.0185384738197
4786560,1606996,970.2528029513351
4786561,156166,686.1867747257562
4786562,1498284,441.96786250330933
4786563,116540,84.6405445529852
4786564,825313,666.6922864556288
4786565,1812211,409.3763770388894
4786566,577943,988.6869653823942
4786567,1885802,661.777448981843
4786568,875082,904.1262182033655
4786569,1191140,106.11632410258498
4786570,343377,669.9865987908582
4786571,1189816,778.7847603488342
4786572,332791,819.7435770438304
4786573,525568,952.9999971538836
4786574,664382,931.3148526695509
4786575,1682788,816.2095690147958
4786576,951737,119.64549390853496
4786577,518666,142.78037087281737
4786578,1841865,222.97931299217376
4786579,1718590,401.3451000745329
4786580,699910,980.0044800498349
4786581,122514,264.6123140127923
4786582,908004,638.6541568220775
4786583,696914,688.8522502966467
4786584,1182785,846.8922696576315
4786585,246505,509.7470790977537
4786586,1839652,914.8059799098755
4786587,1249819,712.292862969761
4786588,3489,779.4306472428156
4786589,111674,558.1944733988648
4786590,1358311,690.8859628261389
4786591,1411198,514.9433521617407
4786592,805597,143.21106342142565
4786593,1877754,789.1721545924698
4786594,1209199,167.5738693064962
4786595,123443,489.6792791539268
4786596,979951,866.2612991578052
4786597,80467,878.2126507529108
4786598,960799,732.2875199802554
4786599,301060,633.8945410424262
4786600,1243219,95.22360038783506
4786601,141728,549.0872023641138
4786602,1839712,994.6281668683862
4786603,657312,876.6984664448829
4786604,1322556,916.9567449642659
4786605,719653,351.2003922906134
4786606,262668,339.8944993449602
4786607,343692,661.6521585049096
4786608,1681992,73.91886136145442
4786609,1890028,647.3487517003209
4786610,1373486,381.6355312708093
4786611,1178745,53.25188636840916
4786612,1745550,604.3743060337777
4786613,1062583,846.0959181301164
4786614,325437,942.7202005850545
4786615,343627,855.2474134155774
4786616,1175719,384.96154075051794
4786617,493361,702.8608838800636
4786618,1611605,458.4875111223027
4786619,1440659,467.89966422169107
4786620,1666582,423.6126104407417
4786621,935102,275.4150120143254
4786622,11203,647.3614894375046
4786623,1594422,341.2216406546946
4786624,1201828,596.1519815076896
4786625,405105,350.08726362497623
4786626,1501302,645.7632927640683
4786627,690472,362.22459331639743
4786628,602390,260.60243601510746
4786629,1862737,975.3017935636223
4786630,129600,312.5935707349382
4786631,1139506,323.8215651918175
4786632,1406713,647.8935280672458
4786633,667287,890.3764358517891
4786634,1969427,956.342471651363
4786635,740268,609.167335818248
4786636,1342423,527.7212280743843
4786637,1198062,545.8403792429672
4786638,889029,298.5170432905787
4786639,442052,583.1026333516436
4786640,1240447,395.37796028345895
4786641,859443,182.0376746821496
4786642,1807693,93.52193418719135
4786643,265270,937.254930290584
4786644,336962,141.19230594800635
4786645,814516,422.04060167901923
4786646,562564,900.3239834486297
4786647,1921939,708.9794181756617
4786648,431025,848.7883760049326
4786649,1703153,42.904899599401915
4786650,714725,45.17683495495328
4786651,723323,886.707902284962
4786652,1633120,21.69433086777395
4786653,185182,16.056652824663175
4786654,1280078,827.377156672077
4786655,1560163,425.405213392566
4786656,1331495,159.9011085995681
4786657,551199,553.1083546419995
4786658,1290429,501.46900034490704
4786659,818128,125.71590612774308
4786660,1946077,198.79136282277688
4786661,267084,757.6599447553359
4786662,1723924,519.5085229282067
4786663,760090,179.01708675736128
4786664,1431451,882.4300938629907
4786665,20523,566.6473630865639
4786666,1011671,935.9464272583459
4786667,564907,247.97545715617298
4786668,1468543,671.5277720404673
4786669,1663609,966.560396482487
4786670,68713,765.3806915172208
4786671,632638,738.3399240729835
4786672,234855,283.45795383475235
4786673,702882,990.35820395579
4786674,1958355,439.877698310288
4786675,1789985,422.5837644175737
4786676,1630771,427.5311419925895
4786677,1918084,740.16936051699
4786678,9982,337.75510392391294
4786679,488692,799.6432522532775
4786680,1955716,733.2969660859853
4786681,215857,638.8708176849846
4786682,1707892,649.6649300605142
4786683,119529,517.3821709310787
4786684,541440,272.9674966428595
4786685,956715,290.3982560068028
4786686,1611841,782.2975049575988
4786687,1048150,924.4067890578721
4786688,1367343,644.745248281565
4786689,1115263,446.262515309511
4786690,1552474,242.5740771790027
4786691,100682,666.004177369006
4786692,1775772,355.01598568992745
4786693,393956,466.8243158250339
4786694,1637985,751.5801907687326
4786695,382750,801.8898801056463
4786696,1919275,831.6095093269028
4786697,1569796,946.5557722595075
4786698,1306826,141.7425223221621
4786699,1007011,188.39944482132708
4786700,1210789,309.0054825783466
4786701,1435998,307.70598811508876
4786702,1567269,104.23365893851422
4786703,1471092,563.768911785274
4786704,1041612,600.4339085128925
4786705,1320858,629.548289313336
4786706,823386,964.5258577881663
4786707,648503,252.00987060268764
4786708,993055,616.4905188687494
4786709,1516873,272.8945719133984
4786710,1934058,902.0375463537079
4786711,1842906,861.6506186121047
4786712,1037205,195.0781089096153
4786713,471463,397.59323468034756
4786714,1307571,413.0365586476852
4786715,744790,822.6971033115805
4786716,713311,276.7009807102101
4786717,886362,572.3208072432415
4786718,1955114,559.1275617856966
4786719,1742062,403.01843857070776
4786720,1331753,874.1788352558631
4786721,949683,770.7041083904874
4786722,307617,880.5660871955636
4786723,469103,486.96302553553704
4786724,1857880,794.6349046672458
4786725,663915,486.286484941814
4786726,470658,784.3048675243588
4786727,1531120,884.363786614242
4786728,1393996,674.1532091753642
4786729,899558,481.0780915884303
4786730,1451793,741.0926549880668
4786731,741778,267.19160549901125
4786732,1887391,581.7877146737094
4786733,1413362,808.4068125475629
4786734,671148,744.1096309589046
4786735,1206719,3.9681702000710084
4786736,1707874,239.64607279265505
4786737,1660039,220.51264118341572
4786738,904205,193.537684863192
4786739,263022,178.65104278534548
4786740,1354085,789.5595960458386
4786741,1640200,884.8056885256207
4786742,593412,677.1275426135945
4786743,756827,941.0548693293971
4786744,123630,14.38958782306987
4786745,1729918,489.93369935130124
4786746,627776,16.239495643129764
4786747,709586,39.97476109988929
4786748,588758,600.610807708133
4786749,562109,453.9406110750725
4786750,147785,998.4242257034276
4786751,1322800,696.9634227599429
4786752,1996695,138.16275794668442
4786753,759416,912.683336852748
4786754,223293,187.56099634832734
4786755,778524,638.8435632886567
4786756,692349,602.0828827572387
4786757,1014206,573.2224117931864
4786758,945108,423.0147828519244
4786759,667876,395.0221332257513
4786760,127249,573.8005280745026
4786761,84442,551.7202128502519
4786762,1930760,38.5501975696837
4786763,251708,200.3249935453175
4786764,857196,964.8766756843735
4786765,722712,454.7342462136116
4786766,914626,501.72681789723003
4786767,763576,156.61922986423204
4786768,1924473,605.6225866940363
4786769,674950,248.32862091102737
4786770,187424,279.03221375118926
4786771,131729,409.48704686767144
4786772,490680,255.1477879676265
4786773,1143732,335.3812684352163
4786774,671151,136.22328454585153
4786775,1512670,30.39454620510429
4786776,1987062,409.2723309648986
4786777,507361,417.6306242170024
4786778,489077,893.546529023553
4786779,1184426,512.7292597186014
4786780,639666,694.1578674324494
4786781,1052677,471.00036567278414
4786782,357724,549.881371435809
4786783,1728847,809.790607134637
4786784,767638,475.11979041994124
4786785,616981,281.49351883635
4786786,1200156,179.6531824376807
4786787,1171002,264.6943148863101
4786788,843354,487.1565254256812
4786789,876341,300.30504342228693
4786790,1045031,99.99297630727966
4786791,1220119,505.3895706748254
4786792,1579340,792.3415466162759
4786793,437199,658.2805745765306
4786794,1847872,128.38824363903888
4786795,1248318,434.4794698062344
4786796,1093260,416.44196624028285
4786797,1211964,748.6253270504087
4786798,349439,605.6220036699063
4786799,1379175,450.6875454204845
4786800,1109854,610.804949898302
4786801,26262,272.85884595756573
4786802,1591929,163.93724416443857
4786803,1124112,59.103252714282625
4786804,833823,355.4616338732831
4786805,861092,707.3145709516064
4786806,41989,414.6207994110209
4786807,771682,483.210592309099
4786808,901409,702.8217865347922
4786809,1797916,746.9065525091418
4786810,840060,175.49274347738063
4786811,1212035,598.4875856981823
4786812,530453,354.4958900577377
4786813,1408893,332.9978123986033
4786814,376201,659.1648301672964
4786815,1334460,367.9477562886299
4786816,820082,323.33253689390875
4786817,269935,681.1189794971218
4786818,243443,577.7893519349789
4786819,347675,81.06286352670666
4786820,560345,981.4524567700739
4786821,1658001,906.1317462226295
4786822,1689828,278.7186051579643
4786823,1648459,539.7990084894442
4786824,724745,367.4006296453103
4786825,691807,730.0394484250869
4786826,1339566,311.9488002943398
4786827,906238,128.19784647856793
4786828,747984,961.1292949665669
4786829,752151,945.8566116774637
4786830,1804648,10.986484124543061
4786831,1891387,876.9395612799365
4786832,223189,642.9062511236111
4786833,1340880,650.8396834898742
4786834,1018233,683.3500365434612
4786835,1860764,921.3035294636619
4786836,419873,569.0812874571191
4786837,1554159,268.04040258820214
4786838,1073161,121.01605385830393
4786839,602621,41.28712826130321
4786840,1694879,293.78783088291914
4786841,137057,451.8426779530582
4786842,1547915,281.2159086016985
4786843,1494473,209.26913241175305
4786844,1607721,546.9333552806817
4786845,1140204,958.6900206600681
4786846,1853712,417.0546873296408
4786847,386418,870.2965772904356
4786848,1063786,633.3238597934186
4786849,1626614,386.36661485095215
4786850,599837,464.7178458511444
4786851,1613515,644.1169556669544
4786852,1321124,257.51873726884844
4786853,1080530,660.3988166941946
4786854,755444,657.7636929460896
4786855,717441,835.2915714643159
4786856,316815,985.1040694992242
4786857,1040123,772.4498226829726
4786858,130130,244.72168460256495
4786859,846729,260.8440610239721
4786860,793144,394.1921015883537
4786861,1467735,173.1008111864254
4786862,1070347,423.39228521900793
4786863,1674551,535.7589147682295
4786864,959160,714.3680720650648
4786865,629395,608.9505231835801
4786866,454891,401.5664006184768
4786867,1721369,571.5279290709425
4786868,1202710,247.46613047681132
4786869,1325602,315.37220155420687
4786870,638928,805.2427286467619
4786871,321300,340.48503043274826
4786872,1776146,210.0741468975268
4786873,401709,868.4209970520567
4786874,18270,151.95417094674323
4786875,1269445,703.6468928751613
4786876,275457,637.1672643864551
4786877,590024,477.63444363785965
4786878,575317,405.4996540080662
4786879,1311668,120.96020494466819
4786880,1884229,993.6645001207305
4786881,1212652,196.88445005993583
4786882,1494678,564.4475527466699
4786883,425002,864.0872899823365
4786884,1045333,819.5028895462102
4786885,1547493,331.76993986304694
4786886,1067625,621.0962000454459
4786887,47727,520.4428950092179
4786888,1524297,534.538756998257
4786889,591599,899.5301163390827
4786890,626622,263.79640953114756
4786891,1491290,763.1405005716753
4786892,1578642,618.4801296595214
4786893,1196863,619.1837588935472
4786894,1408360,301.18570710443004
4786895,913637,422.1374001921071
4786896,1658607,766.0981024737621
4786897,1916457,54.313537839526525
4786898,1354710,302.43668104151755
4786899,390776,175.53245046891664
4786900,131030,374.4274233423319
4786901,1491563,559.9748866932686
4786902,716260,133.45217257895948
4786903,1609355,213.29882896498842
4786904,791162,132.31725741823664
4786905,205738,489.62419163364734
4786906,1157130,700.0239563131016
4786907,575203,30.47026070143588
4786908,1189638,7.112553308506353
4786909,613943,822.4666902017881
4786910,602646,192.567776947035
4786911,1598796,635.8109012354963
4786912,1924447,706.266580487443
4786913,619467,851.0544563961621
4786914,334325,215.74675855589032
4786915,736068,222.74614318942864
4786916,1576933,549.2781116069355
4786917,165322,818.8748181222782
4786918,980073,512.3036433746779
4786919,1919926,154.05419220279637
4786920,673585,381.63736007164664
4786921,1212801,523.6454781549683
4786922,966427,632.5505538149122
4786923,352952,326.24270331064184
4786924,1251732,99.29691405831076
4786925,1070916,587.4492493541263
4786926,226256,74.03502183825073
4786927,1391285,418.09824879926737
4786928,1494360,786.4357721685528
4786929,613246,169.58956201851515
4786930,1714583,384.2830439434526
4786931,1573086,758.5274377308124
4786932,690177,200.27381606997642
4786933,39104,839.8171297948677
4786934,933221,991.8114267927141
4786935,1598473,948.4168082771429
4786936,1247408,265.6725271717466
4786937,200180,935.8503171409155
4786938,1921437,289.4275397763426
4786939,1080298,923.6660292386301
4786940,1683717,905.6020478311252
4786941,1039796,183.34549489909057
4786942,158378,621.9465514438451
4786943,1324395,36.73211749451488
4786944,1164560,156.61689346645747
4786945,332906,605.2175223524507
4786946,1538203,6.343642153910145
4786947,1025377,879.1894476680708
4786948,1448824,560.0008912507438
4786949,1952516,820.456268376209
4786950,328099,95.88820700819556
4786951,814055,408.83594683355705
4786952,174731,71.2608356120017
4786953,1562221,645.7241820007648
4786954,1652569,506.49102903152556
4786955,1357799,653.3312740008364
4786956,689238,205.4414586517298
4786957,1178562,691.7052228650462
4786958,81266,964.9357641458045
4786959,1526240,669.3417881962363
4786960,674536,220.75577128569267
4786961,702480,669.183479603063
4786962,114952,900.8865219540536
4786963,1284513,131.58046810388367
4786964,758678,738.6522916449638
4786965,1799578,720.1434716014159
4786966,538838,303.197769920129
4786967,213260,995.5592397691335
4786968,1090354,381.09867792810047
4786969,539920,895.9315864043199
4786970,785914,673.7478012747819
4786971,1988565,589.0037252665516
4786972,508627,627.9325536243958
4786973,845913,550.0265711128864
4786974,921779,393.4628257835033
4786975,1519681,116.76288244991062
4786976,1334636,594.0483770373792
4786977,1308339,790.4692384660734
4786978,1982239,139.82113002428287
4786979,1597534,718.4013082936821
4786980,780820,943.8562404306631
4786981,1494470,486.2602151644412
4786982,1807881,418.65078331377157
4786983,622068,839.2692951467693
4786984,810062,404.4556858873284
4786985,132799,16.97354808721063
4786986,212239,644.7058572984072
4786987,1034720,22.190975750293497
4786988,306632,887.2636357305787
4786989,539239,155.48756407854003
4786990,375674,593.9985574948875
4786991,1954106,611.3697598277662
4786992,1647956,535.0756184651591
4786993,1646599,296.42196875382785
4786994,1979636,86.00132453936516
4786995,1750241,484.2724252295746
4786996,1902548,186.43114282369032
4786997,1063664,513.7992092125631
4786998,595528,79.82477011776335
4786999,366665,749.21295318096
4787000,1409068,937.7663591406236
4787001,1269732,635.3580876791233
4787002,1644963,615.150017009672
4787003,1597107,567.7013019122688
4787004,206466,399.8507591921091
4787005,1631319,232.34714082266981
4787006,1418415,468.078055436707
4787007,272496,462.8431081366533
4787008,602537,603.8564052918263
4787009,1511240,218.92217058675212
4787010,833026,835.6661565017994
4787011,1152560,711.3708719016197
4787012,1002567,300.74121983627924
4787013,1382399,270.52914936602525
4787014,1405134,447.39281639009454
4787015,294279,69.41702081908751
4787016,1715845,902.6154430251173
4787017,1614965,455.1997332161276
4787018,1863009,830.6028269592422
4787019,1029456,106.15491406968903
4787020,1395560,242.14655530907936
4787021,1856787,489.1552512150408
4787022,20451,66.06054777095738
4787023,277872,986.0539142278668
4787024,1418284,79.20839193945406
4787025,1768747,285.8804453879755
4787026,1340824,606.1376266151733
4787027,1194647,40.33189657546765
4787028,1822089,384.3442777645101
4787029,1077303,361.4690840201742
4787030,44442,85.28082114420754
4787031,119036,933.4631669470152
4787032,316912,669.731559453252
4787033,826528,417.22462172674045
4787034,1505826,321.3377415397144
4787035,894500,472.19705889178243
4787036,1238861,972.9641591186598
4787037,904307,299.8020670151792
4787038,1463359,43.232280758299765
4787039,658458,746.1432005471987
4787040,109766,607.7577474020686
4787041,395306,327.41997381160223
4787042,1008065,981.6517340123162
4787043,1553399,383.5586761202021
4787044,992397,686.0188302364393
4787045,1594803,242.96938167537928
4787046,1309404,793.2613805193088
4787047,1977117,469.5037398972286
4787048,287528,735.0128276800039
4787049,1846611,781.8464783854821
4787050,103710,176.13430227478466
4787051,768911,802.2208428647247
4787052,365140,983.119824747939
4787053,1014981,813.0278838446092
4787054,1076227,90.47173065974923
4787055,955102,520.2782026530627
4787056,1659609,891.865152304908
4787057,627834,983.1713273351138
4787058,1365410,109.6821610730726
4787059,971656,780.6383287871433
4787060,554249,304.19900841419076
4787061,1471290,959.4166347200321
4787062,512516,757.095221294627
4787063,357711,872.1258503280868
4787064,423510,480.9703929153748
4787065,478688,396.76073315638536
4787066,1408054,81.03015867558206
4787067,163803,530.8710136305791
4787068,102678,835.0455789447743
4787069,1092758,809.6655918916438
4787070,445318,355.48085503003944
4787071,1539592,513.9588071581256
4787072,867135,480.08281751744465
4787073,1391003,289.90051842636785
4787074,1187385,18.93657040166985
4787075,587992,642.8380963124181
4787076,158536,97.74728905178421
4787077,1218038,466.4917342944588
4787078,1675987,760.3905334901413
4787079,1683517,872.3619621435475
4787080,1591871,51.56904070250046
4787081,1690279,404.6169809106317
4787082,1574776,431.58139610670554
4787083,337502,39.964088634456104
4787084,1559414,294.7439857262375
4787085,853844,508.12599584788455
4787086,1304791,60.512511630592236
4787087,527467,449.52089490324
4787088,883740,543.9781326915794
4787089,787396,201.21209896362203
4787090,1655562,903.7261918123032
4787091,1782063,277.0691490344884
4787092,221606,642.4779175371095
4787093,1076406,655.1129499375777
4787094,1503957,783.2787822354472
4787095,1443406,617.6819560816714
4787096,1749304,967.5008438942598
4787097,1652997,562.0488398678506
4787098,36942,567.4529085769576
4787099,1558109,488.3045265236131
4787100,745721,83.70923338758385
4787101,1345880,132.85055454564622
4787102,837629,699.3272222614339
4787103,688526,905.4733924321673
4787104,617073,269.18546048926504
4787105,31013,975.6542864983016
4787106,1078238,25.997299256105943
4787107,1320174,584.3104840668533
4787108,19190,315.9964956982121
4787109,1742181,340.7323407151561
4787110,333092,310.8255540679269
4787111,232366,345.8759384522785
4787112,1489473,786.7526486798424
4787113,1126949,608.2040243502707
4787114,624425,871.9392500254
4787115,681703,931.4602049521849
4787116,116017,245.64942387203325
4787117,1908390,904.9128428156855
4787118,536703,55.344645167046295
4787119,843211,721.9885860778979
4787120,1510913,811.098923428972
4787121,559877,666.5675895707045
4787122,368450,211.17160370468778
4787123,1238135,657.9934556893904
4787124,1972113,512.4123792045705
4787125,1017189,279.1649270252533
4787126,1860219,358.19482293197945
4787127,465258,20.903013773132972
4787128,43096,520.779033885325
4787129,1397555,832.3408138765461
4787130,577180,306.5576230799947
4787131,1060639,755.3201317520716
4787132,1449585,687.3846099310954
4787133,1796489,626.8359924725775
4787134,4250,91.12153840001636
4787135,844734,37.68050474336426
4787136,1924807,245.43546892608114
4787137,1895996,93.56875778183749
4787138,499506,951.9633369030971
4787139,1763958,322.33235856319897
4787140,1271143,383.2313016185671
4787141,846970,672.5442074942007
4787142,1640772,372.47067474259876
4787143,985455,868.7436959876139
4787144,192489,891.9842535803563
4787145,983187,736.4992118807694
4787146,385102,311.16222571915887
4787147,1911780,379.66041630418425
4787148,1454722,1.4183448106541707
4787149,421601,581.6718145552062
4787150,921998,374.5690486732263
4787151,193493,575.4314149622156
4787152,1654321,401.77684736807316
4787153,913994,835.6472203543086
4787154,1464894,330.92142186585085
4787155,963553,369.5794694603506
4787156,10764,923.067075648907
4787157,689002,823.505574887907
4787158,1151989,785.53248159446
4787159,1710138,479.60026870863095
4787160,1284782,308.4102054586696
4787161,32471,696.4859850780977
4787162,1080735,678.0681964062363
4787163,120635,348.8608506757094
4787164,1237831,432.3384769977713
4787165,253573,654.4688797672034
4787166,1106850,340.63193859321706
4787167,1730076,823.6642986672136
4787168,872905,427.7701477724327
4787169,495953,811.5244502082478
4787170,1419542,416.9366444622695
4787171,1673806,136.74433108500517
4787172,1347763,795.0461960007498
4787173,1527714,73.70945923426842
4787174,225062,901.8251597641906
4787175,1922281,16.72177964864541
4787176,1604739,267.55840694190715
4787177,559120,753.9463339104112
4787178,1205829,142.73590692188776
4787179,809022,971.2870986155011
4787180,1522875,892.9666528756998
4787181,1376391,130.16625230778322
4787182,214576,133.75878067350487
4787183,742650,370.3522723279893
4787184,1468773,728.3257110565357
4787185,1883506,623.5856195791516
4787186,343767,271.57137239483717
4787187,107582,961.4293167605757
4787188,1254932,887.4301389593709
4787189,28912,854.6652818655383
4787190,1183222,319.95008610426123
4787191,286854,911.870492254273
4787192,277741,348.23569936096123
4787193,1584875,563.4882728736515
4787194,221221,288.3035928918902
4787195,1287936,526.6459795086325
4787196,1818392,229.75423812216144
4787197,915225,644.9215556462271
4787198,1888132,862.1517792194296
4787199,1274584,566.4339635601856
4787200,842869,445.36488385641314
4787201,1909009,794.7422377635268
4787202,1798571,636.5615305442819
4787203,293823,348.9279282799559
4787204,367735,123.90998925810959
4787205,412620,32.61015598058181
4787206,885817,454.68175207832206
4787207,1249968,62.09981772793294
4787208,1811207,140.26976011201143
4787209,1929670,394.8130432916269
4787210,1258746,627.0466281474171
4787211,485195,545.4397678909337
4787212,10478,399.4518267609306
4787213,632803,237.31459587266312
4787214,1701137,356.488655293093
4787215,1736036,974.4596311886328
4787216,960319,478.4564636882552
4787217,289084,342.76996336847077
4787218,1031203,848.798702734611
4787219,1441899,214.85929043152717
4787220,217197,133.18807370995344
4787221,1136721,185.03723402496018
4787222,226224,409.4850964237372
4787223,1801856,412.8206439886654
4787224,808286,69.98426661510915
4787225,414291,148.05917395697753
4787226,1984107,433.05459156704484
4787227,785674,775.0108730669956
4787228,386948,562.6741292213371
4787229,427818,376.41068021976673
4787230,1615859,455.7389118331923
4787231,1535844,159.97675077288187
4787232,1708953,367.8092354902809
4787233,976827,757.7804819310347
4787234,98575,929.4299907093493
4787235,1728209,385.24904455955624
4787236,739839,969.7546895272449
4787237,188089,133.84675793713163
4787238,1522291,44.112621509205255
4787239,290046,240.44621154451184
4787240,952835,967.5905935943623
4787241,604919,477.7238927540355
4787242,644411,326.4173832777061
4787243,1757458,454.9384542950159
4787244,1110614,773.8713358069027
4787245,1323929,733.9449396143605
4787246,1307108,509.0454999401719
4787247,1114166,455.3479166982234
4787248,1122302,938.2792206246199
4787249,1123498,104.46192481466687
4787250,1998889,265.81406067349525
4787251,1789299,111.41134479253523
4787252,1778129,351.4144949318756
4787253,1205744,214.31701868372633
4787254,1333737,828.1396990594247
4787255,1493205,939.0986873552112
4787256,891911,700.4010230627802
4787257,215961,882.2008524157142
4787258,162951,580.3741949963693
4787259,1458112,390.06645131094285
4787260,410617,943.1703734041541
4787261,797599,273.54752093645
4787262,1468989,554.5470369931824
4787263,800724,335.33001516702035
4787264,660074,614.1947092445952
4787265,913702,495.82536486478955
4787266,1773359,194.6468249846306
4787267,622017,115.33712725055878
4787268,1866115,649.1496479103197
4787269,925384,829.7618551481946
4787270,1554683,127.06476136083312
4787271,1697288,280.89921110268114
4787272,1498976,259.040187503497
4787273,1436629,393.1060910320283
4787274,1350448,299.89176952027697
4787275,1940720,179.13293389833274
4787276,421152,886.0792531322902
4787277,1359495,448.9984920125175
4787278,445192,850.8814827558738
4787279,1879921,142.13727111063756
4787280,526386,832.4445433802904
4787281,159605,829.2454639279222
4787282,1320905,979.0384738896153
4787283,1061923,920.2770278600739
4787284,1292456,614.1990637122136
4787285,1146647,45.275143794892834
4787286,1716184,711.4318842529663
4787287,229102,899.8784475666849
4787288,232092,814.1856426466954
4787289,1637406,753.2824539838373
4787290,1776359,268.19566281558616
4787291,508476,917.5475327208156
4787292,461931,33.823662881961035
4787293,1968986,11.264997896871186
4787294,167186,615.3386681088405
4787295,1565180,83.84505860539548
4787296,878000,514.509694769605
4787297,847950,464.30772758953367
4787298,1949829,457.91390229664705
4787299,832248,15.560672479830174
4787300,1012071,507.54551756182366
4787301,1862293,466.0981004570951
4787302,1856645,618.2789348731412
4787303,1573963,4.623137464786042
4787304,1685154,32.735676769224064
4787305,1180361,985.081793516313
4787306,631837,42.90482462958778
4787307,944847,323.553550218727
4787308,155432,631.3695655751084
4787309,923587,756.1608094377693
4787310,70188,943.3139829210472
4787311,1620992,928.8647252541152
4787312,43711,152.32092094131133
4787313,1713520,82.36939170592095
4787314,1822297,276.7385322022274
4787315,14591,234.1701899360591
4787316,144121,849.2028379829411
4787317,1917275,297.53415151999127
4787318,250731,523.1230868260645
4787319,1314457,654.0394332497739
4787320,1151810,736.2715423724195
4787321,1477346,867.8503395320851
4787322,84886,626.126796719294
4787323,1739582,432.6386754268844
4787324,1884387,826.61498713042
4787325,1975937,279.78250953153486
4787326,648963,480.98303149614196
4787327,1831005,520.6176063244347
4787328,1853521,449.95203955269625
4787329,1607564,548.6883855388132
4787330,662115,973.6600555713792
4787331,1056672,711.4753252410143
4787332,383850,187.7529783260572
4787333,1939569,682.1921921728833
4787334,1172527,47.73415519253821
4787335,1825066,375.0489158349087
4787336,1879093,702.6250546215849
4787337,1039643,228.27397513088553
4787338,464049,809.0495627252526
4787339,516792,737.6022562329404
4787340,495091,417.2843674314155
4787341,1770263,672.0691089922984
4787342,1506699,670.0601138412043
4787343,420128,215.76180216737373
4787344,1233942,420.3698754859131
4787345,879058,743.7448764317691
4787346,1432968,134.36067925075977
4787347,109754,207.03519916603074
4787348,1350730,635.4655792992475
4787349,251959,639.7590728821366
4787350,1559263,857.995402181101
4787351,855178,62.08107541134456
4787352,60982,509.1897679107077
4787353,87269,135.04234477933852
4787354,1163745,655.429261766839
4787355,1090586,463.5130544857109
4787356,817755,903.2713317597503
4787357,435432,175.41884906090755
4787358,1241107,325.48713052753885
4787359,286988,568.0368410858654
4787360,1406212,479.3353064346234
4787361,1619997,210.86435234777878
4787362,544966,963.2790042251689
4787363,85353,884.1972081039534
4787364,31574,348.9236533958412
4787365,1988362,747.4897116887078
4787366,951906,351.97863271143535
4787367,686583,785.7078014615068
4787368,1700269,888.3128189546783
4787369,1714391,682.869942937334
4787370,797470,437.4244467764896
4787371,420322,632.9442737280269
4787372,499663,996.7879330678364
4787373,377979,581.8110133048232
4787374,1525244,935.9324238320188
4787375,476096,762.1272817105913
4787376,118524,200.70868556159016
4787377,222082,399.6325777969949
4787378,1143196,625.9610644313203
4787379,793674,159.0925607645225
4787380,1694745,65.84721554782702
4787381,732233,672.1074943977087
4787382,1539915,114.84124148460218
4787383,219974,236.66336581210513
4787384,1176946,629.9118285574522
4787385,598060,616.6011320509223
4787386,1628887,105.55463002855913
4787387,1479350,171.3924374963559
4787388,832645,523.3098245938731
4787389,965440,303.10035363344844
4787390,1095338,573.4227440012287
4787391,1668532,713.7736978717362
4787392,125719,357.9185796373896
4787393,181526,774.2974173132021
4787394,456818,51.818095255158795
4787395,490743,792.9484750043035
4787396,1272796,524.308939985481
4787397,928521,622.1429207398598
4787398,322333,405.5245427720288
4787399,1769498,202.054474372099
4787400,1438753,735.3219424698325
4787401,1829039,300.0687243518516
4787402,1888946,343.17185549159876
4787403,731957,364.4063531704301
4787404,1080653,264.73774932246243
4787405,200226,92.98477700391217
4787406,114205,955.2846920494507
4787407,165442,442.5673609508186
4787408,249869,606.8961907538508
4787409,1007381,423.00695698917036
4787410,1684608,700.2874180328128
4787411,1552363,550.9175645849934
4787412,234759,227.3094190577457
4787413,403675,933.658316076815
4787414,1326055,354.93265852958325
4787415,929026,122.6770971653126
4787416,1563102,464.23694923047174
4787417,461187,253.51279473212918
4787418,1936949,785.1173579811053
4787419,1028002,753.5716317215749
4787420,846772,248.4405338661737
4787421,215466,128.81728483856912
4787422,896269,759.9788065133589
4787423,907490,912.855515774388
4787424,289135,888.6939050362557
4787425,590900,756.2795766095209
4787426,1738547,276.71828329855555
4787427,748515,601.9802789548623
4787428,552208,874.1969025902066
4787429,944751,769.3261916497543
4787430,177029,243.41154740317194
4787431,1702799,956.0973028429294
4787432,453784,815.3759988776455
4787433,494513,931.1368730625805
4787434,385853,251.7625325459335
4787435,1108417,873.3684310590626
4787436,904221,331.2243295030737
4787437,1943106,713.7410014317586
4787438,1371564,886.4793358638672
4787439,90249,525.1735190709101
4787440,268909,273.37579541350823
4787441,800568,936.658817728707
4787442,413090,36.60942937967815
4787443,24031,480.30572667181394
4787444,957285,947.2397883864132
4787445,1480411,581.0835698634855
4787446,317180,400.4471116439523
4787447,479600,372.2969687171362
4787448,273665,400.2808630013963
4787449,611738,742.1887450184017
4787450,1745604,146.6507932471468
4787451,1108441,370.3673755328959
4787452,1773171,961.2232275169596
4787453,1847184,502.0728164626902
4787454,1427601,6.649741205949633
4787455,1405314,598.0442410100023
4787456,1541105,772.9986472643112
4787457,1241329,931.1783323119939
4787458,633592,58.11169165233143
4787459,332763,898.4974102046491
4787460,1332191,836.2320651299233
4787461,208474,439.26462416278076
4787462,1109287,959.1848078848125
4787463,1833120,646.8040124568182
4787464,674210,550.3623023716594
4787465,1765652,753.9938401935952
4787466,1095974,539.2522438165375
4787467,544410,220.596650537057
4787468,131270,164.10622057798486
4787469,1385971,996.9168428087233
4787470,1504537,940.7131298498131
4787471,719560,815.4696768683932
4787472,247703,19.039134167240015
4787473,708715,394.63338167653785
4787474,1773179,751.5785864887073
4787475,1691732,619.6274822537661
4787476,226354,161.8139595382655
4787477,1015540,452.7730628448814
4787478,1343586,811.8359998182091
4787479,1884315,912.0954763267779
4787480,1737844,652.8597673314503
4787481,196605,932.4271497357081
4787482,1607489,213.4480615986961
4787483,832650,975.4343617110567
4787484,1711458,753.1778870839132
4787485,1949887,25.42428061196411
4787486,336799,444.5179206768686
4787487,86360,951.234803409877
4787488,1617404,540.3721901138438
4787489,510450,284.7054870629605
4787490,252402,973.5402388243621
4787491,1776070,469.77951331733357
4787492,219386,567.8493119111349
4787493,1904006,587.8817464229726
4787494,1892619,620.0233466724203
4787495,1262174,22.67925930496839
4787496,1137298,223.58969014212738
4787497,1726097,896.1097648536038
4787498,96622,256.9774130933495
4787499,844086,880.8210875401492
4787500,204975,109.62552808996917
4787501,1507735,336.9423024824353
4787502,588929,221.83645019526944
4787503,1722413,720.3174584998065
4787504,1311162,240.90156442851452
4787505,1688770,123.7653788936357
4787506,84238,680.0349312727141
4787507,546091,323.24746484502066
4787508,584404,433.4831124708156
4787509,5641,375.3593404710457
4787510,1851919,755.2405910164559
4787511,1556655,193.5243012506114
4787512,199052,187.5712645559481
4787513,781440,236.91592060838306
4787514,9122,560.319122932968
4787515,531650,221.081197535399
4787516,1695319,606.5805539847191
4787517,314422,737.8437648150224
4787518,503124,44.01294943133638
4787519,546734,860.0136130391546
4787520,953419,696.2259934679324
4787521,268355,525.9684395884684
4787522,1269753,156.56984679037043
4787523,129836,429.4873166747751
4787524,394323,613.4267089112967
4787525,166578,203.65367126669332
4787526,513298,810.970290760498
4787527,1178568,561.5637988230327
4787528,1757602,541.4848607677062
4787529,21930,757.3882816995526
4787530,487541,636.3095964125669
4787531,588449,626.284844849369
4787532,522137,657.6527013438011
4787533,48579,627.8588052333934
4787534,440599,16.36426267321267
4787535,368182,250.93612077527737
4787536,1137836,454.6677894082957
4787537,290071,428.7499124447127
4787538,832964,498.14650590740564
4787539,589738,323.01909573384734
4787540,1989944,98.58652880183449
4787541,1018536,761.8284584199005
4787542,1318955,702.8191392352402
4787543,400461,639.3815686554443
4787544,799910,534.0237060398374
4787545,391174,526.5917054593702
4787546,62297,302.5896009497027
4787547,225346,499.27501602617417
4787548,1133682,884.6377439971084
4787549,1906140,319.1015142700585
4787550,1863972,709.1251078981018
4787551,831659,971.7561299136967
4787552,489407,485.9390362963566
4787553,625966,490.4417703965309
4787554,599695,943.3851583175654
4787555,1003879,642.3324958902042
4787556,1294546,475.4628876255468
4787557,1133405,284.60449353562734
4787558,625285,584.9295693656785
4787559,1526279,435.7383371464304
4787560,1730726,204.18794215675496
4787561,648023,129.8505007945424
4787562,3963,271.98272302126213
4787563,45783,417.7830201837761
4787564,1242421,866.9597157361216
4787565,1073435,278.50881393954506
4787566,1701306,774.6880673801475
4787567,734296,924.3037596963244
4787568,1228804,114.75155868873298
4787569,956314,282.8790775516122
4787570,893358,359.5200658603037
4787571,774043,637.4400976674779
4787572,414998,762.1145045602478
4787573,402232,112.13896955757485
4787574,723108,710.8835557248854
4787575,510341,74.56290549922461
4787576,1838385,658.8027229692549
4787577,1463048,867.0675374114027
4787578,1224844,90.3430015116714
4787579,539146,212.62230747815437
4787580,1140382,21.669744872613418
4787581,1775889,415.45045578366427
4787582,636981,53.03129196713452
4787583,1862387,198.56758795624873
4787584,1056231,259.7641120732561
4787585,1232781,905.1680501812206
4787586,26133,709.7325560296271
4787587,1270553,413.8748095243938
4787588,896023,103.87315209944259
4787589,502565,663.7243506484581
4787590,1142911,660.8299259759665
4787591,1396264,197.35116532752826
4787592,1997949,598.8339059524278
4787593,1868351,319.0027462832962
4787594,961109,305.57548125890844
4787595,1475362,768.6911062435631
4787596,1551095,823.9996855775302
4787597,1672209,521.1408152042188
4787598,964786,538.755852287909
4787599,265417,501.50209524113797
4787600,183151,161.8293758308922
4787601,1773491,407.94981766943874
4787602,214735,573.8031853268358
4787603,509708,422.7668849203098
4787604,680609,142.8568994056405
4787605,1515921,274.01332772518185
4787606,1802400,278.03306092652167
4787607,1576987,655.1093073608386
4787608,532566,407.4291853138926
4787609,1244666,188.7470029074504
4787610,1765599,851.5432402553602
4787611,1708961,76.95201581028543
4787612,1432705,770.202757667211
4787613,78313,667.8269617566924
4787614,444063,871.9107024185538
4787615,1603415,819.6705119338792
4787616,1772505,584.9507725422081
4787617,734785,248.2423713782995
4787618,342749,778.6008340127374
4787619,1084844,260.02826004226654
4787620,1459676,255.67180911211528
4787621,1233898,498.04866468207234
4787622,1856824,958.1710752347641
4787623,258940,760.7498552282184
4787624,583458,806.3690810505275
4787625,1564783,892.2515854403285
4787626,1274243,821.9857379655944
4787627,1950337,816.465774868256
4787628,1070999,814.8605724087079
4787629,27751,770.4039876545368
4787630,1490467,143.79242036182916
4787631,1081051,589.9351454024328
4787632,1238896,545.2583090339566
4787633,1562962,456.6168371686186
4787634,217675,835.1288700659738
4787635,1214746,780.3162096463299
4787636,1298301,292.706116853387
4787637,931619,945.3532936281262
4787638,1953120,799.2057780072198
4787639,1266279,994.3131583903852
4787640,526743,193.59568089748424
4787641,1347181,135.61192140515078
4787642,169889,614.1173669958098
4787643,377737,127.16023592747506
4787644,1177481,772.6708278522214
4787645,1924132,910.946701324139
4787646,42000,233.4976293972907
4787647,1106721,371.92603059144403
4787648,653647,749.1852013533937
4787649,1337824,322.7174176265311
4787650,1957715,356.0653690824813
4787651,1431659,212.67834955309073
4787652,1525208,112.74119669169946
4787653,236827,637.5263204604851
4787654,1335384,358.6279890301346
4787655,459649,641.9688280833311
4787656,399557,23.466536248565983
4787657,222830,53.742221399223354
4787658,382815,311.9755261802647
4787659,1185815,839.1677074621391
4787660,1532201,17.94390907590493
4787661,277976,404.70842320463396
4787662,3966,64.24641172190127
4787663,592418,194.04906359152696
4787664,1854920,147.8157238097394
4787665,845761,757.7777681629682
4787666,553513,95.14386995301027
4787667,1552666,629.8833724042538
4787668,316469,394.2517102772972
4787669,395861,188.85292173681577
4787670,359617,412.1190614199309
4787671,1117296,800.0271693774409
4787672,1764869,732.0868777900614
4787673,158484,305.7512624212286
4787674,177557,820.6819454928565
4787675,1112032,467.04247544390466
4787676,810340,766.0452776936411
4787677,1008783,139.43692336428737
4787678,1654679,709.3523701127175
4787679,1763756,147.4599504046239
4787680,1588295,552.2902125225414
4787681,973862,351.0871048178882
4787682,946564,889.0924711924263
4787683,4727,30.235239203608046
4787684,1710314,332.8719398622153
4787685,1391052,683.3574469413091
4787686,738231,870.8004756156212
4787687,613736,853.307590506051
4787688,1760639,113.03074256028667
4787689,1975085,671.1639835984678
4787690,8322,9.343664297175923
4787691,1374401,484.4019679678278
4787692,121895,778.8502947385356
4787693,428501,181.70464435509692
4787694,1938826,959.5947616318349
4787695,438794,516.3869260892169
4787696,1973176,914.916894480734
4787697,1918197,915.6378703182902
4787698,1771523,469.6336859961751
4787699,1809226,479.6944904694882
4787700,1043833,838.5589028354111
4787701,411550,394.15179635676225
4787702,918134,759.0445261640881
4787703,663519,596.1992373273224
4787704,259342,359.31091802850847
4787705,716187,68.60740900626017
4787706,888572,406.59394076596845
4787707,322140,502.08886519422526
4787708,412253,160.8563833474127
4787709,1147446,391.624284196327
4787710,171057,506.86747506888776
4787711,617864,274.1940061665402
4787712,1185543,544.2292757794388
4787713,1389938,69.20938637445984
4787714,270978,217.05944410526047
4787715,44512,490.33590775897864
4787716,185328,118.27523112488136
4787717,214027,901.9250383434995
4787718,1754464,692.1873407965331
4787719,255432,154.31270429403298
4787720,732299,925.7126454673523
4787721,1211706,259.48775296720163
4787722,1495425,541.4019775748035
4787723,486625,523.093959674501
4787724,1921777,643.5763404550174
4787725,1123133,619.5955465285431
4787726,1436201,258.66115481308816
4787727,1127667,98.97552720054937
4787728,669601,683.3246993555705
4787729,256041,424.0048645507576
4787730,689069,953.4417526961325
4787731,1023750,422.38255992805705
4787732,684996,809.4768018068634
4787733,448765,790.8568567765691
4787734,1142479,289.62538584075236
4787735,353938,616.7670198545286
4787736,1827068,249.48916048227397
4787737,348498,361.47919160353746
4787738,447626,991.0747852450552
4787739,562234,68.68023909486742
4787740,984102,853.4623269799625
4787741,1028571,245.37706401603177
4787742,1891711,287.12887555079914
4787743,689950,718.405365987858
4787744,6898,273.78343225851245
4787745,481691,532.1584940839766
4787746,1389565,934.0477526398934
4787747,671900,120.31181773131772
4787748,1853128,671.178304031981
4787749,729660,609.6881327009506
4787750,1544147,761.2916773293099
4787751,1599591,808.3072217228073
4787752,1132443,701.0529423045328
4787753,1894996,68.21321929679358
4787754,77926,318.24866087097814
4787755,1925335,715.1524674009914
4787756,243129,392.1804801108205
4787757,691773,915.7761427286755
4787758,795745,149.0740586030308
4787759,1208565,141.68901209349792
4787760,772021,697.6700937684028
4787761,1357231,438.4756722258685
4787762,906629,596.4810447026092
4787763,214624,276.44435095499574
4787764,1451689,351.3433695869238
4787765,1072022,409.34692354637923
4787766,347961,83.44225914396353
4787767,1828178,276.74273143163
4787768,1628659,720.0972936958268
4787769,1161054,708.7146476830209
4787770,647457,60.51207132001135
4787771,270004,198.68104722762936
4787772,1101470,555.2957588964629
4787773,1072955,405.7633347686303
4787774,34001,470.77863374400243
4787775,219082,528.6358822760116
4787776,433113,602.7757788191394
4787777,808658,253.46254234910305
4787778,1195952,38.88561868933982
4787779,588562,568.0066009967034
4787780,770923,461.1120555058088
4787781,486340,447.21220957575747
4787782,1722179,892.8387300542053
4787783,1126240,888.7659786258962
4787784,1835175,109.41475640871235
4787785,898698,158.36815820917383
4787786,1417288,430.4898049466254
4787787,917192,809.2077600664019
4787788,1382106,811.8077738904186
4787789,58132,499.23353267449613
4787790,810813,656.0689173442827
4787791,1798770,404.4576564951887
4787792,754296,139.6903228080405
4787793,336183,642.3084100003261
4787794,70592,934.5069096921277
4787795,1556356,237.64589176759233
4787796,1275747,832.734127195278
4787797,1540319,107.32337239136879
4787798,196907,280.3422706859761
4787799,87010,992.090616253992
4787800,1198924,130.97492225612305
4787801,1265482,94.11814978588507
4787802,862404,358.38693106317567
4787803,793273,113.1556766927807
4787804,714179,52.91845982866128
4787805,124563,128.89369808053874
4787806,1499147,34.285110418022626
4787807,419323,167.32863138944154
4787808,1417360,23.555163666562407
4787809,600120,695.8467645287253
4787810,60765,135.5609990334933
4787811,370149,364.5212911563831
4787812,796061,868.6731198121906
4787813,1581003,353.05942805164756
4787814,185790,57.20406876977058
4787815,1777880,876.5893383250121
4787816,365496,243.7015109689502
4787817,740017,342.338707126163
4787818,1344244,176.67063983858
4787819,1043178,169.1125654623149
4787820,572881,695.5888010388846
4787821,1291358,20.02190030109663
4787822,143860,932.6296747676694
4787823,1748668,257.0425402089087
4787824,1032504,139.28230030082312
4787825,922139,315.6057399883608
4787826,1547419,371.9009461687833
4787827,468804,808.2666851481321
4787828,1115192,619.3861972083542
4787829,777911,726.2421014397835
4787830,584800,549.8038037717205
4787831,1243745,940.1370074093776
4787832,1362649,828.4900288971289
4787833,1244041,976.1577846054407
4787834,1364293,891.684524256665
4787835,293261,335.5905261659504
4787836,68936,80.59127560247403
4787837,1337615,934.2267347645115
4787838,893486,658.4941338811558
4787839,552483,325.87802817663317
4787840,1421076,644.8709466080455
4787841,41906,103.5732532418372
4787842,1246291,734.2454144669823
4787843,529011,44.93928880895726
4787844,488723,561.3259278512139
4787845,793997,7.066778901189008
4787846,1782642,67.80302382114978
4787847,949588,735.8948183786688
4787848,973144,647.1099020893039
4787849,1091750,35.181767762914816
4787850,1729505,697.2814783141102
4787851,1140842,664.8768845640491
4787852,926574,527.8774379692816
4787853,525614,604.4581702944271
4787854,710608,370.7411592736509
4787855,1443043,41.72046917293992
4787856,395161,709.0001855513117
4787857,968057,684.6779945469762
4787858,1288631,489.93267357781525
4787859,1779030,405.70247596771827
4787860,918398,484.489116561825
4787861,1947793,496.2065270468867
4787862,476326,527.178176352323
4787863,905646,731.5086039506028
4787864,1287290,36.572598868572335
4787865,891142,170.02927589128868
4787866,1477755,415.17302432063184
4787867,604975,536.7425407813497
4787868,84735,387.9792310731863
4787869,804888,731.2123227453559
4787870,1232422,332.41819475446266
4787871,580217,439.9379006260781
4787872,1217539,814.765634395336
4787873,1818708,626.701891848888
4787874,1780411,555.7841315876886
4787875,565595,288.75851527667504
4787876,1146781,552.3517993087596
4787877,1884943,392.49002969486537
4787878,537941,879.9156023038984
4787879,1384703,584.8608667413539
4787880,1154737,861.1454774508073
4787881,174753,826.4808797732355
4787882,406554,950.7122935442745
4787883,868695,902.579410168024
4787884,1964697,801.7476258587028
4787885,1544456,435.3096713023704
4787886,211979,973.7786872342747
4787887,707553,412.7134201563062
4787888,37611,537.6214874292751
4787889,1367855,906.418109984758
4787890,342466,649.5819021785617
4787891,942123,602.5131372080143
4787892,1970006,752.567492583756
4787893,1712196,684.5944251219051
4787894,978090,748.7006861121879
4787895,1062889,171.90273140273692
4787896,1246110,828.5707517916113
4787897,1978876,644.9963051066429
4787898,201335,547.3371703566396
4787899,1411975,571.0414082079789
4787900,1821914,198.34126139924257
4787901,33524,790.4759931814507
4787902,454484,116.93095916007712
4787903,1182306,694.2888823273523
4787904,417037,692.293233191034
4787905,831100,478.767244951069
4787906,1493448,512.3974745797739
4787907,882560,490.1354119846267
4787908,1058853,567.0697895373872
4787909,463661,368.18671140216975
4787910,1087467,990.5890941276839
4787911,1824447,807.1903654604931
4787912,1448491,979.1718562135732
4787913,851685,540.1164812145166
4787914,1233345,381.04035375032754
4787915,516821,174.190460850844
4787916,717312,838.959881010617
4787917,133749,214.3514170712748
4787918,1570200,540.0842029054952
4787919,193279,897.8147093431783
4787920,1067137,990.5539524829742
4787921,1827404,970.2216124820369
4787922,1799836,160.94190887548044
4787923,101885,988.1453652584448
4787924,1068094,793.3904271712988
4787925,337436,846.5168693870429
4787926,1861295,951.4339013572214
4787927,572608,185.95912920668877
4787928,1714556,220.4348964474674
4787929,1045720,676.9659169202718
4787930,45947,958.8121472588979
4787931,97968,326.16429096552423
4787932,1994843,915.6133849056712
4787933,1155889,460.51170020888696
4787934,1311840,60.38384337688141
4787935,511799,202.1815525799362
4787936,1735998,876.6865294832627
4787937,43385,851.601731958203
4787938,712476,285.0335888178369
4787939,1483548,521.7518495195156
4787940,1761839,269.5603691830162
4787941,738525,170.87591030344208
4787942,810870,446.2811765433421
4787943,840417,657.3636244777392
4787944,1220901,678.7716061703247
4787945,925988,621.9234759261825
4787946,19209,507.4203215237274
4787947,1477506,467.41474978774653
4787948,1114688,721.5984328787619
4787949,709229,831.8017622936763
4787950,745449,700.7982722720043
4787951,961331,157.49044958172598
4787952,1706889,266.1227721857511
4787953,1326323,970.535633568889
4787954,414850,141.8026505212997
4787955,363429,562.4647615006387
4787956,1205429,25.796421346810703
4787957,961201,983.9116739822994
4787958,1399017,576.191968472409
4787959,248512,676.4206374119753
4787960,1938786,179.04036936726996
4787961,240036,304.5899848533031
4787962,1978598,180.3301505126589
4787963,1951721,797.4239234047031
4787964,1738071,882.1324276192399
4787965,1246980,999.5670721713046
4787966,266674,377.29256204493555
4787967,155195,287.97541130877016
4787968,400710,107.1160345443214
4787969,405392,105.49253201213205
4787970,1029189,304.85705856905963
4787971,597245,46.970021714164204
4787972,707468,143.6881766311061
4787973,1608899,880.500734058152
4787974,1577224,980.7064940478768
4787975,1425784,670.5496349161144
4787976,1146094,355.00250519041487
4787977,339380,682.1868763928218
4787978,734222,108.07315461665901
4787979,509823,483.33892611284335
4787980,1072733,372.04886656056556
4787981,324820,149.36872090220066
4787982,703284,561.1070587168697
4787983,1041387,52.2135480183199
4787984,444081,849.748223048055
4787985,1239212,758.4832663031713
4787986,552943,173.25366166167234
4787987,1144366,395.88177569007235
4787988,504944,190.12741951990952
4787989,1548031,755.6829588754533
4787990,271430,554.0149018504785
4787991,981542,514.2739328004578
4787992,1722887,263.9158521434625
4787993,1077042,874.901572194377
4787994,1316990,388.3289016849223
4787995,1226466,166.89928851553958
4787996,645006,131.63175228162905
4787997,1882423,695.4306297391881
4787998,870253,215.1281507219146
4787999,402781,821.2635694392062
4788000,259718,78.70305647322328
4788001,1740706,835.4972986138112
4788002,183667,421.5066040850408
4788003,1909245,852.5993237652381
4788004,596637,936.3938615378828
4788005,1167296,656.1413995751789
4788006,1156217,275.0418933105386
4788007,1574756,195.3277095454685
4788008,204750,906.846576583696
4788009,218651,573.2215604364264
4788010,1018827,858.5690151536704
4788011,8374,22.059323021514366
4788012,1475402,977.3748101196792
4788013,1454736,74.35033879267472
4788014,1652911,443.31493039722056
4788015,915535,743.4321019457207
4788016,269788,476.6437692423023
4788017,1000637,29.61754182398979
4788018,221891,712.384501735782
4788019,258460,840.8051066119712
4788020,1724112,172.16948409791766
4788021,459980,435.7647922418004
4788022,963810,965.6806156694637
4788023,1681828,106.92183507371634
4788024,1661821,973.2851895549072
4788025,1844192,128.32477377945506
4788026,385447,840.5701651066721
4788027,822771,420.3845757446035
4788028,533499,807.7098644546619
4788029,204254,921.4482375684607
4788030,38926,131.58106577638395
4788031,53560,139.0494741113675
4788032,1432579,8.835357781736386
4788033,336956,54.80054801893242
4788034,1065568,153.25247149313824
4788035,392151,98.05355143097572
4788036,909510,213.76780478582813
4788037,1700657,661.1643008619818
4788038,1815762,838.9150870216635
4788039,1703231,474.9891170174406
4788040,817610,123.29315573023247
4788041,1685370,66.5111772017507
4788042,217709,396.11985409195904
4788043,37687,900.1480887914848
4788044,1099438,534.5893575499746
4788045,1312809,157.06350957685112
4788046,633532,222.89735322561245
4788047,1657266,171.04000154025124
4788048,793341,331.9123172690714
4788049,471345,237.9464061100842
4788050,1639616,787.2649665978498
4788051,501924,699.9995229695402
4788052,1633694,185.5972358964054
4788053,113936,66.97656496802217
4788054,1224470,311.9679566582314
4788055,1234103,485.9586596197032
4788056,1401368,289.18524022830206
4788057,1993647,200.62550393871769
4788058,225079,467.1117622062988
4788059,1500193,138.50990283815557
4788060,1492393,9.741909958360552
4788061,1081316,834.7220143945588
4788062,559029,159.67093306590863
4788063,1235488,30.229255680399024
4788064,391105,666.2735054472494
4788065,1896666,720.8259357134953
4788066,54356,745.1663017184009
4788067,1592451,337.2104500617852
4788068,725433,390.03036738322436
4788069,1397934,46.31004228034008
4788070,1049448,523.1234781673535
4788071,836097,594.8831044424455
4788072,1918487,303.26306690873605
4788073,827728,954.5669578419781
4788074,556059,49.91295763389447
4788075,1957946,863.7866341723429
4788076,734176,214.50744358483377
4788077,1702063,395.11813645472847
4788078,1919708,540.6776903367966
4788079,1566616,940.81334750055
4788080,320981,938.9816526603597
4788081,680002,871.3877463835506
4788082,367721,473.7351169868338
4788083,258155,762.5927432370262
4788084,1924979,355.8360363607956
4788085,1666546,505.9681298443659
4788086,1105688,439.7824780708706
4788087,669711,52.165483239047575
4788088,1185672,380.6358618192676
4788089,150105,857.433735157618
4788090,157333,34.071327857277176
4788091,1622405,291.6754837093887
4788092,536374,698.2627049901503
4788093,1781566,814.734114339992
4788094,1790511,852.0932598200742
4788095,1074203,593.2253199407807
4788096,1830615,218.27496954697722
4788097,137394,294.4573128538963
4788098,1181464,614.9218311836318
4788099,1623877,6.684631474052627
4788100,1504254,326.7984625767104
4788101,438486,829.1459813573302
4788102,1502691,731.9556917564339
4788103,107568,819.4384494464275
4788104,327602,4.786084052289641
4788105,1320460,178.81640296688207
4788106,754203,16.302584839825606
4788107,1646662,933.7123190913198
4788108,276161,111.02779700846921
4788109,560672,424.8929380773645
4788110,21894,890.4489544722047
4788111,1036703,475.9066344332131
4788112,1309176,727.1830748429915
4788113,1566985,108.82063511433948
4788114,1187426,374.77860991537716
4788115,1336449,166.33994796914953
4788116,166777,764.4931241252715
4788117,1315143,966.065439826243
4788118,1678890,752.7849055666126
4788119,1365272,132.42883778375426
4788120,1548420,358.8634091363868
4788121,1650343,924.1471046615366
4788122,1148111,614.5646662286409
4788123,390846,771.1621656644343
4788124,427698,40.02554266348013
4788125,1226108,848.1324141108009
4788126,1008385,505.98000900294846
4788127,203187,506.66456163886306
4788128,1730867,691.7158154748489
4788129,1452390,352.52805279181075
4788130,1142503,888.4139096423439
4788131,1750885,945.8702368854584
4788132,758550,719.2214615218406
4788133,375693,202.6138378739044
4788134,1139681,685.3339285407393
4788135,776872,936.3049922193978
4788136,761344,833.8103810052656
4788137,420709,876.1084466917479
4788138,258252,356.91770798847153
4788139,892413,374.70080827372453
4788140,1283057,450.47347225178737
4788141,906731,747.6619987505754
4788142,43836,202.78321594427427
4788143,1953870,303.64389959471725
4788144,652551,773.3014916152702
4788145,1972197,94.02046988590429
4788146,1891650,445.4053184981962
4788147,1903278,865.6838265714708
4788148,805936,239.40588311185783
4788149,277540,696.8091437613837
4788150,585638,593.0894545278724
4788151,805148,60.30745626471268
4788152,1187507,589.9575395662391
4788153,224579,242.7339815004751
4788154,489820,310.73988178398514
4788155,1866017,793.9408583351302
4788156,1680912,130.64527682361904
4788157,1105273,891.0950073292292
4788158,412116,204.21760953858214
4788159,933322,636.8275303080723
4788160,41601,260.9016669236827
4788161,706191,985.6887466026205
4788162,1461912,525.0275322989133
4788163,660516,402.1650951464776
4788164,1887879,341.8304976573172
4788165,201876,841.164618703763
4788166,174639,88.01426758369391
4788167,175200,18.78309557907498
4788168,1456373,226.967608991958
4788169,1401254,327.3906773850166
4788170,966299,783.5986956322279
4788171,961568,862.2524307946999
4788172,1039278,370.6013536160464
4788173,1378094,896.4404746277097
4788174,1055748,968.1359756397379
4788175,1900126,752.6268657622785
4788176,1076150,715.4070949985733
4788177,559594,682.6580065944696
4788178,453471,457.7912940570835
4788179,364980,452.9620385111155
4788180,1802545,89.80969088795665
4788181,1143482,925.9754832395294
4788182,387093,252.0162646912638
4788183,1189550,613.9479601171159
4788184,1556527,708.1936887330992
4788185,1769660,662.7687914590095
4788186,1957927,106.92612286885361
4788187,712317,988.6130985571531
4788188,740607,396.5186177856598
4788189,711192,735.1356155257834
4788190,1958428,108.36817065666982
4788191,766977,402.68862662951557
4788192,1837680,342.6703012635768
4788193,1366462,273.46869304051637
4788194,714120,792.4839162700408
4788195,1622561,162.03561442435543
4788196,1777243,147.7203630432341
4788197,749370,505.9586431077
4788198,1402547,372.6583315016749
4788199,1256561,280.7313945353815
4788200,1924159,221.59034051448234
4788201,1415662,314.4998138609448
4788202,1978685,5.739238544466896
4788203,1518350,68.75382452302048
4788204,944975,480.8188233858869
4788205,647969,835.580000405673
4788206,1796960,508.27736831330174
4788207,17458,460.6656103950404
4788208,174295,637.3169488461746
4788209,234263,808.9740106351161
4788210,462641,859.113757266626
4788211,1219025,447.42366693482404
4788212,1967085,845.7740383980508
4788213,1682177,131.13694186750658
4788214,594910,448.61120206962545
4788215,325285,468.8428277553206
4788216,1386312,482.784497419436
4788217,712340,288.2919951452958
4788218,972550,491.5754443676943
4788219,676716,729.6205695165514
4788220,113646,915.525757540583
4788221,1138691,564.9997631479896
4788222,1947966,391.31436238101134
4788223,816962,75.87688244657964
4788224,914315,909.9244814124974
4788225,1054719,579.4799361045477
4788226,875556,159.72793762600867
4788227,983486,586.1630397220956
4788228,1880600,663.4766075777213
4788229,196717,835.8716463285283
4788230,864729,186.45188909310096
4788231,1901284,616.1689805518648
4788232,729025,232.62910741767328
4788233,323177,593.3454590651041
4788234,708121,813.9869339550118
4788235,5925,926.3701566396961
4788236,377195,762.4589864574381
4788237,1393456,143.13655056418506
4788238,923062,173.2452830322625
4788239,1273146,404.8145308510348
4788240,1188433,273.8021735497455
4788241,772663,408.3230092270569
4788242,259307,879.6171775595407
4788243,775135,503.0080997018752
4788244,839287,375.8373306667273
4788245,1207844,59.13066153440627
4788246,1034881,908.306401019975
4788247,247560,99.83329270802166
4788248,1522503,835.9815592479339
4788249,115414,864.0309875365901
4788250,413995,580.4394297803597
4788251,80635,518.6960050709979
4788252,1408870,874.1265630664994
4788253,1819039,434.5573871615682
4788254,630183,241.14662838197188
4788255,795287,860.2147736259226
4788256,1512374,464.2078754829817
4788257,85722,686.4999079817976
4788258,1524540,258.7080448722876
4788259,859688,560.0412240464013
4788260,836707,781.8247140435652
4788261,53938,372.7958804570004
4788262,1202804,421.0968992780242
4788263,1781828,349.62445827722087
4788264,1486487,98.30219017977271
4788265,1790228,519.3990966687483
4788266,1281556,756.4972952509023
4788267,65181,447.8958746736581
4788268,1537497,163.63654748321844
4788269,491095,401.33822109096826
4788270,1502663,863.9577066447785
4788271,355277,295.8864963545601
4788272,133445,809.1529974984115
4788273,1617478,15.462535397106404
4788274,1074533,857.762886847517
4788275,417479,230.69450067871787
4788276,941885,617.7704187085056
4788277,1663078,27.45953663377676
4788278,785624,605.5378642117249
4788279,982012,368.77491363369705
4788280,1034871,455.3316342675796
4788281,190195,728.0056377247935
4788282,1009647,393.1622079162834
4788283,1805360,189.646543710871
4788284,245668,275.6467593561039
4788285,1734565,291.1437224317689
4788286,1562646,332.94911828959704
4788287,947430,786.8600109412328
4788288,1757286,838.9826288420977
4788289,1240917,280.8612336493901
4788290,1690753,805.1177914711667
4788291,1952413,859.4935719148739
4788292,957802,1.3345978175630657
4788293,1822392,483.2461809394089
4788294,214336,254.96455203625536
4788295,645917,139.1150213131006
4788296,1589698,593.8571479682844
4788297,1088425,12.141937882018006
4788298,453928,530.7262659306913
4788299,10665,158.16203397592145
4788300,1608341,278.61918020491703
4788301,470754,515.2525303040603
4788302,734278,387.2541147508243
4788303,1315269,535.5146716989549
4788304,103642,12.20902952226577
4788305,1477306,408.3244222740876
4788306,158149,797.8100689796123
4788307,1467431,954.6292854491838
4788308,188902,257.8799343597932
4788309,673423,76.87220759363078
4788310,793917,901.9677810235368
4788311,130822,131.56159905084186
4788312,789635,604.5974318974925
4788313,82945,197.622768132933
4788314,1649267,338.18957054042454
4788315,629203,667.9736776407475
4788316,866044,592.5772535526731
4788317,1230611,375.54450242591344
4788318,454544,542.3117828408698
4788319,1827815,930.7468439509826
4788320,537234,96.67080150055307
4788321,1495677,217.34166388370778
4788322,475101,568.0423068314016
4788323,1987016,515.2677554041636
4788324,833118,266.5088965616036
4788325,838906,233.07387253773814
4788326,148844,553.8333741735665
4788327,666604,286.3056938073878
4788328,1327837,491.64856832956684
4788329,1076613,465.6700296384563
4788330,1434675,34.327953528280105
4788331,532034,801.5773431953338
4788332,406133,243.4283167153505
4788333,1008988,54.401821435646866
4788334,750356,250.3695364845806
4788335,648308,764.9357920495727
4788336,849366,664.6015287147519
4788337,67352,886.2954290654831
4788338,1011247,337.0819220954502
4788339,830753,206.953941740433
4788340,877893,413.81243035914116
4788341,1118914,213.83155966680545
4788342,1725632,570.5309919421147
4788343,979287,358.1741775686414
4788344,1321987,935.9343213739467
4788345,634675,881.2721472388147
4788346,851322,521.190447251342
4788347,1165396,521.9569819570423
4788348,1177190,357.8996867050549
4788349,473543,389.4245494263233
4788350,1734799,435.3748383475097
4788351,50019,356.5160092951841
4788352,791142,594.2502764984747
4788353,1219069,459.10686304112716
4788354,461993,394.7328709572331
4788355,692458,210.09315823970041
4788356,1123270,709.7718962073818
4788357,1593220,64.01707761221532
4788358,487300,551.1933270596804
4788359,1040624,162.46564212566062
4788360,435290,130.8051638893707
4788361,1698769,65.62285756402852
4788362,664171,634.209743561944
4788363,1645494,960.729355394399
4788364,996477,838.7361319789208
4788365,1276926,39.42066670047439
4788366,768429,281.53371191797805
4788367,828738,905.2691782666112
4788368,1248535,419.86253014134303
4788369,1945014,82.0117067245797
4788370,1741458,909.6293093074398
4788371,1911074,571.3637127901382
4788372,1793704,424.95179708473876
4788373,832377,535.6443405965626
4788374,617369,397.5612335902783
4788375,76934,758.2252855926547
4788376,755647,580.8344378317635
4788377,561882,248.25287933355145
4788378,884233,377.97870268813097
4788379,1733403,515.8413296069008
4788380,1632591,514.3270632187313
4788381,613269,861.9748162016068
4788382,1349231,80.5078594535844
4788383,1451839,645.1363050047064
4788384,1728664,640.3506756315247
4788385,1225632,505.4892090911568
4788386,1371305,779.1037498827455
4788387,1308894,543.5226009281487
4788388,365148,394.3617123417997
4788389,697111,49.77439811000117
4788390,582822,631.4197425792138
4788391,849441,614.3341287446847
4788392,493595,911.2465019759043
4788393,34823,564.5748921753969
4788394,1348833,421.1816993310532
4788395,527812,924.6251886915776
4788396,1824965,831.3824882798433
4788397,1518872,423.62948667170565
4788398,257910,304.42271969795854
4788399,297703,155.34025624748858
4788400,881903,446.61281014092634
4788401,1331833,868.7169403085607
4788402,322,392.4174011664041
4788403,1892010,899.9605087262789
4788404,1090010,363.94052785729866
4788405,1130667,872.6786384010088
4788406,165717,558.2471800893724
4788407,397018,414.60079721849917
4788408,965076,390.19536308159496
4788409,750483,22.697640054962775
4788410,1327079,419.6217382005178
4788411,379399,971.178255552693
4788412,361620,619.9354661715712
4788413,1180552,595.0009920099938
4788414,1874527,926.2798051143142
4788415,314654,899.0343769203431
4788416,1366433,779.5515637759581
4788417,642978,281.98372615161605
4788418,664005,726.7190240797
4788419,460191,538.0242315088066
4788420,563991,34.869743626130486
4788421,694871,44.63176139957126
4788422,1821925,39.35361905117707
4788423,1808798,332.5193787773825
4788424,1930046,798.1130644136472
4788425,129957,279.4903682540312
4788426,574970,962.7167577276313
4788427,327012,256.2315555786756
4788428,1053120,747.2447714823579
4788429,759290,200.00702329418408
4788430,1193101,934.6358153317975
4788431,257393,634.2541446827138
4788432,381424,125.29806455968118
4788433,921213,244.44043367807268
4788434,465480,181.59639732983467
4788435,317616,366.1252060351633
4788436,130348,438.66571094335615
4788437,1651310,221.66633807151138
4788438,1174796,117.52225532228411
4788439,668313,952.8891643106384
4788440,592829,675.5487536980747
4788441,79065,279.00447187877387
4788442,37187,351.60750026424824
4788443,949513,742.5063275527037
4788444,1357941,237.34441776907434
4788445,825638,251.01891684337718
4788446,647379,334.88053181344577
4788447,267036,234.62590139018204
4788448,1000720,947.0033453215025
4788449,1283501,606.8797465741893
4788450,923964,406.2594872006322
4788451,1642955,659.2948307186515
4788452,770440,675.0798698554604
4788453,1774537,791.3978720280114
4788454,1600676,316.9151325895249
4788455,742283,309.80743238515475
4788456,546747,339.69897018984284
4788457,1048198,607.7693798443078
4788458,668773,241.9475754365812
4788459,1317480,248.65287509702506
4788460,1954768,673.6898260161737
4788461,679523,710.6670521310627
4788462,1835653,286.1609979416765
4788463,887370,936.1549208226871
4788464,1284455,763.190370377301
4788465,1415145,696.292017290162
4788466,1676715,326.48626300393215
4788467,1102905,814.7713021783495
4788468,1337457,794.5547193842615
4788469,655018,892.3913149622796
4788470,1627043,750.5320455037858
4788471,1336043,273.3599118706745
4788472,1503552,428.04456089173857
4788473,38355,334.5257624657414
4788474,182429,378.27865187127105
4788475,1928345,28.787297068256112
4788476,34961,142.86104702912306
4788477,378514,404.075665392004
4788478,1796629,51.72311402820118
4788479,936140,356.41271138728524
4788480,1983367,720.6541220060931
4788481,23535,625.3539558336394
4788482,1137678,293.6303419245778
4788483,1917906,548.2686234032184
4788484,762466,808.1303280859238
4788485,1574476,11.885841544711283
4788486,768922,145.93774732028152
4788487,648839,132.71574146854047
4788488,1988779,693.772540371024
4788489,940983,370.9913554556654
4788490,1641441,109.72477174866424
4788491,1888463,520.5745244005781
4788492,888697,202.07680887510259
4788493,921282,850.2845152392376
4788494,1262776,442.4518895542572
4788495,978475,665.3147014817781
4788496,1050653,872.3316860730578
4788497,1477643,853.9849296156905
4788498,1267455,926.5216862741873
4788499,947984,326.5004304775153
4788500,1098619,316.81598716075644
4788501,201838,543.2267239671984
4788502,743087,289.34754902050975
4788503,1246889,320.2393275354526
4788504,563762,799.7156704555017
4788505,1505079,107.4689990291242
4788506,541115,966.4035691080169
4788507,281426,442.82782417345277
4788508,734075,763.0952047119794
4788509,360518,775.468945414366
4788510,1111327,407.08017668793275
4788511,1063838,60.11798265867907
4788512,1175579,318.29133771134434
4788513,551038,946.6315094614544
4788514,1436639,116.59465211923936
4788515,1497746,49.770004552389665
4788516,307477,868.8503588483703
4788517,753833,43.81447290984608
4788518,577024,158.48212058103672
4788519,1755656,468.06498800012974
4788520,1514230,505.11503334162677
4788521,268370,329.0494421394953
4788522,896846,603.1775254979151
4788523,1447722,168.93781914258278
4788524,652362,526.9204621463937
4788525,1023487,945.910637174249
4788526,872918,380.3522736433399
4788527,1596512,119.73076875035105
4788528,655878,755.0726461381422
4788529,66948,348.65036898516246
4788530,1039054,331.0141362189064
4788531,1148332,964.2986318972305
4788532,1162606,206.11290339923372
4788533,1508561,87.5121718083095
4788534,1139429,855.5630972175795
4788535,77097,883.76004095499
4788536,832310,950.9970214488975
4788537,1878672,328.99519917958474
4788538,1746288,142.11857388598105
4788539,150286,689.2882892154136
4788540,1551961,763.016288325918
4788541,413686,526.5944162225531
4788542,394517,115.54489207863395
4788543,131543,320.44819303783845
4788544,185346,380.07116326369504
4788545,956000,596.0624699163997
4788546,1325669,925.7419410884576
4788547,1924091,458.68594151870315
4788548,1549572,216.08739752298433
4788549,1077462,872.4706728916931
4788550,269076,941.1533341083192
4788551,415923,49.43710737013607
4788552,1055411,957.0085521869383
4788553,939864,721.7641825667962
4788554,95911,363.21211014110054
4788555,1420911,267.1615587566677
4788556,1930078,758.2688563664398
4788557,1617273,181.5514347967425
4788558,1627467,728.5386814872363
4788559,342292,381.74824779490734
4788560,681415,283.4412726238605
4788561,1103934,956.4466579899383
4788562,1249525,533.7737550853462
4788563,97603,455.4202822255526
4788564,1470027,796.5059292104868
4788565,1511954,709.1827912966389
4788566,635206,282.52714532509515
4788567,1461729,239.43185218689024
4788568,740324,941.1420554445117
4788569,1363383,921.128025141997
4788570,1677767,284.5983047105651
4788571,1327075,202.44422213425005
4788572,1510639,297.56479545982586
4788573,627904,677.9628495515677
4788574,58643,518.4648078015937
4788575,212586,51.49563402240987
4788576,360854,647.0089385020522
4788577,892729,664.8518912093017
4788578,545513,169.9213095776999
4788579,255042,357.49494525834467
4788580,1672981,711.7752636284293
4788581,1637144,674.1858784374487
4788582,1206019,789.4042902263184
4788583,731797,388.52565538404326
4788584,1621201,379.1847477556954
4788585,1752462,756.4200649951281
4788586,1383098,470.57863942683696
4788587,929254,521.8178181398828
4788588,196171,981.903971430465
4788589,1584434,232.92215645271042
4788590,306986,382.5239776638438
4788591,1957032,650.4147291977466
4788592,982322,149.65006546039294
4788593,1030193,471.7904481174305
4788594,53969,827.9302995842601
4788595,1326769,814.8636800567297
4788596,642507,839.7012379053232
4788597,1042016,114.14644414426756
4788598,1597068,45.56546011936802
4788599,1574352,161.33040591195703
4788600,11155,954.5337115404991
4788601,434917,399.7815062721685
4788602,1653341,500.33281784471563
4788603,506193,723.6689096703859
4788604,166334,813.196557594694
4788605,370736,182.52720422250223
4788606,1905589,116.23648989635471
4788607,435128,973.1316142124775
4788608,1563469,64.85812656763412
4788609,777963,649.5628603949932
4788610,1822644,126.5890991577786
4788611,477729,849.2734097217657
4788612,177163,175.3398303851118
4788613,914972,647.3050511199515
4788614,1474449,892.8658661417093
4788615,517259,566.6464600814588
4788616,661063,293.6687062588905
4788617,311728,895.2758248266267
4788618,45072,791.8792307999634
4788619,1386166,809.3732712469903
4788620,1589825,572.1972529190964
4788621,611218,241.6422142179798
4788622,994852,97.98320841635876
4788623,22034,499.3055255206611
4788624,675583,127.42904230464502
4788625,1714852,913.585126620505
4788626,1601214,775.9430346048517
4788627,965761,113.36457261764
4788628,886670,437.9202851410767
4788629,195213,261.4584597363212
4788630,80978,579.7141018126699
4788631,817074,95.73761840678496
4788632,1880977,35.06715770071966
4788633,1460743,699.644059428776
4788634,334236,338.3246570599948
4788635,1839400,528.9275367138282
4788636,63067,217.91586783389693
4788637,1545259,946.3813445720062
4788638,1603672,203.95757228086742
4788639,1182982,0.9638237155153995
4788640,1344197,330.49374146639366
4788641,558918,159.70707667094752
4788642,903221,485.5005878681422
4788643,1738735,178.26826151808828
4788644,839296,159.01745857962456
4788645,1300450,387.5339348786403
4788646,1795905,963.3945736820284
4788647,1706997,158.4145664890776
4788648,545845,964.4696553084809
4788649,288528,964.1206395746789
4788650,1969681,585.9160505633462
4788651,948650,962.5198602587768
4788652,1975821,524.9234428598797
4788653,1777633,909.6348230015456
4788654,839945,118.02617308960927
4788655,1192773,422.9476918148406
4788656,642227,612.2577905463547
4788657,791919,169.36489127448496
4788658,992605,365.64297558948834
4788659,1117375,632.441136907975
4788660,1356211,48.04948046710567
4788661,1306539,806.3635364412424
4788662,272821,694.9715197906028
4788663,1684007,118.48930765867848
4788664,937322,34.086761632469816
4788665,1903183,632.5030938299165
4788666,76529,579.2202326505442
4788667,1405225,882.5565940487293
4788668,752915,999.0002075813111
4788669,62970,365.7059195080049
4788670,1695629,310.98293075759875
4788671,1220909,948.4173939042405
4788672,303019,296.7988312244777
4788673,1474709,97.47665906112468
4788674,1497183,998.2703421790828
4788675,259238,68.02133898617902
4788676,773313,872.5550585544155
4788677,1999679,618.4759328131584
4788678,602129,474.79664899900075
4788679,1759381,666.3140508178955
4788680,1665746,905.8708435230751
4788681,1803114,366.9755683325755
4788682,561851,444.45216361155383
4788683,237518,693.9261449803053
4788684,953335,449.7718784004896
4788685,1352954,456.7777490317222
4788686,445118,427.0516301493318
4788687,1032719,2.681010274719675
4788688,251376,751.6090027270275
4788689,594480,783.623863365055
4788690,740818,590.8414679017908
4788691,163820,343.99906980469075
4788692,1172738,128.89663483435942
4788693,739091,120.6351399279384
4788694,194943,95.60994926496646
4788695,721737,458.9595141101162
4788696,356422,316.8734925332951
4788697,833014,455.7802674514848
4788698,980594,348.9845106476308
4788699,1026189,605.6603034967632
4788700,380461,69.03006137101131
4788701,446549,509.4047315238622
4788702,444963,722.2747530702413
4788703,1721005,118.56943912954587
4788704,1562797,788.9052764915203
4788705,967060,371.9187455198651
4788706,37588,371.3809972805603
4788707,555575,678.9685119035579
4788708,1194617,242.96886489332257
4788709,362272,696.0559006550891
4788710,733163,649.4064441357142
4788711,1960568,411.6072630529971
4788712,835926,559.213014820459
4788713,39751,51.78119475433518
4788714,671732,943.043767885483
4788715,420391,219.08514025315506
4788716,471457,963.3756082268864
4788717,357041,852.3425456174785
4788718,1477689,265.28742380972324
4788719,1686096,444.0348259586393
4788720,1002989,671.7510640022443
4788721,1359216,707.1264654985372
4788722,336398,632.06615261862
4788723,1831722,484.6104441690877
4788724,1918745,299.71518287428347
4788725,1898058,743.2293103166013
4788726,461699,572.2162876734546
4788727,586156,664.4321384138623
4788728,1449923,524.6641456669122
4788729,1925929,844.0134342109708
4788730,480596,7.049804822679695
4788731,988005,702.1285637727519
4788732,274418,510.2240286336345
4788733,1302252,834.7595274653811
4788734,1064767,942.8365896557297
4788735,155216,959.6388804212888
4788736,1697998,210.76664752080455
4788737,608606,692.9463746280095
4788738,598217,474.5005759383111
4788739,1845369,710.4530714741977
4788740,444499,172.52858718398824
4788741,1682292,419.8549004540778
4788742,1283258,107.51217618901609
4788743,1019485,287.7429201850854
4788744,1325836,798.530658361783
4788745,549934,476.366533479649
4788746,1627237,536.9924522241442
4788747,951434,741.4154352773403
4788748,102801,472.2158802371835
4788749,1380273,969.4296932215377
4788750,934381,518.4040696254618
4788751,1759750,875.1954091824795
4788752,1130719,30.460990422247257
4788753,170504,352.703138052493
4788754,732782,910.3965733424577
4788755,766412,262.4212123111296
4788756,1494998,186.86680620771347
4788757,139955,699.4810485023968
4788758,1118268,344.9634619250802
4788759,1180492,382.9218553106711
4788760,1445817,317.96085614904933
4788761,1044506,820.8070884122599
4788762,309862,301.79825028612163
4788763,70737,821.0188013901616
4788764,57312,230.05661217646778
4788765,1616148,240.56082193850946
4788766,1080556,347.577695692699
4788767,123922,260.1885732480199
4788768,593081,632.8128413474134
4788769,740020,410.18899000969213
4788770,1385428,527.0743631777156
4788771,84767,180.1308275310347
4788772,1519642,894.4022650175184
4788773,1523704,422.7432255644447
4788774,1766142,95.80168259042532
4788775,1511640,706.5388717134485
4788776,1495301,165.83937106792845
4788777,201853,658.2726949362616
4788778,1857959,819.1124116469643
4788779,102834,705.4956196612893
4788780,182044,980.4301691796575
4788781,742167,228.71732652828726
4788782,856071,267.366865644465
4788783,1821776,692.136957335335
4788784,840492,217.82060646562772
4788785,499818,794.7143094277235
4788786,772124,598.3223760624244
4788787,1700790,13.775288271550167
4788788,1560789,266.4410908949533
4788789,220111,832.7093415598296
4788790,140011,959.7573127498864
4788791,502334,457.14980081384505
4788792,905438,932.457854654403
4788793,1206284,660.5147710720423
4788794,1264010,775.9887427595821
4788795,288891,401.9598647637327
4788796,265007,967.7378471917373
4788797,862138,306.1948343661547
4788798,603843,17.441913790245955
4788799,929164,356.4996126382758
4788800,991788,101.94779452211789
4788801,828144,864.5736917057909
4788802,418034,204.5659719391084
4788803,1764077,583.8123841032794
4788804,1283091,731.1723094844165
4788805,1912534,895.6405061460792
4788806,1527332,946.1777112807737
4788807,828353,832.039312567843
4788808,1382792,390.6389343241061
4788809,1446265,258.17484424980853
4788810,1699621,724.80531245533
4788811,107623,104.6303943406649
4788812,1676813,480.54762365152106
4788813,1618086,794.473954623842
4788814,1872029,128.64971687923742
4788815,262062,933.9007086962071
4788816,1104405,829.8947163277827
4788817,1986160,268.3249795875196
4788818,1910940,759.5278316455776
4788819,355389,905.7215990587982
4788820,63253,797.7145901617432
4788821,293167,70.4975415949266
4788822,1508798,336.23559762371633
4788823,1190759,445.879537016429
4788824,409638,201.84982943757558
4788825,1632135,727.1849532504007
4788826,1725170,241.1260671140013
4788827,11918,654.9020405831822
4788828,149601,319.8771137353288
4788829,1952330,394.58927971958923
4788830,1592471,254.5588853878168
4788831,1587899,931.9350445467592
4788832,1555585,445.8335429257342
4788833,186242,187.34522446733004
4788834,757025,789.086317846381
4788835,1799432,980.8354366253049
4788836,462365,769.9433042711211
4788837,946530,92.61447451285609
4788838,1367930,166.07626111320604
4788839,662556,56.77762375515605
4788840,473505,31.749473493697057
4788841,303297,864.538645453284
4788842,290467,583.34446923003
4788843,1948560,46.479065908465955
4788844,40279,590.5952817012757
4788845,902876,157.53405474179004
4788846,1505523,287.89079727539155
4788847,275600,834.9578816512201
4788848,1065941,559.2003898427386
4788849,188191,741.7626850559212
4788850,354605,39.439742235179985
4788851,302645,818.6047428436736
4788852,1010390,457.33290934287174
4788853,1457481,447.66759950903
4788854,151854,343.7475091814476
4788855,1240952,532.780179770292
4788856,482181,680.0677149515449
4788857,306501,156.14360968869988
4788858,1898334,865.0439708774476
4788859,1302729,803.6309097479252
4788860,1334661,520.4994158247617
4788861,361313,273.82474451041793
4788862,730428,216.57994470339358
4788863,1859783,633.7063129830419
4788864,879425,2.5687811039546427
4788865,1611485,125.42235579028227
4788866,1577918,812.9148240032367
4788867,1966843,240.06857489845456
4788868,260329,565.9016291551358
4788869,451909,18.15818454604856
4788870,1836302,816.852900340278
4788871,1881038,650.1565135234856
4788872,636215,465.035912620582
4788873,1087631,904.1318212275393
4788874,1976301,995.5682737654863
4788875,873290,11.940647594405274
4788876,1262968,737.1972948681768
4788877,1921367,482.73594915988815
4788878,236995,610.2563112363275
4788879,1059809,706.4330758200634
4788880,484793,613.0036536648089
4788881,200138,684.5090979800976
4788882,720300,919.5403867214242
4788883,1090016,828.6993322658216
4788884,210116,518.6383027958104
4788885,1279551,785.585926024289
4788886,1358423,922.5808603924123
4788887,827215,140.34943762172136
4788888,1210657,913.8493537671513
4788889,1825658,994.8704900699848
4788890,509446,849.2293089440241
4788891,1074415,521.0827445762884
4788892,852053,94.9563383956239
4788893,895753,121.9891020985876
4788894,235975,415.91803098241854
4788895,689143,116.66608687702539
4788896,1004996,326.94859448217875
4788897,1112402,285.43009346988845
4788898,1868668,234.5395380483285
4788899,280702,741.8865049431876
4788900,155241,91.44283687391686
4788901,802212,146.80949641498097
4788902,1817270,902.446911893935
4788903,1223846,814.3252126465042
4788904,1447601,427.8927624862916
4788905,855464,469.53164958647045
4788906,681001,25.64386759219339
4788907,1479575,651.7152268209395
4788908,621079,850.5743207835743
4788909,195125,68.95256553048057
4788910,1843512,434.63774770649775
4788911,273622,688.0292372151991
4788912,753506,567.9617041863951
4788913,509746,33.66892112288655
4788914,479791,714.131053616979
4788915,1903474,636.4203797619728
4788916,1086042,623.2573598041095
4788917,47279,442.458604108005
4788918,1316522,464.76733433914865
4788919,69290,556.7798483883345
4788920,1483326,527.9466286694626
4788921,374008,888.9205833288096
4788922,576455,618.1176326459787
4788923,170067,470.6578931151469
4788924,116399,746.8795536318571
4788925,915684,139.5702380912851
4788926,781412,233.94149315497305
4788927,484469,504.623092435235
4788928,1792058,976.4544886027808
4788929,643268,552.9187343752794
4788930,1362209,94.64095930071004
4788931,1383588,711.7217143739595
4788932,531670,350.09580701118335
4788933,1431899,287.46893562239904
4788934,472515,950.39545538421
4788935,812413,209.03561078088163
4788936,1657395,423.33852234817573
4788937,799125,414.5057437808908
4788938,660946,411.9486001743304
4788939,296732,920.2024830111312
4788940,1259256,473.9791075211132
4788941,550524,301.7495922186355
4788942,453026,657.7336101170514
4788943,40443,611.1456218685162
4788944,1015722,770.6756251299353
4788945,1616605,298.67892074681066
4788946,526971,929.6750162793492
4788947,1207548,49.32258492939645
4788948,1827410,690.9863234478962
4788949,1984810,639.4105427027773
4788950,1590419,277.3684651945542
4788951,1835110,450.84471515519056
4788952,1213004,848.9393350877934
4788953,1948111,370.3937689913792
4788954,1710337,24.90900557531561
4788955,1213959,648.3305673558782
4788956,41613,850.3883029647499
4788957,481237,87.18288295386334
4788958,1911979,549.5322429253705
4788959,1843040,660.6887530479812
4788960,1333810,669.1554374314213
4788961,1765825,112.15269627972025
4788962,1378868,829.6270022784116
4788963,1505672,411.30124086857325
4788964,1122486,225.87170819534197
4788965,1547983,591.5181238236752
4788966,194283,832.0542023338977
4788967,1342132,798.17844196441
4788968,1291428,933.3469580270012
4788969,914496,880.5632299074786
4788970,397190,342.18063020073276
4788971,166549,451.33281255191326
4788972,994877,427.34004017133066
4788973,1553860,523.2486099657588
4788974,1451246,843.8446906810933
4788975,661538,812.2635229472453
4788976,413019,9.42832186823539
4788977,1750721,639.499025909699
4788978,99369,90.99602553945796
4788979,1455367,419.51047194847837
4788980,1838347,443.7852618950815
4788981,504044,99.17036949126535
4788982,504397,78.38673250364059
4788983,40474,8.452365554433406
4788984,1022535,477.12317569376285
4788985,411445,378.1106783163826
4788986,1819523,923.0601438424708
4788987,183216,740.2247175381277
4788988,941345,389.8149578070095
4788989,1589893,132.88251436250454
4788990,1177792,743.852793609031
4788991,1484232,585.8675574536885
4788992,261963,355.4952704429728
4788993,454421,948.9412781740873
4788994,1610179,505.1785101427145
4788995,87163,38.08087781137382
4788996,1917631,728.8148521776282
4788997,448710,654.7333610287302
4788998,757830,441.18859461984493
4788999,1431075,58.78601817973439
4789000,1790613,78.71889245306996
4789001,1893455,777.114615348893
4789002,688825,449.94365268888595
4789003,1887428,50.08270799583181
4789004,1552589,580.0556019951431
4789005,1874659,400.6431434396611
4789006,86936,859.1309948396854
4789007,1339050,767.7414231397694
4789008,1667647,639.7976789724821
4789009,1105557,676.7363425137684
4789010,1378682,704.2150376296638
4789011,953967,599.3669174499747
4789012,1945966,958.2501191513263
4789013,484831,668.6416670331571
4789014,437476,431.32594858134865
4789015,159068,441.7369965807565
4789016,1984500,703.649260234959
4789017,1864024,980.4013815169876
4789018,1475440,602.0655330664863
4789019,124789,337.3596721866463
4789020,1973716,156.39441056094873
4789021,462393,860.9085371041897
4789022,1725249,547.4563662225455
4789023,228876,98.60693146015464
4789024,277681,857.9917263069898
4789025,280427,493.0143198063729
4789026,1799322,555.8295615581789
4789027,129997,881.7755809900038
4789028,832325,151.76023565124618
4789029,1464037,499.20509606530504
4789030,1105585,70.5487749006587
4789031,768836,661.748483877806
4789032,1522677,213.9810327591778
4789033,980317,916.1615912168659
4789034,1707104,46.56320790998658
4789035,1479874,526.6222863524569
4789036,65004,956.5811616964396
4789037,912769,674.9487648554754
4789038,664692,373.1368193969201
4789039,88157,397.70439240563326
4789040,69239,873.4497267943852
4789041,1156698,711.4180054188137
4789042,1399313,606.1674797463888
4789043,384731,555.7306283529264
4789044,69542,84.42479946981595
4789045,858098,36.40977922065902
4789046,1167193,363.86285658182584
4789047,230448,2.356801433948008
4789048,1643673,634.6586565513803
4789049,1592749,563.6463349907688
4789050,591726,774.7485573630805
4789051,661414,468.6974312993668
4789052,105760,493.6947669188368
4789053,442163,198.1542057714658
4789054,700541,302.8082871393979
4789055,131706,350.01119984521523
4789056,1522734,896.029172199514
4789057,212126,717.9234667930303
4789058,1944108,411.54460367319166
4789059,1369331,62.00993403081745
4789060,1857310,960.8060953590663
4789061,645051,39.363315354230096
4789062,555567,582.2493704912839
4789063,555631,427.41047429607926
4789064,914624,25.52243239763019
4789065,1243781,391.09604103947026
4789066,352965,121.44909151210281
4789067,1911204,720.4880918015642
4789068,1362555,567.9362498892825
4789069,965316,734.7976228337784
4789070,774189,819.0277912418302
4789071,1038184,281.73588093369864
4789072,1691922,301.31434133390536
4789073,1259523,621.472848827548
4789074,639800,302.63808083357367
4789075,585078,870.0096611565609
4789076,1101870,896.2653977532294
4789077,523817,59.80782183417688
4789078,1927462,629.5739194092394
4789079,1805046,111.6388960475947
4789080,607816,807.2051009315429
4789081,164355,461.13039169274396
4789082,1251366,904.8938580574027
4789083,1933653,255.16463659541643
4789084,1702524,969.5817949048759
4789085,953642,582.5332468297022
4789086,1676395,439.3364376208695
4789087,833127,480.4225374872727
4789088,1673657,532.5239727282006
4789089,706655,95.40201596484876
4789090,1681853,804.5690624166566
4789091,1010567,34.97226577252377
4789092,1028271,905.4671242867107
4789093,166979,636.9955039831917
4789094,1912528,940.0117537932645
4789095,1203381,316.3754168504327
4789096,1664471,599.6846784236204
4789097,903212,36.487534078981085
4789098,1131454,515.959593930661
4789099,246037,130.37708639689626
4789100,1292295,712.2060259108144
4789101,1408181,378.585691548632
4789102,1084026,390.3165089872725
4789103,888403,491.2731038376717
4789104,1446824,735.2879776478732
4789105,1462862,505.32711574261026
4789106,5219,991.6952372797929
4789107,1681029,801.7578381931013
4789108,1215121,442.95078125877495
4789109,1541052,320.9313586394279
4789110,463939,423.88071705137065
4789111,1541010,59.80948121520191
4789112,481445,373.97881162217794
4789113,589362,444.10033970890606
4789114,1701800,437.0956102480621
4789115,1624762,280.60112643365244
4789116,403969,365.9042337504901
4789117,1245533,88.85036944499791
4789118,73381,755.3386265297111
4789119,710942,939.0472110888486
4789120,1645737,105.4968270370229
4789121,1346033,935.8684447049121
4789122,358717,300.93182535142813
4789123,545533,75.8135240992598
4789124,937744,227.36270603947784
4789125,1350961,881.8727317378945
4789126,1968433,787.4713393961456
4789127,1131338,92.84761101600203
4789128,1345511,178.6788431445373
4789129,298381,868.9868788791296
4789130,241923,466.4157740618452
4789131,66922,110.09700701867531
4789132,201969,184.37459707835967
4789133,442475,268.9272803193624
4789134,264355,255.2344006187479
4789135,551684,334.12745694789146
4789136,1259564,997.843085819017
4789137,1851373,781.8741978187978
4789138,528243,229.07081225520753
4789139,1020952,211.6167311785798
4789140,46433,16.050000488948
4789141,1067958,957.0201828342996
4789142,1496078,653.7684254571121
4789143,1389485,984.0512367389034
4789144,1705672,958.3863873101928
4789145,1143830,889.3744922668251
4789146,819463,401.7452842180378
4789147,1507438,11.886427085167739
4789148,59476,333.5361474347811
4789149,1579071,374.44811101929207
4789150,969720,839.683636339261
4789151,799962,893.2531719602034
4789152,1658605,730.5159976335777
4789153,426815,313.6317067067642
4789154,483582,504.872830133977
4789155,912451,469.3149042874102
4789156,1494664,72.97042640372663
4789157,1308774,883.9811890585154
4789158,1088650,966.6992044615109
4789159,495808,949.5036764991543
4789160,548007,421.0636765747624
4789161,1130955,832.9970143570306
4789162,475814,407.8114366668362
4789163,159929,303.4962145622505
4789164,1777984,671.2914303137289
4789165,1002166,803.8397603753092
4789166,365933,776.7684992567378
4789167,981414,652.7204777804433
4789168,39325,347.4046877320017
4789169,161303,145.36010915086206
4789170,1816093,798.8139252939563
4789171,1526103,749.3726165792078
4789172,1937073,327.4988738860769
4789173,1765463,931.3436256398948
4789174,222918,70.39253152227542
4789175,310193,217.48634757242448
4789176,708158,288.8398013145236
4789177,932143,159.29377822354306
4789178,511895,192.747696434308
4789179,1858376,814.0095627336267
4789180,1927558,673.892148287521
4789181,1932017,957.3605945976872
4789182,350537,490.9751113276298
4789183,1830309,369.62977800565557
4789184,632816,521.6702957830358
4789185,1599107,539.0239400086948
4789186,1559463,993.8005455214885
4789187,124924,304.2756228308702
4789188,673356,344.0844702618742
4789189,606985,909.24451420734
4789190,1726266,441.80386459833665
4789191,1005746,768.5080232463365
4789192,165124,166.4326145117323
4789193,161507,200.4356309077928
4789194,429215,826.6753000960962
4789195,844131,455.91872805821976
4789196,706022,528.8785666204953
4789197,1047722,218.5639624736555
4789198,1692027,220.89251272444443
4789199,11862,552.9404716398171
4789200,926362,312.99941354476704
4789201,1309691,422.50768425900395
4789202,1827998,98.16712899354962
4789203,483749,497.0185670520361
4789204,1662063,580.9351647059195
4789205,753069,188.53133482650742
4789206,1736462,386.52314946277136
4789207,345773,418.29856826453704
4789208,371194,182.7043993445482
4789209,1448650,569.6600639135443
4789210,1896160,29.131122200663274
4789211,228276,87.5533056359954
4789212,1164168,55.19241356589322
4789213,346280,117.79248999801872
4789214,884079,927.6953123630077
4789215,1084998,772.9955140180708
4789216,353275,867.6504172867132
4789217,1604733,869.3393089757952
4789218,825665,168.039703216031
4789219,344211,365.91366452321984
4789220,1105713,724.1897464696541
4789221,1417849,100.58333775674355
4789222,1486269,621.5593771422951
4789223,435526,435.97678502827176
4789224,494475,690.8051871752152
4789225,1434020,656.982577996586
4789226,1332568,207.14285826662726
4789227,1517667,901.0571531741763
4789228,201970,977.5027069930704
4789229,438292,767.1498662318262
4789230,1286401,602.6774561531469
4789231,1917515,27.180491397974627
4789232,1173967,264.54501288046407
4789233,1624812,494.0091680078117
4789234,1221108,541.9195106600619
4789235,455732,830.0914551879948
4789236,153080,632.8917639685061
4789237,546966,228.38207615456406
4789238,900658,906.1308291046346
4789239,1117732,855.4293969411603
4789240,1691116,938.7928620019552
4789241,398425,342.01200998000337
4789242,1440970,489.8084441740522
4789243,1626137,55.5983833467546
4789244,1568342,595.3626712913501
4789245,112583,608.8188111440788
4789246,55713,793.2978860979542
4789247,721873,28.53721331421566
4789248,1642081,708.4695953663548
4789249,166433,708.9115917210479
4789250,1672150,605.2688010318586
4789251,796592,442.12269509151935
4789252,972392,445.7482761176064
4789253,1602624,822.4033351766058
4789254,1327354,267.93814624186194
4789255,1056559,170.8692823913679
4789256,386537,560.5740868848612
4789257,930339,861.1606263142082
4789258,1396491,124.90719965369502
4789259,1150838,767.6334201371689
4789260,1834105,333.20922988737834
4789261,1300229,842.0134906012076
4789262,1182605,115.30711595666764
4789263,51985,593.9894023945869
4789264,1030065,690.5891123194157
4789265,1110104,530.2894143250054
4789266,1617096,804.3588400404466
4789267,601817,227.89985072118512
4789268,437319,646.8819759618331
4789269,1971015,397.2879339317129
4789270,1245156,186.365700234117
4789271,215826,82.43401454578614
4789272,1972033,845.6190609955567
4789273,433341,67.94918793943816
4789274,1095850,859.8089123199354
4789275,869056,623.8378051155322
4789276,1365725,655.6337293650934
4789277,1239717,495.7699303399168
4789278,1375740,853.0984802053684
4789279,1853123,782.3592295857965
4789280,571379,910.2283399211495
4789281,1369741,759.2727515875185
4789282,1584574,384.84920064831897
4789283,1574479,33.15572691648872
4789284,1039140,433.4647106147721
4789285,106907,151.17773468521943
4789286,444439,253.7402814255001
4789287,1590066,941.4393880315176
4789288,54467,63.35124435323192
4789289,1035739,896.4840384940309
4789290,210478,325.8529599420661
4789291,1597396,308.88730853964375
4789292,220929,155.88479506550024
4789293,1406578,356.8629394347091
4789294,1516396,753.7531791541967
4789295,433790,210.6962472266014
4789296,38117,323.15688766402553
4789297,349857,91.37951479955797
4789298,1242338,97.0687117786142
4789299,704406,539.0130911692991
4789300,1638921,347.47303012193066
4789301,24965,345.84980936723576
4789302,1196791,571.6546380961547
4789303,388182,285.8328442692106
4789304,1518077,891.9644105341164
4789305,365314,920.0236060674737
4789306,1339365,594.591226884488
4789307,836840,558.6846125360653
4789308,215794,92.60982800761242
4789309,171856,921.0133895377388
4789310,1380338,156.02275010795498
4789311,599344,536.0036747032888
4789312,608408,810.132102420275
4789313,178847,961.1412729452235
4789314,1645392,350.79651719102145
4789315,1740937,825.3529598207675
4789316,1802701,441.0108124727436
4789317,811769,442.86978108475705
4789318,1957066,108.69651838105199
4789319,1627436,201.40692955629868
4789320,943503,482.459250370904
4789321,1949595,753.4739357208991
4789322,1761088,61.998121471913635
4789323,1767744,918.5107113939645
4789324,1338224,966.2989542653052
4789325,675839,187.1021589475993
4789326,212826,428.00368606510443
4789327,1560104,89.39365878844629
4789328,14904,438.84145505649775
4789329,1401229,305.6851957762956
4789330,571444,380.65343447933407
4789331,1819434,211.75854488472245
4789332,1855619,794.7989902706188
4789333,991425,75.26779098528303
4789334,851121,315.55737121557405
4789335,509996,681.0074033443253
4789336,1104383,356.8441038755967
4789337,1540883,961.2151743118724
4789338,146543,767.4498869024665
4789339,1133533,745.9559179249176
4789340,1948319,41.79607324075341
4789341,1200100,259.9673329822285
4789342,613172,169.4685353134867
4789343,1190482,0.45596585709917203
4789344,479516,507.3464300322872
4789345,1535893,999.3559971131031
4789346,1300286,666.5680068992561
4789347,1073023,83.77400182167472
4789348,489765,875.9216685822275
4789349,1050667,769.2761179455044
4789350,804858,367.7645385599041
4789351,832354,843.121045942807
4789352,325730,189.95744569349293
4789353,1311029,426.91553223068667
4789354,476911,463.18381678536366
4789355,1212835,753.5506832268088
4789356,211447,971.5513819951855
4789357,1981258,178.21386266595928
4789358,1769303,210.94897517268697
4789359,401934,642.7792359382968
4789360,1514697,341.83297936190525
4789361,1011479,872.0541216992552
4789362,1205083,303.50665546239685
4789363,514692,528.2479171391813
4789364,965063,395.15660739223955
4789365,779707,16.310661628620828
4789366,296031,753.6143697136467
4789367,897392,6.727624377017571
4789368,525664,725.1944122830658
4789369,854977,96.27335463380282
4789370,563663,251.47366242105528
4789371,1177469,558.7719041273663
4789372,1037442,471.30425035294076
4789373,785581,528.1143523102846
4789374,628856,413.998393113706
4789375,637036,464.5982901262075
4789376,262912,39.263401413098585
4789377,198135,613.3046423091181
4789378,770133,532.9913172784953
4789379,487207,457.7343467671953
4789380,52988,549.3360592050634
4789381,1542423,185.45281833076965
4789382,585881,198.53520723046447
4789383,377092,75.79427117676585
4789384,1002622,611.7160583027057
4789385,1380488,572.1338530255371
4789386,1522281,334.16349483874296
4789387,1939629,253.19215368406844
4789388,282660,845.5136710858495
4789389,1495362,909.3915406015176
4789390,215089,812.7700682283241
4789391,991632,860.1401106880004
4789392,878975,511.09066133194347
4789393,1973497,926.5557805533833
4789394,1264839,285.55462934981466
4789395,48738,622.2035924704378
4789396,1124929,74.95506643006311
4789397,1487283,719.965537811219
4789398,646905,87.11834475171997
4789399,322179,79.54496926503896
4789400,1865093,15.5107962132085
4789401,126919,142.60385191377446
4789402,652519,280.47658983263466
4789403,811927,471.8759084078955
4789404,247974,916.0860773637698
4789405,1870968,878.0798768228988
4789406,1379249,805.5890683350824
4789407,1982627,0.9633695603581405
4789408,1762544,879.0002301074828
4789409,258848,482.6158097510138
4789410,242406,22.731310400637472
4789411,192290,830.2422445690024
4789412,819133,652.0114304090371
4789413,1733034,788.0897440521347
4789414,1684560,826.940830335694
4789415,1769618,407.1864108355313
4789416,1983860,115.04835156636916
4789417,1962929,549.9834030549059
4789418,751100,757.0009965235159
4789419,1786528,927.0218552407638
4789420,635425,913.9526273088846
4789421,1958661,494.11679343160307
4789422,1354702,984.8636348785094
4789423,629982,631.850531562278
4789424,206859,637.4761256498874
4789425,692929,290.2889418898927
4789426,241676,321.90256103654826
4789427,252782,512.4756393904046
4789428,406371,30.166117063793905
4789429,297521,818.9032284189134
4789430,154908,105.19502759080524
4789431,1534322,953.9946921771608
4789432,1560358,731.3052036302307
4789433,668368,163.74482000171176
4789434,221621,153.05841444794655
4789435,616916,727.0023777984879
4789436,266751,440.48936351666225
4789437,23672,630.2960511250275
4789438,962519,610.5461641232521
4789439,1411595,252.45853954040277
4789440,598344,812.4696752006944
4789441,1182134,346.83864473797655
4789442,162639,149.85631601626957
4789443,1179470,486.01376598073387
4789444,1932746,334.5781103658303
4789445,409101,819.2424755913388
4789446,1736282,892.2629984973138
4789447,883449,387.08021341566376
4789448,1353680,76.65010694670794
4789449,1329491,804.1227336320889
4789450,1166978,624.4445951953364
4789451,18696,888.3438257551273
4789452,447611,974.6799561095906
4789453,1645614,643.6814228064424
4789454,729881,893.284249321416
4789455,170626,119.82263972444129
4789456,50706,551.2364840112137
4789457,1753787,585.3598075454279
4789458,1474485,62.171427465380845
4789459,1291668,235.72177776815673
4789460,1082567,926.8463315499191
4789461,835337,810.938294490324
4789462,1269027,699.1908736867988
4789463,672998,601.5104196716374
4789464,426612,839.0049801312092
4789465,1656088,408.9733520768465
4789466,1095067,197.60669296352407
4789467,1879819,822.5461699377572
4789468,559515,431.7551788415932
4789469,1811737,950.7586301631587
4789470,590059,344.4928128642767
4789471,50051,985.7658190742648
4789472,1065664,348.46920707607586
4789473,1547920,901.3263452349285
4789474,78250,249.5611317252805
4789475,277686,149.35526636660302
4789476,702677,866.0705976337276
4789477,1580405,117.55069626126735
4789478,634457,954.2280440685829
4789479,1285519,475.61227757190517
4789480,374962,710.1310914210137
4789481,399959,775.2034380668237
4789482,464757,561.9617401045413
4789483,1243126,563.5422283301971
4789484,1739710,348.18882397529893
4789485,498242,220.09692489961108
4789486,744444,520.1679652711535
4789487,1315030,322.29731089478287
4789488,837294,322.37644837220336
4789489,1626068,220.3291700979776
4789490,865807,937.3243093072886
4789491,1125474,717.2082578151369
4789492,870660,5.99343879416836
4789493,228724,969.9929086674681
4789494,854753,157.65310754539564
4789495,834877,697.4154208806264
4789496,1090850,172.11019559550346
4789497,1195688,376.4688523586559
4789498,1905738,925.2984345244416
4789499,967250,670.4927825466915
4789500,1628339,529.4429341091926
4789501,1412140,664.0644461120622
4789502,294848,130.26481363521336
4789503,775895,181.71155039574427
4789504,1867123,13.286182363472122
4789505,308533,125.68206485468548
4789506,1529758,938.6409531638602
4789507,1725623,619.6009315390249
4789508,1303667,62.39311110976309
4789509,1707883,144.58394791605699
4789510,1020389,592.9848812107788
4789511,699389,546.389839253403
4789512,1801214,992.43860385986
4789513,1901464,441.37655288868837
4789514,1190584,955.0562882636353
4789515,1177587,445.6526576006802
4789516,400631,662.8652045336157
4789517,337302,593.9784257872169
4789518,182697,634.0942652128368
4789519,1821543,562.1017827058731
4789520,431453,67.05450817058679
4789521,337001,893.6084995773919
4789522,159433,386.00754527870873
4789523,768895,370.1514037454673
4789524,1485209,735.7532247100419
4789525,248366,266.37191631150836
4789526,717625,327.5150068265342
4789527,1502554,915.8867065006937
4789528,627476,885.4000872946646
4789529,125442,504.3741169647329
4789530,1926668,79.29130751200542
4789531,1088496,620.3278542818529
4789532,1260244,913.8491805819717
4789533,1216532,818.0588224479641
4789534,1007622,826.5082546626762
4789535,3109,482.3792636502682
4789536,1901186,317.5983437710387
4789537,1360406,388.9407969522386
4789538,1572557,679.8927186117598
4789539,1469169,487.0608493172831
4789540,1787793,955.2466560608975
4789541,1445353,441.2943833966554
4789542,720630,645.727025278424
4789543,1076620,767.0443548356801
4789544,1904328,981.2270196326974
4789545,1979436,925.531292176421
4789546,1495161,812.7985147885247
4789547,1149975,409.41456889650885
4789548,1578271,104.61588466523364
4789549,614619,485.3697123103674
4789550,929227,566.935078816482
4789551,679378,237.35035131261927
4789552,3921,943.6874941632395
4789553,1763354,129.68130600021044
4789554,982885,850.0162741309185
4789555,892714,580.040259507467
4789556,1262320,199.69112259799437
4789557,624670,595.7176005398394
4789558,246160,336.6854332248975
4789559,1156570,420.82339883204645
4789560,456680,56.38978703736175
4789561,62810,478.46734655014166
4789562,1735478,407.39562715467656
4789563,1032435,410.19045308555457
4789564,1004508,244.5124149211826
4789565,868133,352.10282391556456
4789566,1438463,515.6261482902845
4789567,1646628,71.84286109731819
4789568,75396,687.2419008731408
4789569,1541785,724.3593373170501
4789570,1874645,456.20075993978304
4789571,452435,575.107986115412
4789572,1717745,35.95528386185065
4789573,498836,926.7561172224391
4789574,642555,167.64968422178995
4789575,1631476,494.3831365698481
4789576,1701664,227.94147945325372
4789577,1533481,610.0252435002855
4789578,1065576,353.6776093128232
4789579,486375,352.0853638081675
4789580,386847,841.2297085568272
4789581,700646,1.3140234964628128
4789582,284394,682.7442439139301
4789583,879549,735.4139584461436
4789584,1810270,755.128281264919
4789585,768047,221.1442081204704
4789586,1063115,836.6702561102683
4789587,295389,918.9895688946264
4789588,107328,163.21461092149303
4789589,1361757,32.51275818264665
4789590,1832724,409.1816802962842
4789591,856554,214.3963010107509
4789592,29091,579.2686866096481
4789593,1920863,195.11836796885018
4789594,1627520,7.399817915098916
4789595,1640904,685.1389049715411
4789596,1243842,266.7524125766095
4789597,906911,709.1698959436419
4789598,318759,982.5308709821173
4789599,1318914,193.7922711018295
4789600,75296,422.4145509531044
4789601,710405,630.5004673156296
4789602,346354,597.3562815787911
4789603,418211,238.09652383769674
4789604,319450,77.58898515748957
4789605,1910154,571.0358017580455
4789606,1195565,901.663543480801
4789607,11096,300.7532807636176
4789608,1324320,74.99444470843031
4789609,628637,108.44407599645855
4789610,648526,667.9380859437874
4789611,1913023,790.0691707092027
4789612,952082,77.57211196405966
4789613,626416,246.81264067487373
4789614,198304,759.9986147560977
4789615,245328,8.622792786714406
4789616,1866378,247.76278827883814
4789617,424494,470.45334337624047
4789618,1951396,559.2107014367047
4789619,1623315,987.1444820149462
4789620,590027,263.73153345170584
4789621,248160,310.05885653895314
4789622,219085,264.4769521376136
4789623,1664206,128.33977512981465
4789624,136680,871.4835413710585
4789625,511126,67.24024092007275
4789626,1589314,970.363335712768
4789627,575076,241.99850385962074
4789628,221133,779.545725828239
4789629,1871660,54.91673868277746
4789630,596321,939.8896258601478
4789631,1755235,213.39795989554833
4789632,1903865,312.89464856526195
4789633,1040968,375.4532172166474
4789634,483191,78.11479404199883
4789635,1531254,342.13330487370155
4789636,174627,594.6878797569074
4789637,1810402,947.4332487255342
4789638,5350,177.54171945333107
4789639,240911,466.57583821718816
4789640,337488,157.3124109366253
4789641,365831,243.29466193747717
4789642,1001226,906.3665036935216
4789643,1637715,742.1434320335022
4789644,581537,741.4979974513176
4789645,365073,332.53139827069367
4789646,266670,667.818418299671
4789647,1168498,178.67534059425182
4789648,1469743,693.5734687601338
4789649,742445,48.97850346317556
4789650,1052930,145.12194229286123
4789651,176274,446.430529391297
4789652,273029,442.8373512184571
4789653,1069093,362.74130761448123
4789654,1651110,795.3099007776119
4789655,1471726,582.5788755468698
4789656,1560308,910.3842291960278
4789657,318999,504.7010925815918
4789658,1044385,302.9271752991213
4789659,1372971,967.3392781581504
4789660,167165,947.8453411958794
4789661,1008619,605.1978091804134
4789662,515735,188.9327469663876
4789663,1279457,122.8728453626179
4789664,132050,845.1429843439607
4789665,1510505,717.5446611896912
4789666,1494488,143.2272669735972
4789667,1529858,309.0483451788182
4789668,562293,525.6074812544127
4789669,1131123,539.9488461332869
4789670,1125005,885.883086240351
4789671,280921,720.1393140266977
4789672,270706,720.9932212568812
4789673,1801813,814.9740708007703
4789674,841608,965.8644123345802
4789675,1817914,562.7832979541462
4789676,1237570,69.08059771362207
4789677,42048,504.2905391694371
4789678,951214,269.0352752564542
4789679,730567,137.04014222255344
4789680,1427724,372.88816172375937
4789681,730726,290.8535997229501
4789682,1785386,190.16514139520459
4789683,1562777,357.0714546237148
4789684,415213,820.5667412198499
4789685,1310735,967.8281918305936
4789686,1092427,983.6432486606673
4789687,918112,375.9533347803271
4789688,1075711,968.2742339861089
4789689,1210333,919.4593904281741
4789690,1571858,797.5446500390883
4789691,329482,836.8930748698517
4789692,1739144,264.5837371579557
4789693,304372,67.26770996697473
4789694,324796,679.9401191125168
4789695,860602,154.35544876475382
4789696,5513,666.9870086573924
4789697,22845,854.6096798715195
4789698,1638259,905.4203759857327
4789699,103917,304.8165976632656
4789700,1331587,752.6939874498642
4789701,969322,187.182065586202
4789702,1931289,671.6285721094456
4789703,1820831,21.184142693729257
4789704,1845000,353.91746642565903
4789705,288710,475.67035734880716
4789706,790979,898.3215715368239
4789707,217256,856.1985195993624
4789708,695597,581.076306305536
4789709,1833836,328.4686819359745
4789710,638633,406.50899322353087
4789711,988840,673.6453602506353
4789712,807596,401.8593263478881
4789713,1354985,458.4791327339452
4789714,1186807,83.10073994401101
4789715,1935416,989.7344730659123
4789716,675531,325.77440868303563
4789717,81871,226.18277356557437
4789718,1018276,439.54655282985357
4789719,1712499,303.16935843211957
4789720,358693,314.1968335389631
4789721,1124979,698.4285790619892
4789722,27494,395.94369083653424
4789723,1651822,88.31209913062177
4789724,1584957,864.6387169288327
4789725,1709371,915.0291760109611
4789726,1647753,337.07500154367295
4789727,357124,819.8069273323977
4789728,795547,268.75484194107713
4789729,170712,94.96208826104802
4789730,364413,87.81283816881557
4789731,632003,942.5011379735571
4789732,623919,798.0408824729537
4789733,1976855,514.2863367730155
4789734,1309799,838.7254023046037
4789735,947529,646.116858902724
4789736,142839,189.3848971761277
4789737,82956,144.06836063886308
4789738,665042,347.8350368487164
4789739,202402,429.79362263681253
4789740,703142,390.2686937197102
4789741,998076,13.263220598922265
4789742,797329,873.807266134771
4789743,782109,353.2143183766534
4789744,1012,143.74275698039406
4789745,326320,184.70097036772393
4789746,1299072,810.1726819022554
4789747,1014385,756.8114619436237
4789748,1742608,183.22976045871
4789749,1681995,835.9634975837533
4789750,329306,645.2335865103787
4789751,404070,400.91813673837606
4789752,776473,546.6514067241275
4789753,1236147,2.358367122067606
4789754,699624,756.7833652072188
4789755,1519493,304.1597820635283
4789756,1823499,826.4997233253143
4789757,1016932,466.25730431940013
4789758,412581,485.2394421170705
4789759,1022541,838.8174172085866
4789760,1222138,347.28487353519944
4789761,313744,931.841375535417
4789762,582925,264.7458536681746
4789763,166348,400.7264674299229
4789764,176043,752.4512570535411
4789765,754834,535.7524049382114
4789766,1693980,202.16710508979895
4789767,1552255,993.0659799696062
4789768,743196,71.16179956225233
4789769,968529,892.4064804335317
4789770,758511,508.00231434874956
4789771,1381301,886.4100366668406
4789772,963037,510.5479334564429
4789773,1688003,54.92527675159087
4789774,114870,601.3756934178695
4789775,12558,709.1271576420197
4789776,404762,969.8866727373335
4789777,1306189,584.7081015397072
4789778,1121646,218.93749564155408
4789779,1687988,604.7181881529282
4789780,1921201,95.797087070556
4789781,378556,952.0708392292711
4789782,1294482,898.3384957198549
4789783,1416194,13.665947530452915
4789784,1173417,68.75953754795572
4789785,291028,802.3689159997805
4789786,1129802,220.90485834320216
4789787,67257,999.0993810137606
4789788,425981,653.8604504176292
4789789,1963322,212.53581903511332
4789790,439314,693.4514116719569
4789791,1933509,55.078262126455726
4789792,229303,940.107997419973
4789793,1116649,950.2574300877433
4789794,798969,327.0324239644081
4789795,863994,398.4418981883353
4789796,399839,477.4868943621505
4789797,1503979,883.5060987729521
4789798,1316024,25.922501295224663
4789799,871132,602.1654234630461
4789800,777269,507.7516688575777
4789801,182203,772.1294430971388
4789802,513545,447.8154382986228
4789803,40844,1.3686856958984306
4789804,617144,457.53386508152715
4789805,787137,979.4195883794882
4789806,225788,780.9619120763605
4789807,1343537,522.1206243280292
4789808,758343,38.26554551356964
4789809,558630,296.8660154857847
4789810,557434,311.5840362843644
4789811,103658,573.0210467341401
4789812,728327,236.8520050791303
4789813,108876,69.26759436384444
4789814,1482791,940.8289899987889
4789815,1107885,695.5672355614839
4789816,1152817,766.5235462858374
4789817,1972127,849.6325707463031
4789818,1810062,916.6489696558401
4789819,1748867,874.2766802476677
4789820,1360849,378.04230910123516
4789821,761518,503.85207305254056
4789822,1406060,437.08029426591077
4789823,698446,835.3110723521755
4789824,1466362,144.31860306391775
4789825,1779560,522.3029040561785
4789826,700491,212.36020973056225
4789827,1778959,160.25645153490308
4789828,773309,431.4158628050627
4789829,294519,293.39359423666787
4789830,417865,133.01509398978783
4789831,1743607,507.94485270482323
4789832,1684581,243.5328080038933
4789833,584791,223.5012236439482
4789834,197703,561.6677868563739
4789835,639649,444.4240320363141
4789836,914741,62.46410101767208
4789837,483384,731.4747170662348
4789838,1334974,708.6674893747827
4789839,1260290,43.07429972248167
4789840,871246,927.0077609529625
4789841,1422419,317.7529996767784
4789842,1217257,329.4666708980648
4789843,1297657,329.9377879766364
4789844,1928967,321.2376357807686
4789845,1874023,50.863307649054775
4789846,844821,88.91142061342305
4789847,1866159,614.14648489755
4789848,1256528,905.6471654957218
4789849,1339100,572.3243034737563
4789850,145921,317.28571503336525
4789851,1658898,801.9959385293281
4789852,1684678,12.282176884595874
4789853,1167845,215.59637137983657
4789854,1109367,936.9944035023282
4789855,902493,275.16859418568606
4789856,382096,532.7383093378519
4789857,248274,143.73883927238163
4789858,1532825,400.7561569785467
4789859,1567803,561.2023320423966
4789860,519295,31.539259362542538
4789861,200950,44.443968122520495
4789862,994868,48.3303954412665
4789863,1558096,487.0150292527666
4789864,1368650,952.0042036820507
4789865,1822955,517.6312699864404
4789866,906601,397.7790610187065
4789867,1864593,131.07804330960658
4789868,920536,313.2529602700863
4789869,794641,942.2433058897851
4789870,9306,972.2723227622105
4789871,947883,776.3147342253023
4789872,1506290,37.364502141532526
4789873,1894511,940.5699334125763
4789874,144982,680.9014530832676
4789875,1197453,827.7723495132299
4789876,1138354,840.9717291537974
4789877,737248,396.88668581587996
4789878,64504,718.8210030850772
4789879,852358,394.1188659042939
4789880,276848,305.08759920736685
4789881,1463608,689.7038401809019
4789882,1594549,48.56067225253946
4789883,665062,432.7028756070017
4789884,1714662,651.0868751782261
4789885,69878,501.34133893079814
4789886,97223,996.4778608715611
4789887,1112439,247.54486868594694
4789888,231796,678.9909256572296
4789889,505716,109.62525012265678
4789890,1342606,249.93381451783392
4789891,606540,629.6082258502787
4789892,1714832,812.7544256614104
4789893,243254,194.93160119388497
4789894,330994,66.87528997331515
4789895,578551,883.4947591473234
4789896,656942,424.5689368616137
4789897,1027057,869.7659321836704
4789898,1899177,865.6682899669295
4789899,1020980,179.14525329222553
4789900,1276249,739.3425018119127
4789901,177542,722.3288903092919
4789902,148013,326.04692340866484
4789903,250500,700.7414376204239
4789904,601419,16.91630141319511
4789905,119276,437.87334890044616
4789906,1065162,606.6653106909438
4789907,923689,478.5960091911079
4789908,239898,883.0717917834257
4789909,1594507,275.2468450926958
4789910,708466,370.466704792053
4789911,1378877,62.68194775236857
4789912,1102101,193.1606269658336
4789913,1498417,649.8371646308968
4789914,890658,656.4528735909621
4789915,1777354,59.302298001206786
4789916,1487642,485.55791940673174
4789917,1165039,246.8414279661414
4789918,1053308,202.37501536041492
4789919,1794708,233.69099099698397
4789920,1373492,550.5209317446103
4789921,1104345,898.0171661693379
4789922,1511650,565.8787589176037
4789923,1615274,569.3537232735132
4789924,147787,8.318232360300492
4789925,219239,964.0708296517608
4789926,426113,341.8960967829663
4789927,266689,348.1207907105911
4789928,1601923,918.6895353360818
4789929,1432025,265.1245059350412
4789930,243947,780.0504125623382
4789931,270211,659.1465221575025
4789932,1344388,100.58535992374085
4789933,975651,206.1205756618838
4789934,1029527,509.23241533079397
4789935,242563,208.5981700655184
4789936,426948,648.4872845213675
4789937,1927388,806.2152481632218
4789938,223751,136.0214496872133
4789939,861016,359.9191277095166
4789940,1850244,162.91671755006254
4789941,1066146,38.00898957880994
4789942,1765390,310.89338283227664
4789943,401201,36.66169120218632
4789944,140757,909.6342308454765
4789945,1245196,845.6466017422915
4789946,990432,363.71066222020767
4789947,1213613,412.8151859470289
4789948,1930273,386.6075327192717
4789949,315175,637.1517736805964
4789950,426365,282.02751138913584
4789951,1204934,890.5271991027186
4789952,859646,137.7919236924201
4789953,1042452,995.7821799420002
4789954,413526,955.9164407813782
4789955,128110,955.1152577358331
4789956,624875,680.335528893326
4789957,441812,958.7079163448527
4789958,1816140,203.22466274368745
4789959,774420,668.7430870623031
4789960,1547624,63.031697317471604
4789961,1806899,855.9236745464472
4789962,1621146,341.4144861599413
4789963,1783352,349.12292961899027
4789964,1098297,691.3647541773365
4789965,372316,682.6711310617648
4789966,1145790,581.4737516536721
4789967,1714773,355.4155911506225
4789968,1767794,676.9285871721105
4789969,1825022,310.57797139015133
4789970,736896,14.753473832133658
4789971,923761,266.21359228717137
4789972,869149,660.5883752106233
4789973,1733896,857.6083218325558
4789974,140959,144.02001088885763
4789975,24742,210.58882697142056
4789976,1658505,863.0898358651007
4789977,1469217,331.52820731579527
4789978,1946893,21.82120679100519
4789979,965843,994.1148052191769
4789980,1450019,150.2851934001439
4789981,1725462,114.37052820269899
4789982,686434,595.7562016706357
4789983,764944,249.99408851135874
4789984,838840,137.21715060587803
4789985,369205,353.90646886550667
4789986,89476,160.8533247738221
4789987,1769311,149.4749652648617
4789988,1014814,217.55512081979222
4789989,360316,833.1507553572501
4789990,1750993,454.31340479121417
4789991,1948658,385.2348208586599
4789992,1629546,44.38260789681958
4789993,1749107,38.78396687399166
4789994,948038,419.8568994697342
4789995,1774794,24.381663794115994
4789996,451761,853.981777469473
4789997,1040154,805.9865884300817
4789998,500443,98.38959388345569
4789999,566210,539.8983862147059
4790000,604692,605.6719398899588
4790001,1699076,927.0804545197956
4790002,722415,719.6093137707468
4790003,1349787,674.5549354797397
4790004,176864,55.547318333129645
4790005,1810628,788.1420529956545
4790006,1648969,364.35120299307135
4790007,155670,861.2192963940721
4790008,54295,146.59957035848436
4790009,46753,124.58216394340116
4790010,388,122.33445207092464
4790011,176715,835.4902079610806
4790012,866474,157.95751711795614
4790013,1364137,281.8922564241562
4790014,1692814,350.494895385467
4790015,343087,793.5149427352876
4790016,383128,673.980849961913
4790017,281347,952.1045866872821
4790018,270435,797.4630233324995
4790019,1956306,619.72472891869
4790020,99820,29.46735444587101
4790021,212020,176.57159181028504
4790022,1540425,101.84394020746923
4790023,26260,846.8156948909833
4790024,608753,88.09864525738654
4790025,25718,335.4884245511829
4790026,1366797,692.3110958348267
4790027,210874,227.12440622951758
4790028,1974988,236.4149603450766
4790029,1787540,800.2234794991426
4790030,788773,16.29367367858947
4790031,1846249,486.9901763951477
4790032,1552242,478.8956152155478
4790033,1237113,25.44462919756829
4790034,1653505,42.49723041199582
4790035,1734618,214.10724262086578
4790036,947438,69.61306064523365
4790037,1432016,239.59663374820948
4790038,1581391,831.2081886967748
4790039,1976484,20.292203209793524
4790040,998951,759.771413668712
4790041,1041489,679.7259474210165
4790042,1694474,24.565549453086977
4790043,1391741,714.6119086568394
4790044,1981198,312.52072650261766
4790045,734872,976.7263194381244
4790046,561703,107.02737505833993
4790047,1090260,780.9759583337498
4790048,1494636,23.09568769336945
4790049,1428988,759.7550279204834
4790050,888312,78.56401209092412
4790051,188342,82.70465551099527
4790052,581529,712.6084539760549
4790053,383420,954.9359907987517
4790054,1639165,91.58952225123696
4790055,1692720,764.8910754203063
4790056,1994946,510.617760960278
4790057,852701,242.46867840103715
4790058,401713,782.998143218452
4790059,1437058,419.3730368257064
4790060,1260240,140.8476759746683
4790061,1802019,75.45279709714204
4790062,1414275,846.510187307071
4790063,1390082,573.4797798751716
4790064,1134814,550.8027767020234
4790065,1053119,322.55865155293196
4790066,683917,512.6784973173922
4790067,1966492,780.279101421168
4790068,1853214,532.1787915411553
4790069,1495226,411.5102091862772
4790070,1043634,769.7261226937314
4790071,1546970,844.9752245767531
4790072,1416250,864.9846131021632
4790073,797697,654.1557006770636
4790074,1521920,460.48896307585943
4790075,1764671,294.4578406075804
4790076,209224,923.9518188852636
4790077,1269104,5.1117738393472445
4790078,781594,185.19206285616653
4790079,209407,735.5018545979877
4790080,1298970,653.0262475358694
4790081,1260999,172.72691016192687
4790082,923722,512.7267534883887
4790083,1643993,161.82486308710241
4790084,469678,137.6987433617397
4790085,1053893,757.0758965236496
4790086,1501503,316.11748013490325
4790087,1858479,665.6451573401503
4790088,1980780,627.6065755799734
4790089,1963659,196.80135496535257
4790090,1021267,244.94920716563794
4790091,1720139,366.25558326483144
4790092,1264020,637.3479400597138
4790093,227161,398.3484104935578
4790094,1737476,197.1128922508042
4790095,1750467,765.8383368826238
4790096,1447351,258.0058867605725
4790097,1336859,964.2246540031898
4790098,1238690,968.224798369261
4790099,537522,467.8055363979323
4790100,1939612,286.5393975075782
4790101,100549,207.07390349909517
4790102,1022439,127.63032564866327
4790103,637781,123.95781609699597
4790104,1973083,744.8712132610921
4790105,1697869,769.315852197932
4790106,1155728,693.2223716192917
4790107,522682,574.5719640749107
4790108,419046,968.628968235979
4790109,418539,784.857032145269
4790110,1067858,266.6893128660558
4790111,36145,167.87452667059455
4790112,1061253,130.86345122999242
4790113,1876488,793.9218499173155
4790114,1045432,272.8276377713061
4790115,344721,154.59782832967937
4790116,469254,920.0261331599255
4790117,1551522,426.37159323813546
4790118,705867,581.1751858177001
4790119,1402814,913.9488656193203
4790120,1112680,687.5885683556046
4790121,218441,441.7097928517953
4790122,507844,897.4612317355395
4790123,1848875,537.0558015420437
4790124,387638,661.8111232420299
4790125,1441072,194.96415178161087
4790126,1978237,523.3082107294626
4790127,1342358,111.32657954751579
4790128,1187906,944.2938567030887
4790129,243389,212.12236913600046
4790130,1539112,703.0998454100056
4790131,1134968,484.3155970540186
4790132,658020,159.14960577965743
4790133,1352316,709.6806579693641
4790134,977660,957.7515525711892
4790135,1654280,938.9127021808326
4790136,1482489,632.6738701029242
4790137,1677664,653.1959056385094
4790138,1545088,913.4448364181331
4790139,974781,349.95566797461174
4790140,1548104,552.0573052428621
4790141,882039,799.0103104331946
4790142,50680,198.41266372335485
4790143,1954032,218.4392308834816
4790144,1904439,821.6306385893408
4790145,1838754,859.8031010243902
4790146,279930,189.16723589665685
4790147,671169,828.1428806151516
4790148,1903946,677.9978416268574
4790149,218740,502.90424044016214
4790150,1848232,493.2796463116197
4790151,832047,908.1205277029413
4790152,1393613,763.9600517392685
4790153,497777,125.8703962210137
4790154,1653552,11.288310027738223
4790155,498119,202.10909585125637
4790156,553266,192.06432268750905
4790157,407642,737.0582975839798
4790158,376254,675.4906051580714
4790159,897955,293.84452649901726
4790160,918237,328.80082097174244
4790161,1857030,620.7640497955435
4790162,86630,735.6796773953545
4790163,644380,189.98232661155612
4790164,241638,879.6732200895715
4790165,249841,966.7315142384048
4790166,1016862,988.4087040538801
4790167,968867,239.92909244608674
4790168,709957,106.46617938343084
4790169,1129714,340.71187691437245
4790170,1365177,42.750491370130646
4790171,1676119,440.96947814023224
4790172,136400,463.1480702250742
4790173,1126380,533.4449623609743
4790174,1706981,275.1684054191874
4790175,1042262,31.302655168345073
4790176,1671358,97.1976352974092
4790177,1245708,20.32799249999917
4790178,943102,733.3256548644589
4790179,843172,99.89713864971938
4790180,908276,82.05833418225438
4790181,1318895,520.920024203703
4790182,1680341,749.8958821568327
4790183,1385153,415.1645372643874
4790184,429117,485.78118971226814
4790185,1129542,493.8572461589561
4790186,61463,415.5993869139447
4790187,1726587,472.03587767368373
4790188,375493,861.4497933457309
4790189,1103397,436.02755831709175
4790190,685700,540.5449422027265
4790191,1896829,727.9038069728743
4790192,378456,689.2541098793347
4790193,378970,691.1052868144567
4790194,964941,21.43536205847385
4790195,682622,997.1307804845295
4790196,859928,408.880089626217
4790197,330143,30.969838688700623
4790198,1411028,859.3628686221086
4790199,1034857,157.1875347368179
4790200,697408,761.6101204916137
4790201,1226193,392.24890515023293
4790202,1748552,624.3234570916899
4790203,1466261,213.40466060195274
4790204,1975898,284.64444230586605
4790205,1567595,585.0449786822899
4790206,1885433,744.7858285497249
4790207,1650958,591.5527522585076
4790208,1119486,921.7487628389605
4790209,1029477,421.7431844726336
4790210,944937,754.1480078053287
4790211,292799,338.5605184225492
4790212,966141,149.2216511191674
4790213,1333320,422.8985622636591
4790214,1474150,299.05135479384626
4790215,1430137,609.783359421896
4790216,639320,859.0169548382225
4790217,216605,808.9455008881984
4790218,1551450,671.3624224426535
4790219,1728214,49.283404961795505
4790220,1705279,555.7565404431426
4790221,859154,222.77580740033986
4790222,1360021,420.77217698431156
4790223,778389,924.4100981899488
4790224,402826,910.6134699180124
4790225,265788,466.4204018970808
4790226,1807005,614.8286076429973
4790227,1757085,510.631844577055
4790228,744266,206.48013826142088
4790229,1810056,986.1721887527253
4790230,1764714,331.9743060803877
4790231,1342865,997.0111369512739
4790232,489157,276.71824120769827
4790233,87244,599.4621266023321
4790234,1051951,194.5253635332036
4790235,550165,223.90371317972767
4790236,236153,83.11602497935633
4790237,1412473,471.43656329216765
4790238,1947682,426.4591362793092
4790239,1047740,401.9176288927998
4790240,210207,150.94534424699725
4790241,1660821,305.04624456496185
4790242,1226475,886.1909230768777
4790243,1255149,249.9906392709489
4790244,966610,442.16130587970036
4790245,1728232,760.0339058461594
4790246,1871158,865.1975197825977
4790247,72058,764.2270885208611
4790248,1932414,410.26672970830293
4790249,191452,126.61154507056705
4790250,240842,22.358540375432057
4790251,161646,922.7257764237048
4790252,585245,482.19895228596897
4790253,1744469,883.0147326559231
4790254,1343884,282.57278760191605
4790255,1066085,399.892107733858
4790256,210460,640.3493457371692
4790257,1475163,461.4491187519695
4790258,1155105,549.8949193072325
4790259,432274,271.3492360534878
4790260,882617,402.6910362068704
4790261,1557429,902.599606229117
4790262,1062658,564.0844499319428
4790263,1066482,775.3596408228523
4790264,105699,90.53542215655352
4790265,1503246,556.7111099631794
4790266,1324003,746.6975241314491
4790267,1720460,27.60686154516112
4790268,665586,959.2211397871098
4790269,840649,96.92641949139502
4790270,1116655,927.5687381467602
4790271,1870937,744.7709820586388
4790272,1429070,362.61126833392854
4790273,261611,675.4891099480046
4790274,571035,341.7973460462074
4790275,1946145,98.11071520131132
4790276,1696149,79.98184442879163
4790277,38197,442.44057423461226
4790278,1370118,605.8114959011665
4790279,1159046,369.14727542420553
4790280,1842887,916.1999118690931
4790281,1402673,810.8912936836399
4790282,248716,528.2969292537892
4790283,1601691,214.11675513022487
4790284,628808,785.9584391537485
4790285,1885276,645.9425447120619
4790286,595356,911.9537532133116
4790287,421427,551.4340435201615
4790288,258909,227.36499356802432
4790289,865648,387.1554004101281
4790290,1563194,215.92253990875088
4790291,502132,83.10562534282795
4790292,1505512,623.4694306477613
4790293,178504,41.58485377573407
4790294,835488,810.3313860327575
4790295,381428,941.6174581021664
4790296,1597502,504.5001129351538
4790297,667264,989.0192319966671
4790298,1137081,772.0150675002219
4790299,688972,606.4414307153706
4790300,1795499,716.3422108005939
4790301,517217,360.08292550369157
4790302,219614,60.55561159390099
4790303,447495,612.4045012675357
4790304,999353,895.7880290837716
4790305,1118259,773.5806230188592
4790306,1735292,144.49310430406516
4790307,705796,225.53297142636464
4790308,1145045,723.8583517147225
4790309,1515511,217.62879504480537
4790310,620173,212.9430795341368
4790311,894219,52.5442423665371
4790312,403511,964.1565534941466
4790313,1575125,545.1179860078471
4790314,1489922,573.6671845367657
4790315,1030808,873.5115589527878
4790316,1338482,699.6516569238091
4790317,157996,616.057255717201
4790318,1842960,731.4785205722409
4790319,655064,641.1063474818989
4790320,1951516,947.9786541255796
4790321,1205989,641.7136142021503
4790322,761507,804.9071205895902
4790323,842972,537.0684460764819
4790324,1261649,135.77492119065727
4790325,240118,8.15182728353825
4790326,235399,787.8221546428335
4790327,1488805,311.13538961836286
4790328,137800,223.14210849893635
4790329,593125,669.7404560126349
4790330,1818223,471.9335403360271
4790331,1506655,278.3033226396653
4790332,1182653,847.0729610971757
4790333,173817,799.3067160928057
4790334,898759,209.6929430496145
4790335,879961,102.9473456442147
4790336,159978,810.4404439568694
4790337,1714867,305.75364857123697
4790338,1793110,7.17168022590331
4790339,1824808,654.4476609459409
4790340,727439,136.87522630320726
4790341,334230,717.3577695076104
4790342,452130,773.3927603974117
4790343,1261685,140.769929926429
4790344,168206,590.8524152115655
4790345,1257107,329.60734440190606
4790346,910946,514.548044032799
4790347,1942498,134.7788210678147
4790348,1076946,591.8618665598341
4790349,1244985,135.48269790399547
4790350,1310299,43.95161310768181
4790351,970357,86.4608860303856
4790352,1028826,27.65282215971865
4790353,18363,470.378144915859
4790354,1824827,565.4602810218122
4790355,1023746,253.35486521924543
4790356,575711,437.4883167705819
4790357,1770144,561.1828901585272
4790358,1296416,690.4180667566026
4790359,314407,2.1141842602129257
4790360,1394403,976.1102717787153
4790361,1511157,935.8341897899006
4790362,683307,438.7244966229001
4790363,1260364,635.6569634025723
4790364,365412,49.5801798612866
4790365,1193940,194.42085439548129
4790366,1792092,967.4723583128241
4790367,1430589,458.05776371228666
4790368,1925597,619.685298468017
4790369,1830030,273.14245599913056
4790370,692042,757.3939390190155
4790371,1935357,331.7539775094982
4790372,1016304,567.3931781477816
4790373,175828,136.8867423092821
4790374,990154,873.660028610564
4790375,393726,529.266548706885
4790376,1544644,255.6575557303008
4790377,1617723,949.1594029077911
4790378,1439852,207.45043081067016
4790379,71104,666.7492558103836
4790380,411893,605.1110055302005
4790381,1706692,521.7629277482566
4790382,1776286,33.656977433566546
4790383,151398,372.1751469318022
4790384,870223,209.6409613741238
4790385,1280694,466.12787837455426
4790386,1093539,585.5277870006024
4790387,590650,698.3346635681409
4790388,1448739,477.95564577691994
4790389,671191,165.06900872203167
4790390,838906,326.5435348071704
4790391,1647889,872.9966434096451
4790392,1112498,726.0421438844836
4790393,791639,999.0689172823356
4790394,221817,130.36623766934852
4790395,1289277,310.6711488369089
4790396,1163193,657.8626799066787
4790397,1998579,927.3557133882796
4790398,1157967,275.1874563725384
4790399,1413320,148.1949685459091
4790400,525837,700.7180381396646
4790401,601060,905.6711991926446
4790402,227556,458.21018036308317
4790403,1685294,519.4337952686518
4790404,1606525,190.9146608978355
4790405,297779,301.3976002705954
4790406,305535,690.3894939263902
4790407,726264,457.2318434776169
4790408,1734750,596.9178890627228
4790409,1548012,956.8972347610729
4790410,652278,890.2071983945159
4790411,1263799,711.7420616823173
4790412,599526,506.207935628501
4790413,777866,656.1388404602224
4790414,654732,130.0924611401554
4790415,471737,811.5807165437391
4790416,1816554,939.6731746224473
4790417,618177,710.5833558799467
4790418,315444,485.2334592011173
4790419,1458758,437.94151863626774
4790420,611619,987.5473567631307
4790421,1674886,924.831004889266
4790422,568723,891.1955897178105
4790423,349079,725.1960451678018
4790424,212225,679.8706744360442
4790425,141529,560.0030872113301
4790426,520915,839.6966370488706
4790427,360178,277.8559256762252
4790428,1609469,80.27300350934541
4790429,835059,556.8654513117301
4790430,1149747,264.4472915281594
4790431,1361468,542.6963398016637
4790432,1916562,26.821697530966414
4790433,1788009,556.0159606084618
4790434,646426,632.8727623039587
4790435,748227,474.7226047767412
4790436,1384121,0.02497351757080324
4790437,396197,680.6756677515602
4790438,96191,530.8198728586788
4790439,1480478,209.80941737670744
4790440,1502069,743.2052506874624
4790441,868702,117.57144848708056
4790442,423188,347.73807421609604
4790443,1834512,688.8092306172286
4790444,1169044,138.8885697914791
4790445,1001055,622.6345654274164
4790446,27429,786.7348645045685
4790447,1532585,522.4976465549374
4790448,1210830,458.676203272117
4790449,1988195,997.465286588206
4790450,102425,828.9148826955684
4790451,761902,863.3944681929985
4790452,685469,71.16735866372859
4790453,327491,497.14862193685406
4790454,149369,671.1043011049977
4790455,275676,395.2289892627936
4790456,571742,684.1358108622962
4790457,1601876,23.863520366717683
4790458,790902,276.5669804959563
4790459,1704664,721.2938547791375
4790460,1511375,636.7397969880975
4790461,151837,508.51710370951497
4790462,261649,725.2900587391683
4790463,779116,73.84888717049198
4790464,1602430,392.67036426372493
4790465,1576676,261.82324548617987
4790466,602617,973.2864886555072
4790467,1906722,912.2030627734368
4790468,504498,795.530745692513
4790469,1342292,863.8025954615326
4790470,1920042,88.75008948068353
4790471,180812,658.820562573408
4790472,834493,396.0161135666348
4790473,212513,996.9702237260121
4790474,1127937,928.9078688486383
4790475,1526640,810.0708465080563
4790476,978381,140.92720464731167
4790477,157611,972.4360354399327
4790478,158314,691.1869061241143
4790479,1346572,667.5457602595752
4790480,504082,196.92050346820312
4790481,843453,722.29673518107
4790482,1054057,428.49711639581767
4790483,763,368.07220431673403
4790484,1081896,738.4059349333006
4790485,361139,612.441809828586
4790486,717871,195.5659097092247
4790487,306052,811.9702472842026
4790488,1365357,120.10191964117544
4790489,375791,530.1074399155826
4790490,669258,972.2328640614064
4790491,1254517,14.188621618602015
4790492,1901,237.10282813156613
4790493,1865295,79.97597405217627
4790494,1110442,756.3594946392805
4790495,1233625,518.1902632269569
4790496,852034,231.90125207814293
4790497,1259450,514.2769612313706
4790498,1620179,948.6123305145236
4790499,93651,254.09227604438078
4790500,1328142,516.9609002589131
4790501,180418,886.3537403009716
4790502,840763,331.2151972837191
4790503,268325,871.0110437255997
4790504,1326586,734.4760152377348
4790505,1531249,493.8195000870194
4790506,139009,315.68372633432915
4790507,240058,711.0718782771492
4790508,188214,199.91336467416355
4790509,1803509,789.1873571257877
4790510,472806,630.7784992024575
4790511,631472,949.5825513635714
4790512,19328,268.77079601978613
4790513,563630,547.6920622264132
4790514,601432,760.9534525262366
4790515,411480,954.2787400992354
4790516,207228,692.2410660042641
4790517,501566,538.8754219776471
4790518,256781,1.3737976849853561
4790519,1360088,635.404369687926
4790520,1085842,556.5972212498898
4790521,725982,333.4208326558908
4790522,481423,253.8362223424594
4790523,335219,477.12653069098354
4790524,662284,387.1812090549428
4790525,141266,639.154440144173
4790526,47799,310.1042327048773
4790527,1201288,184.58834395153346
4790528,859344,286.5038702232948
4790529,263404,730.0914959952306
4790530,104318,672.7358469528739
4790531,1699117,242.90623274548796
4790532,1803327,20.425380128547776
4790533,1409644,141.69971458806697
4790534,908529,420.3781785163789
4790535,1227235,748.8649875852927
4790536,278656,89.67760941095449
4790537,1595996,112.92479060406701
4790538,178181,410.0532136420733
4790539,1226237,285.53807208338543
4790540,903709,655.711829993254
4790541,283491,556.6406697256642
4790542,294930,249.79105673234125
4790543,1885165,149.8138763408594
4790544,1271305,960.8272975594234
4790545,131977,817.3575317232659
4790546,1504483,793.5660452392899
4790547,1724337,812.7505529806397
4790548,1092940,54.11089416163739
4790549,1364216,542.3392546118771
4790550,830265,181.9548345191032
4790551,740779,695.0147652438827
4790552,29257,36.784256959710326
4790553,878421,840.290639968958
4790554,513896,455.5015685273722
4790555,817280,166.6974897888258
4790556,184072,980.2754167564507
4790557,1273032,365.4179716404049
4790558,1832261,700.5225663210884
4790559,553643,961.2292652646174
4790560,273979,411.347242896168
4790561,1762174,812.5795798583359
4790562,700240,81.22180893086583
4790563,301652,917.7437666915
4790564,449527,969.9183337162391
4790565,1397608,252.31209848996295
4790566,397329,211.4314946655589
4790567,1164277,402.0535590508707
4790568,1257109,547.7981470969861
4790569,452409,743.3936288399104
4790570,285371,867.1832204222517
4790571,1450228,211.98462638679416
4790572,1712844,588.6322751063378
4790573,1445024,994.8238285684729
4790574,921593,875.4943929418179
4790575,1852263,406.40203804866746
4790576,765580,930.9837745690384
4790577,1073123,367.20395456831636
4790578,1474030,203.69008415022793
4790579,1900301,212.48226546951264
4790580,1670540,960.4336694283211
4790581,1283372,358.9287344839318
4790582,1673178,907.2201985779907
4790583,823574,900.7718562712599
4790584,513291,698.3894402269574
4790585,84428,116.01956902073496
4790586,618408,489.61974465848414
4790587,1634303,912.3360611707444
4790588,111343,212.98260965948924
4790589,309517,877.8518109997797
4790590,1384323,66.67914929472951
4790591,1617891,71.80061806126847
4790592,1677949,292.57611666659466
4790593,527511,930.3437627249245
4790594,766073,515.6831541947083
4790595,1390699,635.3368899609249
4790596,873345,821.078368871521
4790597,1743729,247.7090965748002
4790598,1177300,215.40564599220778
4790599,486122,827.3205026435688
4790600,1149160,545.3897079276645
4790601,468462,262.06988434968594
4790602,1176585,681.2996449214755
4790603,1607988,177.728655315482
4790604,1408837,714.586912698689
4790605,1176184,296.96977127277313
4790606,475335,143.78246473213807
4790607,1460970,57.659134287737835
4790608,1579295,87.14534917429373
4790609,1707269,952.7055037558974
4790610,1353752,623.8099216844167
4790611,1887894,637.0885172261436
4790612,1717069,933.6724261013586
4790613,954864,709.3254555389979
4790614,349916,616.1298087373865
4790615,1142061,128.1565051590894
4790616,1594843,815.4452672484599
4790617,39316,249.92057750391706
4790618,1702879,157.3519669414989
4790619,1612071,701.6557031780779
4790620,232867,303.8766184747352
4790621,83954,439.25981059922606
4790622,1380772,96.38338004717039
4790623,1109188,971.9775984010489
4790624,1086618,881.8265743433536
4790625,1103793,959.417156979898
4790626,922340,298.1006062625477
4790627,1309168,445.41567619098663
4790628,592933,259.93417227238746
4790629,283807,263.25413127756536
4790630,1451549,984.0361514097254
4790631,407286,803.2085798117671
4790632,120352,339.15472992076656
4790633,1743364,383.56875368790156
4790634,1526371,27.93796047009234
4790635,1205982,503.44675847181895
4790636,1595992,695.3196098058576
4790637,225797,748.0488449256806
4790638,132777,858.3360467332722
4790639,668999,983.6236244016027
4790640,1162282,340.3030954572487
4790641,1819935,408.23750456487073
4790642,1414051,701.4773037918826
4790643,1005262,842.8079086727062
4790644,168373,2.1895547587025277
4790645,1543407,670.535775655064
4790646,1884351,252.57589624968423
4790647,1280977,957.7253604769542
4790648,872185,942.6018315638462
4790649,778399,628.7570207492037
4790650,312119,773.5990078344983
4790651,194182,347.5025674027223
4790652,1105097,578.5406196881887
4790653,1409192,323.54301402568177
4790654,904719,540.7644672649599
4790655,918059,83.34486461581936
4790656,61541,154.04556931993918
4790657,1378830,602.2703264347132
4790658,433307,294.61599818056584
4790659,1142813,244.71225780407457
4790660,808475,208.48635069536024
4790661,1367002,554.8477510154385
4790662,108222,294.79057744691426
4790663,1334379,574.2242157553545
4790664,299475,349.6188044621066
4790665,1212759,585.8133690072849
4790666,1732997,774.2822955774666
4790667,254437,959.106584846144
4790668,177612,827.3770108690143
4790669,299901,950.5685249520163
4790670,1042927,131.56570924450017
4790671,443343,694.117083789277
4790672,909999,351.99115302716524
4790673,1844962,968.3915683267247
4790674,607568,816.0323580515935
4790675,536231,388.110088907358
4790676,1158371,681.0604266644269
4790677,1744623,686.843504778574
4790678,333043,364.8099157983095
4790679,1637433,276.70961056964614
4790680,426496,933.930937221724
4790681,467725,69.46350846180549
4790682,1281282,193.7798896073334
4790683,1713079,668.4184760546165
4790684,1205298,822.5293794286996
4790685,1041241,465.07438242024824
4790686,1759909,506.5403195124436
4790687,1139349,877.6190305531136
4790688,834304,827.8342166393603
4790689,1264940,69.43585245462603
4790690,535157,184.70556461632248
4790691,1990939,496.1457052853555
4790692,1516084,219.2929670771042
4790693,271046,706.6974815541533
4790694,471259,926.2642869843932
4790695,1130926,690.3871916104994
4790696,658906,681.6690564719048
4790697,803086,958.9839761827102
4790698,364827,883.8686378809464
4790699,64499,436.2513724032497
4790700,1523210,984.8896562475137
4790701,334847,424.81463071135795
4790702,833035,7.868562464852458
4790703,786815,745.0747073265923
4790704,1132959,900.1607377619064
4790705,1494929,255.71157374340626
4790706,379917,852.8708971397982
4790707,1339358,728.758671939995
4790708,414573,496.05819141523244
4790709,1403501,762.0342877890072
4790710,474162,568.3142777283124
4790711,1706869,838.4533787135808
4790712,939084,533.1504090784218
4790713,1728316,386.172928447451
4790714,96474,531.5540544526962
4790715,1146447,87.7165996732866
4790716,329179,518.0627772552575
4790717,216285,308.09899216124325
4790718,485683,541.2428104537818
4790719,1005860,712.5884356151774
4790720,558154,411.48260005640844
4790721,315089,783.4859495302072
4790722,975095,406.79915694966206
4790723,804475,348.67546942579065
4790724,238816,767.9803148599916
4790725,121425,536.6376414463243
4790726,321522,670.0089417478466
4790727,969194,691.0900988867975
4790728,1861522,734.4815426902003
4790729,1927312,557.8890035014496
4790730,1954613,296.8190047642179
4790731,1871923,602.4010167332859
4790732,1796979,671.0717039584846
4790733,1734577,864.0702858117799
4790734,586599,381.86416898321073
4790735,272917,13.009779759078466
4790736,1264481,405.09306113022825
4790737,187250,178.21760736240356
4790738,1494485,383.8968847142398
4790739,927960,847.6434384756899
4790740,595780,57.51395090389555
4790741,190490,810.9035813673487
4790742,1284024,215.14745462339158
4790743,1608269,334.7580374257548
4790744,149415,597.9514898324936
4790745,550607,968.1944058334237
4790746,719929,698.5834302489253
4790747,905413,895.372094677074
4790748,707615,193.16092016249553
4790749,1767141,830.1071701773118
4790750,1505147,498.1809054257179
4790751,1604197,612.1736758656808
4790752,1967762,490.0295741586287
4790753,181203,666.0987358732528
4790754,714859,805.4005575525965
4790755,610170,752.7589586868954
4790756,650613,67.71668379398821
4790757,60959,69.42001452575974
4790758,1593647,742.4181148558594
4790759,1502258,858.7781073403333
4790760,1227004,403.4896975647151
4790761,1804002,506.86640124049075
4790762,1173933,259.98389331194517
4790763,1121534,218.64101036686966
4790764,1882931,17.251212905948556
4790765,869874,910.2485286932874
4790766,1639137,395.99929625664674
4790767,1604637,111.57649270969294
4790768,252645,132.90846734837913
4790769,1594851,600.0929502240306
4790770,627101,810.007616956025
4790771,1327031,606.4146067513789
4790772,287834,772.328364882928
4790773,1825039,684.7546111077659
4790774,1889158,923.2469031964589
4790775,1331479,229.5457605217418
4790776,807752,363.07867494245636
4790777,874069,106.34649100782323
4790778,1840723,996.3751083427676
4790779,1164188,681.1384675296588
4790780,1579616,339.4142047160867
4790781,1470347,593.1463763254814
4790782,1762718,441.5022189268152
4790783,342197,182.1338279956054
4790784,385646,714.7899474606102
4790785,1805596,856.5330064998419
4790786,1841891,74.83883200130425
4790787,1962168,564.3831463424609
4790788,1907122,647.3220074779057
4790789,738484,64.25998038327663
4790790,1182499,609.3290310863015
4790791,1911128,674.1601965956387
4790792,70796,925.8203832105296
4790793,778890,120.56298841702883
4790794,1002502,988.6740279487955
4790795,894686,305.2657415724642
4790796,749147,719.4256187212974
4790797,1535282,362.1967265469106
4790798,1877885,601.5058308444077
4790799,329068,990.4380866427528
4790800,272885,216.21552134158506
4790801,78824,321.2353196809955
4790802,309587,420.6854213215009
4790803,1986642,987.0050814437908
4790804,1202558,898.4868082216021
4790805,1451211,727.0174359520746
4790806,1901932,101.25652753906334
4790807,365218,234.61575051270955
4790808,1228973,583.8085837615009
4790809,1653040,629.2371121872943
4790810,238575,231.27081269442706
4790811,1929121,85.47764751067332
4790812,1711526,361.0475018236616
4790813,944787,871.1508010165879
4790814,581683,822.3782272544307
4790815,929966,994.2661379151943
4790816,1642480,964.4602203346203
4790817,867246,70.88425444427781
4790818,527410,44.65690558276813
4790819,1674639,215.09103815223907
4790820,578277,429.09192600369926
4790821,1994725,184.4634375118005
4790822,859315,634.0886753134263
4790823,1989324,388.8131446334178
4790824,1722166,486.49924881238735
4790825,1566167,638.7902464292977
4790826,1178769,213.90875214770855
4790827,1689366,992.48038985589
4790828,1996254,857.526070551707
4790829,1201012,440.25457326691486
4790830,1838272,859.1744942067118
4790831,1594629,447.6657849553398
4790832,1668768,776.7852270520078
4790833,301870,101.47104719900723
4790834,952444,815.5542872142887
4790835,1925277,750.1774392806167
4790836,1048798,745.4041432371058
4790837,1645398,761.4169514076434
4790838,1630789,265.01707618696224
4790839,362733,579.7590402218796
4790840,563966,144.58054408227895
4790841,112402,533.4139246266424
4790842,1680004,312.847582134855
4790843,1083072,438.7207659018739
4790844,1999359,980.3977373680304
4790845,750929,35.16749183956336
4790846,901025,848.5312547707096
4790847,1592291,827.5420844143836
4790848,1824249,384.30936396022685
4790849,1404917,531.7603425055601
4790850,1636150,328.4275721462767
4790851,687926,4.858077155620033
4790852,1469423,237.08014695997582
4790853,326667,170.56321653681127
4790854,1940381,331.0791151550947
4790855,452453,131.38812035089086
4790856,1582513,441.56404766247357
4790857,601524,952.4927105512403
4790858,204215,982.4374902635363
4790859,155511,13.97002983204243
4790860,88436,101.1260337371801
4790861,229417,198.83873220305037
4790862,1228256,253.10233470162646
4790863,1690596,46.62445715213492
4790864,950090,845.412786057498
4790865,905355,167.86597196490584
4790866,1238683,0.1658544680510632
4790867,1420886,453.6925218685999
4790868,1499796,840.9205819861613
4790869,639795,949.4462143442266
4790870,1609179,241.84459813853576
4790871,1648140,374.0422409064141
4790872,162133,786.7379096563752
4790873,263772,210.94774725825306
4790874,1779016,266.31348916281127
4790875,1205676,664.7108685114839
4790876,1882062,269.7088692661558
4790877,1458466,159.3867083702166
4790878,1886194,591.3478336120615
4790879,1778828,550.6308996971268
4790880,1324547,298.6059936969369
4790881,1592788,331.83514347830646
4790882,309717,834.4444235692678
4790883,185057,465.2217004746959
4790884,1635156,797.4031134275984
4790885,1862559,695.7486315477463
4790886,1380757,824.3774577865028
4790887,176197,220.6664405603106
4790888,447864,555.6900660969976
4790889,446373,82.36830473962175
4790890,1170161,293.7177423112863
4790891,389865,120.11949613340379
4790892,1249277,123.35691039370688
4790893,1369143,695.6855236471694
4790894,839532,843.5092681210427
4790895,1892545,118.72443445919811
4790896,872885,882.3864243808974
4790897,1701026,712.1158865579959
4790898,1833897,270.10178467200006
4790899,1075778,127.67882705205568
4790900,1890463,450.3372286232931
4790901,879715,291.9204555638144
4790902,1627101,925.14531012273
4790903,1285659,749.3724925879413
4790904,693797,627.967294349468
4790905,449276,218.33892824826185
4790906,1130307,894.0207289122964
4790907,496199,636.1426785549393
4790908,1195451,348.1029046812675
4790909,527913,514.4253966415861
4790910,1256020,25.6369621329684
4790911,1656415,569.4633500536617
4790912,714608,912.1567815802641
4790913,463372,569.7869745233593
4790914,1642679,76.92774301773653
4790915,1234363,812.2399565091384
4790916,1082869,419.10664914789743
4790917,1965478,724.323109483586
4790918,419538,56.3417534254318
4790919,575140,117.15816004748957
4790920,1330161,474.04804781992925
4790921,1335346,27.58979346974444
4790922,262135,207.8417639952853
4790923,692105,54.64564589597154
4790924,1108074,19.563389581043644
4790925,1387688,141.60897917776327
4790926,1848878,294.54689719426943
4790927,655986,25.764093779984677
4790928,1685481,594.1789921391803
4790929,115745,876.2416250255076
4790930,1484739,720.3582004595579
4790931,1092168,428.79967279322483
4790932,783051,74.65723742522512
4790933,1654790,215.11136895118744
4790934,420625,392.4301766013878
4790935,333516,936.9020583122774
4790936,1884837,159.16786801206862
4790937,1809398,587.2383028091244
4790938,1383947,590.3492087444384
4790939,1114318,832.0798516988776
4790940,676188,289.4904780176536
4790941,1699029,294.2713391890166
4790942,1230886,840.3389489503603
4790943,53932,797.1080674123145
4790944,1872187,702.3881254962628
4790945,675771,578.302113620919
4790946,1442177,173.63139599839116
4790947,1985979,77.95841667562364
4790948,331195,881.2492384164585
4790949,675826,623.7901275117172
4790950,365068,952.3380425062394
4790951,682523,919.4882855678613
4790952,424224,522.1239299365802
4790953,151254,247.055046531118
4790954,1905900,71.9335757507371
4790955,1235410,944.7223303987892
4790956,10647,456.70399973994745
4790957,1096666,712.9547251689917
4790958,611274,564.8197782198948
4790959,605734,694.7330013964731
4790960,1644205,567.9459213864349
4790961,589567,583.8611408281987
4790962,808190,971.3591753293011
4790963,1229973,859.5793707127166
4790964,594859,927.979286036286
4790965,1437475,28.431146163672484
4790966,145039,711.2715743325248
4790967,1511363,629.5021092773294
4790968,114760,876.3340157100046
4790969,1618609,947.9501606806557
4790970,1681202,586.5009626573196
4790971,812451,397.8410190820019
4790972,1382006,455.218459054873
4790973,796611,915.0691942185404
4790974,732942,635.5639318691416
4790975,1639816,250.85814061612953
4790976,1271778,94.21172991925897
4790977,940429,486.6759579420169
4790978,1840258,380.4899608119007
4790979,132888,797.3035119957335
4790980,1416052,430.8241541966266
4790981,271689,42.93001638948291
4790982,1471396,217.76950082869882
4790983,987464,402.58479559713277
4790984,179760,777.5801785613867
4790985,1531701,99.25454736189387
4790986,355032,893.0776450313665
4790987,561297,436.80339636476526
4790988,1102082,188.77157211920303
4790989,947284,791.072611449983
4790990,460135,31.028338444464953
4790991,426111,259.1160256094108
4790992,1464093,425.65419319526444
4790993,636538,502.94717406908785
4790994,1232063,251.78873126424116
4790995,928181,694.7681865910848
4790996,5162,326.2451524169101
4790997,1220473,122.24742315118797
4790998,33602,439.9740840779012
4790999,609251,69.6066058253455
4791000,1007304,477.07673747360826
4791001,1115532,954.359945626247
4791002,189209,501.0037882021452
4791003,1677600,531.8494900102963
4791004,763087,713.699352408097
4791005,127551,953.9198551231985
4791006,931554,161.45654643268736
4791007,591788,789.9742280691647
4791008,939212,116.67079924534873
4791009,1477186,872.5664125324475
4791010,1683303,514.9204202782704
4791011,942559,356.72848014543445
4791012,1174126,484.2810070537127
4791013,1370018,902.1718336490661
4791014,613782,624.8832879341921
4791015,1468359,904.6448786793987
4791016,1536392,527.6387500410481
4791017,288250,897.4806265116515
4791018,1567186,222.8105356035287
4791019,237825,822.5730032820169
4791020,1885858,955.1727327068974
4791021,1248645,36.045884140788246
4791022,306357,203.10139388528668
4791023,1242743,414.7247383199735
4791024,715234,161.555247895241
4791025,1543253,901.3986616601892
4791026,1791413,604.7993896431991
4791027,349896,378.9539891136748
4791028,1545906,351.41749775837263
4791029,936191,803.2552292937685
4791030,895272,342.4972605427601
4791031,1899784,999.0978954194109
4791032,1649128,33.76481672673837
4791033,286668,919.623956201714
4791034,1125785,538.7690868560459
4791035,392382,593.5461085533119
4791036,1683101,394.29421535424234
4791037,821218,233.96667096181477
4791038,1386236,790.3125590219107
4791039,1445927,908.6374255855305
4791040,1939875,609.9233070808764
4791041,892675,486.5998391839368
4791042,1871182,326.35492916309903
4791043,1077653,62.29770282036806
4791044,1509469,718.9691572042188
4791045,1040854,275.40137188676607
4791046,96738,422.17910368064673
4791047,1942769,426.3078218188152
4791048,507901,641.532315861711
4791049,1235185,301.65667331472457
4791050,350841,360.50676646192505
4791051,1634598,879.7977948101347
4791052,139445,958.1008845626021
4791053,1200022,609.2321009060976
4791054,953945,55.66800410970363
4791055,639392,392.9433435260449
4791056,498101,134.87273998373328
4791057,391990,311.2142843974056
4791058,442876,866.8654802690205
4791059,1143670,358.3300804918039
4791060,1961872,422.9985941261788
4791061,1899062,976.7707341969267
4791062,1107817,905.4554540034569
4791063,200139,118.75368568312827
4791064,1479475,382.7592610201281
4791065,941312,183.8368466140613
4791066,246300,686.2972684709765
4791067,1148943,843.3568842008149
4791068,925920,355.9918445590818
4791069,920008,834.1326677122526
4791070,1845781,987.5182320143714
4791071,1436958,790.6423300351969
4791072,230541,22.721726174008584
4791073,143233,827.5724690321572
4791074,137367,533.4138502382386
4791075,545108,155.69483152258147
4791076,571174,730.0031094712864
4791077,1334643,634.0213059282886
4791078,666602,416.26082390012544
4791079,1036047,705.7436490890333
4791080,1483019,475.4537444047552
4791081,499166,684.6345452953904
4791082,1106487,859.6245578888871
4791083,214351,675.3177390876907
4791084,151305,31.18903822300412
4791085,1540252,115.80687002051415
4791086,648194,408.2084846320536
4791087,506924,494.7535174633536
4791088,1993107,727.0660820804251
4791089,363471,487.8138542145571
4791090,492301,474.16843950297005
4791091,1333182,675.7126839052145
4791092,321223,509.26415549912986
4791093,596845,491.31759885386475
4791094,1752273,879.1123975898483
4791095,1196156,365.5844446543324
4791096,688699,348.43550614633875
4791097,1323864,839.5778302878729
4791098,1736399,560.9000727555434
4791099,875221,997.468815696237
4791100,1125201,282.3392718867714
4791101,957458,610.7256919581195
4791102,1550752,761.5260382049588
4791103,1909895,186.70066472023905
4791104,799661,790.3232008850473
4791105,1097032,762.9539402038264
4791106,1981803,154.59399649751592
4791107,1889088,917.3764097743657
4791108,404427,191.24527595205697
4791109,753538,101.91508651324321
4791110,400167,367.00314742533726
4791111,1445790,413.6614900262289
4791112,843640,436.0505752718452
4791113,1577516,785.282386889784
4791114,59492,584.5455376381783
4791115,1765056,255.30698396826236
4791116,242675,896.5955580960499
4791117,540244,647.8855529492209
4791118,175078,329.34901575419593
4791119,1507601,357.99694808276826
4791120,1488861,955.3242244449782
4791121,1843056,346.40684247667843
4791122,1385409,536.8454434907933
4791123,783705,52.799276780475026
4791124,46563,421.69435250735097
4791125,27341,785.1904535416037
4791126,1047173,410.0761654665185
4791127,1681969,228.7380272652324
4791128,253268,794.324365030622
4791129,1548002,101.82945727137293
4791130,558489,448.786772373287
4791131,954015,693.8486719794919
4791132,1754322,355.4541389800162
4791133,1193739,905.506209119099
4791134,1387476,249.61367063976513
4791135,1949122,392.2223251020411
4791136,1205153,735.6764673427525
4791137,485183,843.1260007834259
4791138,1086104,719.3840572075406
4791139,1549910,159.63817264437074
4791140,1334788,598.8824427249666
4791141,598647,419.8916109623484
4791142,1812347,248.67887266599308
4791143,1292364,822.1384025717838
4791144,255553,351.52521288621165
4791145,1214257,899.2784914907201
4791146,1124585,303.03905552800336
4791147,970784,49.54585978393755
4791148,1666580,680.2030761040958
4791149,435216,181.76363975362997
4791150,298340,530.4430807037844
4791151,65819,712.9739252756133
4791152,43870,173.98057234870157
4791153,824375,190.33736268890468
4791154,518133,229.10492248651082
4791155,1293667,781.5137548710818
4791156,488149,791.568520085489
4791157,385903,544.0050641846212
4791158,533366,208.46599432295733
4791159,936344,167.42659457385312
4791160,938456,119.41508293369263
4791161,728665,20.433217881981935
4791162,154540,673.5566091213221
4791163,1845142,181.69260288133694
4791164,472335,959.7407188189801
4791165,287453,473.6278714415674
4791166,1689922,233.4867852451923
4791167,1681514,837.7181718776017
4791168,516366,68.90568373691319
4791169,1837420,460.05291994017716
4791170,1458113,602.063268528478
4791171,375619,187.4258996643342
4791172,1900230,426.1313816434921
4791173,1386964,229.92230116217894
4791174,581029,40.74572768872431
4791175,828010,773.5770732165995
4791176,606056,896.7298958462068
4791177,304487,51.66853734295307
4791178,1582313,169.81262515953932
4791179,191818,362.946457339537
4791180,1505376,736.4841726908442
4791181,741477,161.51735958543466
4791182,1652336,910.1200603307054
4791183,1809883,806.0648003145918
4791184,1805307,97.81196053342444
4791185,1840033,778.1325147486126
4791186,829674,837.9966301365835
4791187,917516,259.80486708351305
4791188,1879666,853.6904464064739
4791189,1949155,759.6623849614647
4791190,1113067,861.8899345168144
4791191,679416,919.483445781327
4791192,1639897,677.4994375037637
4791193,362581,531.6204413839963
4791194,1659895,359.5909191285619
4791195,1052069,572.1988702238136
4791196,1082315,931.4494236251783
4791197,1975636,736.4285253709787
4791198,518344,810.3588991651196
4791199,996614,278.2748548376638
4791200,128997,648.3595123490022
4791201,1707674,423.98771999945086
4791202,702643,362.27940603491646
4791203,883218,601.8224693548689
4791204,956631,347.55626479447244
4791205,187825,317.50716974003115
4791206,1519856,943.7311907907177
4791207,516814,651.8619770623354
4791208,1862822,740.1911068187833
4791209,1765802,437.04769253710793
4791210,705061,103.99301248239846
4791211,1826109,43.51167378908738
4791212,490158,333.1283685175428
4791213,1443289,203.63777880854107
4791214,1922134,851.0374917358591
4791215,1112458,497.4345527488786
4791216,1945215,561.2486300013712
4791217,929480,917.7668568913097
4791218,811679,916.2956652052479
4791219,924802,373.77336173237717
4791220,363658,346.5355364468964
4791221,401458,979.675177392032
4791222,352974,502.367704481689
4791223,593903,447.1375132652967
4791224,576369,832.7825110920389
4791225,982370,657.6058409694998
4791226,1123410,561.793393512161
4791227,1268199,906.4707948410138
4791228,1800947,44.84643752084882
4791229,1834577,111.58083213516878
4791230,857519,931.1592451599711
4791231,193895,335.31942256975975
4791232,1858256,98.90606284082804
4791233,1153889,145.29537472985177
4791234,1511631,188.02974021294062
4791235,1386859,714.1993017028901
4791236,40425,850.8538217860945
4791237,1990381,366.19998658537725
4791238,1690891,257.7667110920039
4791239,116240,398.19997139956666
4791240,1181634,883.6451057957439
4791241,1244089,28.591535165368942
4791242,99740,154.44291929540165
4791243,981898,155.4309608537886
4791244,1403753,214.39104072194027
4791245,1661980,490.0772190033998
4791246,283091,811.9207585875819
4791247,39444,217.87068899810924
4791248,929910,127.45337604532192
4791249,1447427,653.7987186013363
4791250,1882733,24.039633306092156
4791251,497215,291.6347426873227
4791252,1426884,785.1456948614655
4791253,1695023,507.86545765045565
4791254,409822,281.2663544526213
4791255,74710,571.2852399094261
4791256,1639775,153.76194652282848
4791257,1178486,709.7002107741425
4791258,969587,111.4323010228323
4791259,667753,323.6945349623197
4791260,811799,436.87791162329125
4791261,1456326,946.1911374481714
4791262,1447370,848.7498781288817
4791263,1873720,62.07842189449397
4791264,939537,991.5529463652944
4791265,476665,55.192075035495506
4791266,559842,389.2245939767581
4791267,325707,398.9140976724439
4791268,885388,902.6367389571233
4791269,1766841,333.59218705801305
4791270,1280204,812.7593967733484
4791271,120316,296.3146405329671
4791272,551303,667.0346483396681
4791273,1520753,835.3980079290567
4791274,1469604,849.2122270106314
4791275,1206911,203.8981765453839
4791276,625185,41.44209386285369
4791277,1816318,466.11472842483624
4791278,455039,714.1788478101739
4791279,635578,777.7815249767852
4791280,1359036,514.4853837072934
4791281,1572391,171.7463115133796
4791282,1482326,200.2215783826129
4791283,63591,94.8401575702229
4791284,44601,721.0037732931758
4791285,367314,656.6088468825699
4791286,1026153,545.6703098704077
4791287,1085080,385.38884274723193
4791288,1515252,214.5903709833955
4791289,1487169,571.1163094301146
4791290,902947,149.62023521083944
4791291,1424692,592.2452730005444
4791292,1501858,124.75419317996051
4791293,1466102,943.699343916264
4791294,884905,179.58299884040363
4791295,269867,524.923576808378
4791296,907673,585.0681331060507
4791297,436642,789.0751153959266
4791298,933533,46.90116217586549
4791299,537588,516.5551552063982
4791300,310825,572.2331479037987
4791301,72660,491.1145134867233
4791302,1581028,140.29664891776994
4791303,942511,349.67696130045755
4791304,237300,373.9731331808307
4791305,1265707,639.0581363395295
4791306,1453186,82.0430950592671
4791307,393374,321.7954250282136
4791308,523499,548.8935067954062
4791309,1799560,351.1690668930991
4791310,654285,945.3807537024488
4791311,575387,423.1416603073975
4791312,1386130,804.507667356016
4791313,944583,325.1240803392149
4791314,163868,500.3923080989705
4791315,461243,177.69671040656186
4791316,1629291,41.524795103155874
4791317,1843958,90.83545564350814
4791318,717527,545.7815610279292
4791319,870546,771.0405011951061
4791320,1594432,392.94150483603676
4791321,1984156,379.2281636812054
4791322,1305944,695.3686182049792
4791323,1358270,730.1427700347149
4791324,916046,948.4823735602954
4791325,497753,583.7826137954884
4791326,1152434,596.9373722435708
4791327,758154,198.74372093758873
4791328,1255064,360.5290379972852
4791329,1580304,424.5334497167007
4791330,1980041,613.6176790886773
4791331,1357646,381.85940823952956
4791332,1537161,470.12636451408497
4791333,1709298,475.9648773444738
4791334,1172204,429.7966572750821
4791335,529900,391.5200572583927
4791336,1030617,420.8922275633947
4791337,1757896,859.8896458973568
4791338,537525,613.9099447427641
4791339,853585,108.5403061652539
4791340,1139144,192.83669034129923
4791341,529173,735.0198580450568
4791342,1038788,133.5497496432293
4791343,683744,198.12417303628249
4791344,726256,575.4624992996689
4791345,1200672,703.1460089905961
4791346,384892,64.29026998831921
4791347,1433013,333.27260311308817
4791348,1560555,142.0334223824128
4791349,1429661,496.1366966633509
4791350,1993508,274.73984589308986
4791351,1252058,648.7711803330192
4791352,1936147,636.5965473837496
4791353,1715641,446.93761058330017
4791354,119066,736.0541709919959
4791355,1702552,90.78398557670431
4791356,1416820,33.29498156535848
4791357,1935156,502.40024539827147
4791358,1935028,788.4261091843023
4791359,1033225,243.51414143339946
4791360,1001756,969.2610294190545
4791361,679148,557.1079378498231
4791362,1025469,726.0694886574579
4791363,441421,27.11886661996321
4791364,665495,44.40439386239281
4791365,248424,93.03634387756266
4791366,1974911,220.94953439006693
4791367,334148,84.14286559860606
4791368,1039550,397.99760439764884
4791369,1530512,529.2672020257165
4791370,535786,342.71178371418046
4791371,1399415,157.70008801280767
4791372,1344843,893.2104692154426
4791373,1825908,843.108479788602
4791374,148773,624.707989798073
4791375,1511789,853.992518098311
4791376,156789,118.82501859010996
4791377,1151175,505.7284948374612
4791378,1552676,983.7470703772259
4791379,572310,20.806217911825797
4791380,425808,736.4872953550329
4791381,1378706,862.7760977725196
4791382,422051,473.6253210873561
4791383,1179785,288.31232770965875
4791384,430960,325.17539003637927
4791385,1942313,282.034553414651
4791386,1387383,649.768218669519
4791387,1742849,947.7234787917358
4791388,1870457,514.527580184349
4791389,1507309,721.4078322415508
4791390,1044488,793.7992969317864
4791391,1894905,664.7932890481273
4791392,451570,664.904789815099
4791393,1032144,982.1997190468676
4791394,301048,559.0789914983319
4791395,1544051,903.8844734746286
4791396,136063,983.0172251030913
4791397,759837,15.724244895410688
4791398,528951,162.63848942290704
4791399,1791471,988.6576472885916
4791400,1365513,766.7476069148504
4791401,1873309,409.7123170135084
4791402,386153,368.1429945331665
4791403,644653,613.6002374239964
4791404,365366,688.2157813689844
4791405,1994740,881.6740263532794
4791406,370326,582.2561046135803
4791407,1790877,248.87549655346763
4791408,101479,910.7485256793024
4791409,445196,684.4934905064447
4791410,1634280,551.6821728235356
4791411,345529,940.4845160335257
4791412,1054837,55.571049651667145
4791413,353348,10.967958064150185
4791414,645708,886.0461508689116
4791415,825471,465.4259461039513
4791416,806638,7.069145492943241
4791417,1756879,40.36633490592389
4791418,1364119,268.12172529934975
4791419,843483,251.22987075138158
4791420,1498013,970.0594447113092
4791421,195513,757.1113518520922
4791422,1369562,93.69054265409216
4791423,468705,974.3951139897882
4791424,44274,990.3709105446713
4791425,445638,492.62673095868456
4791426,1388859,654.2428958337473
4791427,189192,350.3043010665523
4791428,463934,267.54697515250757
4791429,115020,664.083316523088
4791430,1148249,976.3518445202333
4791431,1347187,588.2580418605957
4791432,817375,739.0218867896282
4791433,422505,971.0814315438087
4791434,1760543,8.285016947206625
4791435,1490419,778.8957321946115
4791436,1881648,810.129205371213
4791437,1338870,102.80902576255313
4791438,487356,94.02012884922716
4791439,778970,578.6166285004141
4791440,1423729,420.5415034455866
4791441,1486162,84.39276051081224
4791442,3297,581.3823637462694
4791443,267913,873.7792072538874
4791444,336992,465.7741934347467
4791445,312160,623.4431633165215
4791446,87900,319.746829925456
4791447,1939798,344.28573598067425
4791448,1132969,184.82776807181168
4791449,726962,836.4202714008746
4791450,771315,423.76480861522117
4791451,1288160,621.4359652555944
4791452,1407756,841.0983440685948
4791453,156328,588.3860528494516
4791454,1759671,262.474267530156
4791455,755847,698.7768327817985
4791456,1156638,914.4147221284728
4791457,1372500,1.8243461641476166
4791458,361157,938.8993613347961
4791459,328670,459.70579764166473
4791460,1817149,579.5127181651906
4791461,1147104,445.4089819029622
4791462,1006232,388.54454565928086
4791463,389521,450.88771394064577
4791464,1282566,632.3111545637164
4791465,1310544,99.663334393987
4791466,390162,546.9528471896824
4791467,748535,897.4092814640245
4791468,67461,651.6456942009753
4791469,25249,50.75498755491692
4791470,58767,395.3132442744419
4791471,1751741,926.8257237337236
4791472,485247,650.0775379733446
4791473,1870768,266.51851136940275
4791474,641970,225.64524253319917
4791475,779914,48.46623365115521
4791476,369562,116.60086082839571
4791477,1189392,677.8079266831081
4791478,1888461,533.7719114048894
4791479,1935006,872.9807777667214
4791480,1770296,529.3931820461592
4791481,335277,956.7047418153377
4791482,289652,817.6123361999172
4791483,1224384,401.0938001066996
4791484,872380,523.7020701349823
4791485,1393236,950.0759560168002
4791486,362888,182.64442660175462
4791487,950508,842.9116993685758
4791488,1361083,601.0451407854166
4791489,1488244,822.0795681732226
4791490,1838080,833.3181405175947
4791491,862518,448.71526343654654
4791492,433979,750.8214781591689
4791493,623327,617.1308506664674
4791494,299427,607.5720804690521
4791495,1808355,497.02444486984723
4791496,1782518,844.1368560996547
4791497,791303,106.82437616504825
4791498,231982,80.27120631649787
4791499,1469550,317.37133959578614
4791500,1998229,183.60144623591202
4791501,1245892,173.8541280575414
4791502,1315012,287.7495896434219
4791503,1756258,731.1805052592114
4791504,348514,367.6485406284843
4791505,1153390,272.9991300273831
4791506,1680325,797.842686244743
4791507,879590,582.9237511977784
4791508,1091118,73.11250995796348
4791509,830077,889.4560174736098
4791510,1045812,402.64541450741774
4791511,1635009,755.3447557941461
4791512,51279,277.0959917374858
4791513,964480,754.3251619594296
4791514,1520487,766.2002633318764
4791515,1861061,607.2511677546446
4791516,461492,295.44015208579253
4791517,1177291,58.91950179579186
4791518,735002,100.37017315578278
4791519,1099149,733.8980566867551
4791520,546251,939.7438926111105
4791521,987348,687.1209079045951
4791522,694676,499.4349472420141
4791523,490711,533.004160902856
4791524,1829785,565.2535686323054
4791525,282993,533.418988131434
4791526,753462,745.5631464133987
4791527,1685251,709.3960775042335
4791528,434693,300.14194124719506
4791529,404490,852.8306924707742
4791530,826667,500.1107214910729
4791531,1467821,647.9079211468662
4791532,268793,914.4729419050141
4791533,528321,299.3761991275913
4791534,1567882,629.8181328889196
4791535,26736,2.60308805586551
4791536,735790,679.816044609431
4791537,494204,975.0262597896301
4791538,897151,131.49298340104997
4791539,1796522,140.7834010341116
4791540,1602579,237.71352493722054
4791541,567572,370.2424982606862
4791542,1862587,300.83106460223365
4791543,1992449,246.49642690559648
4791544,1226609,915.8781221870172
4791545,1453590,443.42071608536406
4791546,758005,952.9777205600898
4791547,398691,528.6360920956811
4791548,1098240,501.57906934250775
4791549,1263366,148.6407142565641
4791550,196852,611.0197432242584
4791551,379015,269.79319239221377
4791552,227526,955.0221663085734
4791553,1657490,628.3931923378249
4791554,886434,98.77840446955577
4791555,1606607,588.1996587626539
4791556,1768583,818.0685821397985
4791557,1723948,430.2761105946643
4791558,493886,201.1851551014936
4791559,774355,521.1170767981396
4791560,989464,426.7330966953876
4791561,1690493,787.0159121897367
4791562,38640,923.7505091062388
4791563,1312172,885.2982732995566
4791564,1014559,469.8746794178518
4791565,913706,336.22673227334866
4791566,1145693,444.1133876730631
4791567,1965107,582.9189711501677
4791568,1652005,479.8991748972651
4791569,1644985,637.5438399477383
4791570,1974148,818.2257342004773
4791571,121554,30.75586508481898
4791572,1324171,671.6587773691613
4791573,1571631,392.72392547122257
4791574,953103,596.712630166265
4791575,388511,370.5683797456555
4791576,1667594,656.8773683796373
4791577,1894448,456.75764734437155
4791578,1136306,975.9936256957812
4791579,1446575,353.0971505714418
4791580,27207,322.63289267739225
4791581,171760,333.1251374840367
4791582,772165,505.3459165562225
4791583,1687557,117.4555832356462
4791584,1002474,942.5102418571375
4791585,1062137,972.6547257103686
4791586,1017740,620.9783326301804
4791587,1557487,330.1587837188474
4791588,1223715,926.504718998187
4791589,237531,954.7647426973687
4791590,1314134,330.0452744569874
4791591,239940,82.99150045530712
4791592,1667687,285.57920881827835
4791593,1914951,847.5897464266053
4791594,975091,904.4521655031522
4791595,1679489,666.1273562069985
4791596,303937,266.1512371199518
4791597,1317434,250.45070614826105
4791598,345541,264.83373775665507
4791599,1250164,410.554687973536
4791600,1013794,808.4053302499352
4791601,1057471,199.62512162512215
4791602,647812,375.55620398206315
4791603,1058533,204.17294775391315
4791604,636518,597.3200502897706
4791605,1788327,525.9098075638976
4791606,1644026,951.3603135551889
4791607,1567483,188.14878635823885
4791608,724863,945.8737886379837
4791609,702620,685.4640592867561
4791610,518100,93.02697344240485
4791611,114909,575.7912671992108
4791612,39359,999.5428627107664
4791613,452311,691.2453362742175
4791614,306862,822.4163226939614
4791615,68006,483.41608631605834
4791616,1041231,144.769486615829
4791617,1251485,58.071824709842176
4791618,782979,114.75540348567415
4791619,540591,465.18620860857885
4791620,1498362,39.906996433909605
4791621,1243954,566.616761085465
4791622,1121688,675.25347242744
4791623,1805611,629.6175706051757
4791624,1737780,526.1510445335958
4791625,785700,36.58969427684988
4791626,945483,215.10832240082567
4791627,181251,54.625237080490166
4791628,1276758,276.94206019784883
4791629,543343,658.7102107411152
4791630,941496,146.5802720868472
4791631,1516738,53.95560807673883
4791632,1666600,910.9347653157325
4791633,1505082,421.1935685447974
4791634,1067270,898.2831190007182
4791635,466041,352.098252230742
4791636,1746054,61.49086467987019
4791637,796864,622.8094771016752
4791638,1931193,473.5194396594663
4791639,857678,432.06796274734995
4791640,1418611,580.2802684375347
4791641,637167,128.69636844003918
4791642,1584329,236.22884261456755
4791643,1076171,326.40290429001794
4791644,423024,369.6467187911868
4791645,1570933,111.60305006241455
4791646,389788,300.2756706900396
4791647,1805991,710.9427860958621
4791648,1889774,958.1651426267968
4791649,1955028,52.52039095771044
4791650,1962630,414.6589638008654
4791651,1641519,837.8565016826224
4791652,1983286,758.7132049245537
4791653,1547993,58.82221532540222
4791654,691818,798.4237815389469
4791655,1580215,370.9969244672414
4791656,1525744,90.6506779400118
4791657,1123055,242.38875202663002
4791658,759843,947.0064872477852
4791659,1592352,967.258576740187
4791660,420256,998.2815230755582
4791661,848818,681.0263683165952
4791662,1811751,333.914396869043
4791663,284667,883.6594514060399
4791664,1640456,982.8802627007533
4791665,268962,764.6096398992732
4791666,778383,190.44355613674546
4791667,1701832,397.2186930189273
4791668,124808,41.0784770730539
4791669,117465,14.15537458909566
4791670,198765,725.5010339072956
4791671,179879,255.465703453693
4791672,1135216,141.01000397969023
4791673,685228,416.2437341983962
4791674,1653996,766.5987813124343
4791675,1054221,249.60129398243757
4791676,34935,420.21205786901294
4791677,1155997,643.6817897681145
4791678,1067678,823.4266384440555
4791679,624396,440.9011421857528
4791680,1388057,444.7176932391213
4791681,119415,14.564577192126338
4791682,327321,569.3981085325746
4791683,590594,81.4919390498139
4791684,974348,3.299601200968616
4791685,1205265,578.1390917352738
4791686,1119656,98.1457776295982
4791687,1509277,652.761699869015
4791688,202640,676.5751559980919
4791689,1185194,688.9172765620136
4791690,43714,284.7882863662342
4791691,595421,33.06733111842686
4791692,1376806,925.1792828678458
4791693,626483,730.4691591800323
4791694,315724,724.4717989622858
4791695,1310164,779.131839898258
4791696,621268,568.4100770387939
4791697,780557,500.9253986344446
4791698,1357592,123.77802214684375
4791699,1438180,770.9179670024231
4791700,1290079,439.24059389834514
4791701,1095246,318.9969515234814
4791702,163177,228.79222299345525
4791703,1527684,759.4992785796198
4791704,483472,126.55430318975513
4791705,782972,662.00492809155
4791706,260444,769.937275795795
4791707,190076,956.0808763133643
4791708,506736,525.0333200726495
4791709,1940817,480.4210870096279
4791710,1499539,491.07767391847244
4791711,1548303,232.2967845374142
4791712,1894945,75.56573777583331
4791713,1538934,885.1779100658104
4791714,1932690,925.7066903422192
4791715,1217450,621.3199407009101
4791716,1287859,253.1651983940789
4791717,1852872,674.5141385526291
4791718,1140152,798.2580236481788
4791719,341036,695.3624344619549
4791720,205157,527.7484625670335
4791721,460042,491.83853019543477
4791722,1949052,220.7765344253818
4791723,1431011,832.054941334168
4791724,1205525,70.68393555701446
4791725,1909057,760.3353102570268
4791726,274585,957.1283448204782
4791727,1696853,144.7293629099071
4791728,1842789,615.9098701174348
4791729,228492,720.4310486124423
4791730,844050,406.44208827112425
4791731,45300,106.62207691358705
4791732,38033,966.8466227891375
4791733,1764987,719.3890349026304
4791734,898588,784.1597581613165
4791735,816245,112.58374618809563
4791736,1642138,482.6178624620389
4791737,594900,37.207939171221895
4791738,698068,166.44948616532506
4791739,1464451,628.6897877829216
4791740,1509984,838.3033950346056
4791741,1899183,239.13433490130308
4791742,469285,632.6123032173048
4791743,1295165,235.2364173490744
4791744,1469332,857.1603130693516
4791745,32779,257.55033282546344
4791746,325703,593.0686126403682
4791747,169766,665.8918694405237
4791748,160020,81.73658467766975
4791749,1748534,905.9074364250332
4791750,128425,549.0721472539759
4791751,946916,384.19104527603986
4791752,1206291,854.6048484183556
4791753,1648029,769.464740925396
4791754,1966365,232.5738490392415
4791755,1592666,389.3643246579767
4791756,1067661,472.0164950439989
4791757,647396,375.6681668419298
4791758,1068311,956.0666088088793
4791759,578433,137.61866821930312
4791760,814678,770.5564225233459
4791761,988513,754.8344446504783
4791762,1812623,784.7906966749714
4791763,732016,863.6468361327596
4791764,1055644,374.8978354539527
4791765,939971,295.87935803943253
4791766,472775,377.15035131802546
4791767,935221,965.4190710310837
4791768,873282,65.36705034609258
4791769,152974,219.17014384033286
4791770,803467,17.602593130910947
4791771,926223,310.0124855813039
4791772,1308690,181.35305764106434
4791773,1118146,473.02580888001336
4791774,1199093,530.6650633410377
4791775,1170768,225.40418044181786
4791776,112931,734.6828193422821
4791777,685223,487.87735839830384
4791778,1357352,428.2948908833345
4791779,347043,673.4041763179495
4791780,103625,742.9898369401657
4791781,1870776,469.8373100216857
4791782,1936077,815.7701673923901
4791783,850483,649.2630590572606
4791784,720071,590.2563437506789
4791785,1352795,396.38837708199105
4791786,1632231,221.93451762178861
4791787,1703523,604.846303921847
4791788,189607,388.2792063208119
4791789,480492,928.3284651404363
4791790,1374950,496.81383544660986
4791791,67571,30.95254670697589
4791792,1900614,825.0551901013595
4791793,75098,526.8888793229831
4791794,501342,890.0085725131339
4791795,1922057,23.485466683582313
4791796,1093882,759.1263653438323
4791797,1228910,996.4027614423467
4791798,984515,535.3588160856502
4791799,312082,783.0208983644546
4791800,1417552,453.35569816618147
4791801,1721612,598.004906254729
4791802,1841191,518.557458758808
4791803,71009,755.2157845651276
4791804,991197,428.7721585475468
4791805,813870,565.7911217491237
4791806,1862867,636.7461634992685
4791807,139896,905.4277944687437
4791808,31894,197.70921603791157
4791809,83032,358.3658073314737
4791810,1599557,480.8355809723166
4791811,1863045,51.350831227708895
4791812,173725,985.1466923880245
4791813,957809,520.9965477936106
4791814,314843,313.0268550971489
4791815,261913,694.833017365145
4791816,968696,552.718821496225
4791817,1687360,816.7981217940985
4791818,1804603,684.3159202398125
4791819,1046049,812.3537209316563
4791820,1934690,773.5615896162797
4791821,77731,616.6817087177785
4791822,204524,464.396397441609
4791823,153262,530.1044501941782
4791824,541170,716.2763106970958
4791825,297921,664.3425299208145
4791826,994501,186.8493636953572
4791827,628256,622.3000357894142
4791828,1179002,33.689156251349715
4791829,639605,215.93458550709278
4791830,1525179,816.1690088262723
4791831,511628,861.5141120976577
4791832,87014,711.9273648044767
4791833,1085651,850.9930381309966
4791834,1106206,42.07464548883666
4791835,903811,337.0132121819487
4791836,1171128,233.4571707378045
4791837,1730210,293.5875631658398
4791838,306048,490.23177743275346
4791839,1271818,35.33055155933784
4791840,1249310,896.7352894682447
4791841,1639545,766.2131646266902
4791842,1205804,3.366883232597928
4791843,1182379,608.0159376870837
4791844,1113516,865.6236540765777
4791845,1488922,423.1228313669585
4791846,1412130,565.4119048728663
4791847,1809514,851.3895731927709
4791848,124963,981.0134270483765
4791849,1512699,872.9878780753758
4791850,1587462,165.84641656095988
4791851,125276,623.9898502425291
4791852,516297,54.79160493280588
4791853,572421,240.60381431417775
4791854,225947,31.004111127938216
4791855,1065259,583.6054908444336
4791856,830715,818.6913947137027
4791857,281429,457.4386312474954
4791858,1596317,221.11928869388043
4791859,1872157,839.4416312017438
4791860,264344,77.46364360786129
4791861,216616,349.7785610399049
4791862,184720,685.968511428649
4791863,1159692,928.927769036759
4791864,1733908,54.30102247261159
4791865,102036,908.1274619572899
4791866,643025,484.05758771558584
4791867,812218,850.7605712869752
4791868,1286942,663.5806384046346
4791869,1707847,755.5255419350381
4791870,950445,162.26538770130705
4791871,735247,973.7438504918832
4791872,626237,92.94960469128854
4791873,1920941,675.0101017598727
4791874,1316871,653.5123003102469
4791875,81630,926.1567386828319
4791876,1637058,712.0351725144401
4791877,118655,386.26310715715215
4791878,1258025,758.2271652810641
4791879,1754503,580.6907688877128
4791880,1399065,183.48861786407144
4791881,1297595,158.1568304735337
4791882,1841978,12.903369347124327
4791883,184314,205.30779811909926
4791884,926055,973.3909587485628
4791885,429434,384.51226198679456
4791886,672570,206.35810784852458
4791887,631162,926.8767108158374
4791888,658152,278.5701763251636
4791889,465049,680.8889453042163
4791890,1210477,298.9176557285245
4791891,1842492,902.9039867799131
4791892,159004,272.3914072419218
4791893,880449,895.5327468958064
4791894,1955751,572.2051623696346
4791895,1814432,780.6469442132764
4791896,119672,31.610648224150495
4791897,1357692,9.057056218732317
4791898,276904,357.10901936384334
4791899,1353793,460.99600077872293
4791900,990048,218.5799318614349
4791901,520234,170.73055549165895
4791902,215977,96.0082483292618
4791903,1814503,256.5382768744929
4791904,1909852,596.995035574163
4791905,1896722,416.7641214576363
4791906,1889693,479.20021691250867
4791907,961060,721.7667198857148
4791908,211886,498.2365186897916
4791909,1193816,106.95504127268474
4791910,1882367,933.2625039486676
4791911,714818,280.871566325503
4791912,1422312,906.8712227283396
4791913,1802407,850.6773867265985
4791914,1412284,906.9451879837524
4791915,83350,47.48012888091224
4791916,364741,237.1313026927686
4791917,458715,916.9763015244704
4791918,963839,40.78431017349471
4791919,1268765,238.9296407428474
4791920,1719512,102.74631947169944
4791921,1541522,350.22291194792
4791922,34174,275.88773175258507
4791923,1717801,982.6119835036759
4791924,245667,197.3103386928591
4791925,675909,50.212492279023024
4791926,1256108,286.17241416474894
4791927,636076,405.6674624437366
4791928,185065,953.9870912779268
4791929,1090172,600.4277746435345
4791930,75921,600.3898963492747
4791931,418953,404.30877267079967
4791932,1862712,518.0688730952825
4791933,1190083,871.6706580463683
4791934,1695587,481.2133163893294
4791935,686436,768.6108643490218
4791936,1725630,844.3010205995329
4791937,187383,37.21899701592013
4791938,1646773,476.2261354270516
4791939,331571,637.6093681719904
4791940,1896274,821.9334650672461
4791941,913160,582.0201759016954
4791942,839156,97.56756900908259
4791943,1913061,661.3164595455224
4791944,1084485,426.2443591637174
4791945,603546,328.0635640142555
4791946,1563976,703.2006724276575
4791947,1914020,889.9853368494053
4791948,1102746,266.42908954110646
4791949,978191,541.9329499029648
4791950,1433833,276.59107654733685
4791951,631836,529.7064101225093
4791952,1421862,671.5173159441277
4791953,776857,849.8580426641405
4791954,1579664,517.1581587160551
4791955,167046,708.9546667821464
4791956,1954226,852.2207893536579
4791957,575361,853.2329603844402
4791958,569797,989.3194278595375
4791959,1642759,221.91802787327396
4791960,170379,579.9818975363285
4791961,86132,991.2833488151708
4791962,143836,19.856357257940438
4791963,1071775,289.7984587822872
4791964,539718,838.9075933719199
4791965,1034780,364.89842747324207
4791966,900788,394.6469625474019
4791967,1623385,591.5926760491897
4791968,975045,719.5367230423651
4791969,495326,230.89681271852868
4791970,675077,733.3729592881559
4791971,1628567,785.3393220714297
4791972,584765,841.0106347153668
4791973,233567,715.4172414528521
4791974,886954,902.6806911725184
4791975,1541815,155.2595049664789
4791976,380498,325.03955122132976
4791977,293283,870.8267012858798
4791978,1363027,45.67165277261276
4791979,1649181,341.19807020117645
4791980,646579,998.9603235911126
4791981,942338,481.4996115473951
4791982,462057,26.341721287691968
4791983,907974,218.47957839454935
4791984,526167,463.96420032128185
4791985,1416622,73.20345791480587
4791986,356342,444.9540029950083
4791987,1988887,710.6045540379495
4791988,842124,853.6854116313885
4791989,1370321,412.2795662059435
4791990,1779793,154.89481499580583
4791991,1859992,733.8317135432741
4791992,14881,998.2032286239655
4791993,1198871,201.27466471123867
4791994,915621,293.57216356196113
4791995,161887,230.82540862023538
4791996,1249448,576.6453845947849
4791997,1318461,529.1253045455655
4791998,1193667,712.3259065189505
4791999,294803,619.7081448925443
4792000,1800628,289.2625142954008
4792001,370970,717.7514511986298
4792002,1412256,221.80681550282543
4792003,1845254,562.8414010496821
4792004,1445156,839.3111054986734
4792005,1428748,311.54919476230634
4792006,1509517,414.71017569028214
4792007,714314,508.85601897047684
4792008,1214060,489.00211957306595
4792009,1018160,817.7156621369945
4792010,1951182,468.17065067212746
4792011,1037898,684.0264725284975
4792012,988289,343.17088034888144
4792013,469982,243.0105105015865
4792014,691808,13.517491815104421
4792015,30633,658.8405600203507
4792016,165754,277.55224447491236
4792017,1276882,774.7641850956225
4792018,1716333,140.95609835976896
4792019,841948,17.077048399597228
4792020,966861,351.1800101093565
4792021,948347,229.29861638264515
4792022,1509481,479.8673313999634
4792023,256114,208.28894775617135
4792024,578432,993.9309312169615
4792025,1432015,71.95010631893672
4792026,481062,273.72409321576583
4792027,634732,220.3222461379839
4792028,320855,400.327751301535
4792029,797398,277.3726572603523
4792030,703215,379.5638491726785
4792031,993480,39.933613071670095
4792032,1099852,266.0379592508673
4792033,959805,281.1500257028524
4792034,96183,827.6080041990135
4792035,291927,139.5861470978176
4792036,1302579,265.72759464602956
4792037,824941,909.5858564029069
4792038,1404499,309.12572336074516
4792039,820601,577.0666585508858
4792040,1537697,245.84089759417495
4792041,1802591,548.149593041122
4792042,1714191,428.6809419557546
4792043,1361462,885.6174424530401
4792044,116403,595.6899388233459
4792045,1380115,317.1396906879882
4792046,1889703,157.5878627882843
4792047,1166330,69.81179071623988
4792048,1997826,597.6476181976653
4792049,606312,203.67387469859665
4792050,222205,438.9261156146984
4792051,1353400,787.8042276167396
4792052,1707494,373.3061846597412
4792053,574199,853.4620189429876
4792054,698005,790.1903994586658
4792055,1476577,861.3314607052746
4792056,1290982,109.89981018516615
4792057,1621181,513.2289982875599
4792058,1330115,600.7510824030942
4792059,972576,497.62690844568147
4792060,674543,481.9767272060304
4792061,1167827,393.4900100185537
4792062,486537,292.0601426817768
4792063,600778,473.38967389078766
4792064,1569404,834.1500946621825
4792065,582356,927.489906050351
4792066,611700,290.64764611356685
4792067,1803216,933.6324529161166
4792068,1974686,252.05189165927
4792069,103499,541.524097639423
4792070,1055999,739.7431334508262
4792071,1246617,725.0532149868621
4792072,519666,933.9021653648254
4792073,1561759,18.901742097216623
4792074,263253,393.97751465604523
4792075,1128188,932.9630679994743
4792076,1489204,360.12690574002437
4792077,578084,472.98610895371564
4792078,748347,87.93264314097871
4792079,1834716,679.7266299740511
4792080,1370489,637.2351639181761
4792081,1874505,376.76210263959274
4792082,1772561,459.02676359441074
4792083,390380,380.2057053172765
4792084,62979,54.78341789277141
4792085,1202530,987.0392988959994
4792086,1431295,37.219805945459704
4792087,1233799,141.6440358627866
4792088,690229,378.0991195173605
4792089,357658,971.8319580942424
4792090,1532597,872.4210712653837
4792091,1036979,303.9672962206924
4792092,255917,873.454464839591
4792093,995071,678.7633506472296
4792094,1828563,372.66859246285543
4792095,1082684,187.88763966794664
4792096,1138681,804.8921214580051
4792097,1914162,646.5006626850256
4792098,1067760,23.878636510434205
4792099,1252720,320.6597338478988
4792100,1075434,790.6064664634214
4792101,1297841,83.08633684201806
4792102,1495870,691.3723997595489
4792103,1801346,782.8732829097773
4792104,983436,208.74268517593754
4792105,1528650,834.3218131786847
4792106,45907,534.9784991084689
4792107,451079,826.2031285783713
4792108,1264063,904.1418324052136
4792109,1613991,108.6803943623883
4792110,349451,458.1711001922365
4792111,329232,685.3555880988267
4792112,1230824,984.748447256491
4792113,808953,976.052788612368
4792114,1526034,946.6891300749211
4792115,1292267,103.2190589441857
4792116,1278024,84.30777400813882
4792117,70347,526.3169302254158
4792118,358278,107.02697863898358
4792119,1114358,291.17934227167666
4792120,1438273,398.09746417325607
4792121,1572976,45.53006210136512
4792122,264381,652.6289400040237
4792123,1184032,817.1497100178244
4792124,615636,842.161949291524
4792125,463147,436.3424786102922
4792126,840985,435.2238237599584
4792127,1020557,77.24358875306103
4792128,774627,312.71677507312864
4792129,1519005,396.4022805796521
4792130,1669465,700.9229796779773
4792131,1688736,573.0374530335503
4792132,888677,977.2627878078969
4792133,1258964,359.81698409851293
4792134,1759595,610.2457151497839
4792135,1411015,505.4623811364247
4792136,325220,505.1821018892467
4792137,1879671,281.6778687901117
4792138,948375,208.06412443123324
4792139,999925,323.8037820787567
4792140,677476,421.3017904079492
4792141,1574548,670.6006758216299
4792142,1582457,352.600639420221
4792143,1356540,679.5804960507297
4792144,685099,260.36625774246045
4792145,1286098,970.7023762455696
4792146,354281,606.9944874223387
4792147,1211261,410.30690383267046
4792148,1786834,174.90798762297766
4792149,1735564,457.42069261170235
4792150,290669,247.34922526710523
4792151,896315,659.8227559966545
4792152,346497,831.936220420216
4792153,1656476,25.606999317757783
4792154,32899,844.3983502074134
4792155,1404251,865.4099391957611
4792156,229356,232.233957467327
4792157,235954,938.7636608834171
4792158,1323616,15.085050364376794
4792159,564517,68.11046762051254
4792160,1880697,722.7596842118878
4792161,386864,131.75395238828912
4792162,1489491,579.0020809054429
4792163,58460,351.18662865964023
4792164,1908603,591.2281800987533
4792165,1105611,27.591231139800996
4792166,519235,332.2665376926671
4792167,594597,533.503796456967
4792168,471936,669.4415510124244
4792169,75153,670.5650833851105
4792170,302546,265.5250516684727
4792171,1412661,799.9018285644174
4792172,217938,995.5350961494682
4792173,812012,641.1537550456649
4792174,1238303,425.69791601566186
4792175,422819,897.4327278461311
4792176,1248267,122.13171379470744
4792177,932408,215.30673436341695
4792178,424304,355.200742845728
4792179,560666,540.7686303538908
4792180,1112288,670.8226303675871
4792181,1775224,579.8444987024463
4792182,1207624,31.218342135876263
4792183,768681,807.8217928086941
4792184,1678905,172.835156428505
4792185,535332,282.072043595658
4792186,428334,794.6324826282017
4792187,1458592,234.41775949785804
4792188,1559493,844.287689471719
4792189,1267181,322.0500323832849
4792190,1279965,635.0176773046338
4792191,1591047,901.308093300178
4792192,1668538,870.5804169313163
4792193,23062,431.3799440224848
4792194,569357,926.7430173940875
4792195,889304,947.7366287601137
4792196,699357,964.0394394950555
4792197,656122,644.6017402478622
4792198,1293153,887.8217386609496
4792199,1875936,455.05223084811917
4792200,830599,775.6765364616696
4792201,1816142,56.1522889659557
4792202,681790,680.4377641348038
4792203,21875,919.4812538184347
4792204,1360871,879.6547340675055
4792205,697493,25.207548566462677
4792206,1309427,410.2201495350516
4792207,748770,783.3290363608477
4792208,1739654,29.538047560956016
4792209,1444934,731.9184128967449
4792210,1668263,57.07357935579349
4792211,1125605,837.7865137800736
4792212,1032203,291.9351036427038
4792213,23589,787.3174509962778
4792214,196374,196.62455958142044
4792215,1672013,536.8836440567724
4792216,753721,468.91538510913597
4792217,1046174,501.11348775012755
4792218,639122,488.72992461570874
4792219,1167485,137.94225939928862
4792220,857147,296.6114731182805
4792221,928436,883.0295755951952
4792222,578234,992.0651705099835
4792223,1663351,2.3010840051380654
4792224,1044764,285.2999997768543
4792225,329800,324.98949955311497
4792226,1435496,525.3034112439492
4792227,281372,609.8633170085212
4792228,180033,318.06382751770246
4792229,1009177,691.7812140008915
4792230,1049,616.4537970181783
4792231,1023534,902.550346898381
4792232,1883939,82.18181911987944
4792233,1093131,162.40830560277965
4792234,44447,729.8883020992428
4792235,1507583,553.7859271122405
4792236,389188,166.31464592047018
4792237,1455203,415.1166106086582
4792238,536740,386.68033175375393
4792239,1179079,648.9309119865076
4792240,1182952,477.82283266846804
4792241,1864123,573.4269086297923
4792242,1727320,68.45388614027658
4792243,1825614,31.480211873787802
4792244,1377996,560.1640745752642
4792245,192089,930.8550544553028
4792246,1620337,549.9693405030174
4792247,1290555,221.27962202009232
4792248,200097,876.3099641018898
4792249,1569768,154.59305772387933
4792250,1232445,213.73773636721816
4792251,1764293,837.7714948357055
4792252,579597,836.0752665360983
4792253,379882,375.3631349052754
4792254,1692811,561.4461086698806
4792255,1680281,255.2980160905961
4792256,215554,752.7290785849302
4792257,74504,594.488860601641
4792258,1669320,589.0736228402592
4792259,878072,900.2460924126382
4792260,1373209,919.4826166702543
4792261,1410912,778.2174008365558
4792262,483647,635.9634482602613
4792263,610801,804.0806349862962
4792264,551754,764.3759529052924
4792265,1561043,760.3234505822942
4792266,785392,631.4176149380237
4792267,385642,591.5857577919768
4792268,1259013,863.2964678412027
4792269,75124,402.4957518986829
4792270,401416,155.6141679584836
4792271,846721,959.5680040856798
4792272,1901660,397.7374124873523
4792273,502561,775.8953565439011
4792274,1248169,274.7501588529108
4792275,1585025,912.3639750998282
4792276,1911210,232.66636341802104
4792277,1115582,865.549375721995
4792278,1751143,172.57281824607273
4792279,1798112,349.19758480295735
4792280,508962,930.7498629609804
4792281,1906128,724.994051869962
4792282,348031,37.12639012019525
4792283,684325,792.7905830741573
4792284,1321257,590.9817653694523
4792285,1215060,169.30978320595557
4792286,920160,599.4873304417631
4792287,1107131,433.03783693796214
4792288,1229757,73.3602970342544
4792289,416666,686.2836400313171
4792290,1803999,157.0469302489791
4792291,768749,373.06450576368036
4792292,1796707,97.51365894403507
4792293,791753,42.025578351310266
4792294,538188,974.8138466208459
4792295,111323,333.5014411390391
4792296,128433,652.7473558912562
4792297,766968,576.0944291235761
4792298,620837,279.2070116311217
4792299,578395,779.9548381950539
4792300,110858,781.4296414768236
4792301,1347386,13.648597298474119
4792302,246464,352.8946287369895
4792303,1311476,469.8329874821022
4792304,1487537,530.6611439458763
4792305,115774,319.31166434546486
4792306,48202,748.0700873317035
4792307,434673,604.631518543648
4792308,1859717,600.5314562713806
4792309,1038762,435.1027750959052
4792310,301378,710.4784365365097
4792311,1415250,957.1020244029467
4792312,1088902,797.1099875243907
4792313,998842,649.8706241295887
4792314,532039,674.2274105592655
4792315,944243,144.54296209090157
4792316,1096408,260.31782906924485
4792317,1844803,586.5159523790377
4792318,1295989,653.0566327997387
4792319,850581,87.61338597780322
4792320,819245,545.9817171045576
4792321,1108310,963.5375931466295
4792322,722344,361.70206403642857
4792323,272474,271.94934642201196
4792324,224685,827.8958330840204
4792325,639202,743.064212214076
4792326,256675,596.2491292591612
4792327,524834,169.44550060938934
4792328,1768626,680.7023905970442
4792329,1200572,602.6210192001192
4792330,1765385,814.831740522557
4792331,867473,589.2614875464977
4792332,356851,120.30925238493928
4792333,1002397,508.46240062285165
4792334,524340,393.1980846775328
4792335,1968493,614.7770911661386
4792336,620205,633.5312133832384
4792337,767384,272.3373925904493
4792338,300748,76.3372224883676
4792339,1108380,671.2924453634722
4792340,227354,132.04923046815765
4792341,497091,651.3532810216265
4792342,919756,858.9259667753319
4792343,1295784,363.77926516285663
4792344,913443,877.6965825448433
4792345,312444,180.43954169781873
4792346,390384,413.1297659253104
4792347,1239299,259.2022913036678
4792348,1375169,498.0787560488843
4792349,404434,148.6480052718091
4792350,665801,156.87158903344056
4792351,1584845,376.4599374256468
4792352,1645404,976.3853771087578
4792353,1858772,452.57205456182515
4792354,195685,251.39815993578952
4792355,1328481,957.7568333164133
4792356,1303545,609.4548143927591
4792357,1317318,501.24699652448066
4792358,187579,425.3801152159007
4792359,1654599,412.866982989886
4792360,1663997,198.32430894402887
4792361,1345616,473.4384505494076
4792362,141834,249.33665525257064
4792363,268597,173.6095567287379
4792364,493526,560.5657731097522
4792365,576256,763.454605812373
4792366,1345578,895.2035910065656
4792367,1436690,421.2758959288109
4792368,1876111,386.67522869377325
4792369,587241,669.5558376334894
4792370,1705349,252.7754484825947
4792371,170883,499.3097463065475
4792372,1688085,74.93309563418305
4792373,634782,513.6005724313592
4792374,1039454,720.7535816808768
4792375,613206,395.4137292344284
4792376,1186581,386.2021998361997
4792377,1902313,96.9779505514381
4792378,276609,891.5100220862455
4792379,716575,316.74833323356256
4792380,1355755,482.412078323924
4792381,352336,535.644869722616
4792382,869074,242.23818417909558
4792383,40717,685.8820779530213
4792384,1224435,938.8619971118011
4792385,767664,162.5560563986137
4792386,1650886,27.564750044734577
4792387,765074,393.16200036486794
4792388,1242088,15.470602760548346
4792389,266799,194.91650876217915
4792390,1246464,570.7239351827325
4792391,44571,997.5391737672982
4792392,1495587,321.3321281219197
4792393,192875,364.4628930556898
4792394,39151,891.036860674835
4792395,1435629,495.9714770927728
4792396,1617212,487.4014617651068
4792397,493663,804.9695127233213
4792398,1198118,836.3091170305197
4792399,1229783,166.86591588175037
4792400,1286984,878.7092491783521
4792401,563048,298.3064518392443
4792402,662253,41.090999437309314
4792403,235891,892.8012348969016
4792404,546606,262.1687771739909
4792405,96837,917.688377113834
4792406,825340,616.6236262405704
4792407,295545,406.18479976713695
4792408,776916,21.94424844074172
4792409,691315,283.24086418044317
4792410,1366380,317.07308186147577
4792411,1198743,58.482295442136014
4792412,1856026,518.6516559078406
4792413,608570,443.0384363698999
4792414,1366544,178.95815373575851
4792415,1649892,823.6789473957696
4792416,1706439,794.2884578160682
4792417,1300990,908.5819329426146
4792418,1160496,987.7906166920546
4792419,1131420,648.9254843520406
4792420,1311015,990.9508113664276
4792421,60724,151.3054670757572
4792422,960358,679.7377653148875
4792423,635108,50.10751591496776
4792424,1695125,197.1222207144916
4792425,411169,878.0243789274302
4792426,1335092,153.7939194393678
4792427,1813350,90.63449506289301
4792428,342074,850.102420641963
4792429,1062210,390.3471157766268
4792430,1678623,801.7240427224813
4792431,426894,450.5401342294877
4792432,1169231,769.3286245556113
4792433,1837538,447.9328651548533
4792434,816142,237.5792039093234
4792435,711608,712.6955890093772
4792436,1079233,136.31444527661017
4792437,1512382,554.4154938146479
4792438,1651866,956.3012600788098
4792439,1694105,663.6382485562841
4792440,778031,801.1778688139236
4792441,858818,148.51551720626733
4792442,1573871,522.0138444127074
4792443,1885464,843.2210083453606
4792444,761685,469.2211093485721
4792445,116459,148.57367013696754
4792446,800809,540.1177228835853
4792447,1207003,134.10238592280598
4792448,1657405,367.8444492835078
4792449,948079,501.2226125981344
4792450,419965,38.85790756877916
4792451,377142,925.6052313307694
4792452,1371594,170.7153337840227
4792453,559729,636.0252307948642
4792454,791704,95.70915545199665
4792455,481688,228.90458703878303
4792456,1530157,724.5138812096931
4792457,362555,753.6123020769334
4792458,181700,818.7597297298189
4792459,1638461,82.93001905115483
4792460,1060147,207.8743103724908
4792461,1925849,997.247668237074
4792462,324130,706.828120147029
4792463,1018224,507.0264045323453
4792464,909403,692.6135789109112
4792465,1580612,731.0028636642603
4792466,705563,117.6921833806922
4792467,1209011,887.5662359159116
4792468,1223731,64.7535464702097
4792469,1994761,599.1594071664587
4792470,1522098,73.08820368250768
4792471,213338,872.4609941106219
4792472,33189,639.6322203399171
4792473,940566,185.98012795609387
4792474,1921390,813.0591153786837
4792475,10636,33.155340474018914
4792476,1186086,39.62879077361436
4792477,675845,745.3655884123812
4792478,217998,933.674832845621
4792479,64128,666.3709296282644
4792480,1482869,835.9656084606091
4792481,1042882,613.5426835300883
4792482,740457,163.12370563457745
4792483,1580988,596.9898975101016
4792484,361851,907.8741400004674
4792485,164562,960.8021237976394
4792486,1380115,772.401432050494
4792487,1637660,928.8980389426388
4792488,569116,105.19292859309016
4792489,1075263,365.99804035739857
4792490,1247211,263.6329940618626
4792491,114474,642.496952397245
4792492,1338105,744.007164936274
4792493,537523,414.80475882491476
4792494,12781,225.60680301138314
4792495,1284709,837.2295843229795
4792496,1535231,943.7802865560328
4792497,1537767,512.8150558146981
4792498,1695512,746.7607549720352
4792499,617277,581.2215679303245
4792500,427398,267.35155983576163
4792501,438589,873.2732088725428
4792502,31194,176.04721311949356
4792503,1975745,223.56667518392658
4792504,1183763,29.363020731660082
4792505,514833,925.3724351172791
4792506,1131085,215.51822748918647
4792507,925996,337.23621089330567
4792508,1838028,911.5677882971287
4792509,1938702,881.3511048837319
4792510,1906993,611.8018008387169
4792511,98252,190.08181480048458
4792512,395605,107.93965522454296
4792513,1787505,140.4923945146993
4792514,424156,541.5407882534463
4792515,1240944,254.37740788750096
4792516,872120,488.65639810805675
4792517,1277721,115.70656684412262
4792518,1916324,737.1750055169915
4792519,1728939,621.372690635189
4792520,1497039,443.1092100418109
4792521,694460,730.3151140856386
4792522,1192249,606.4022148206406
4792523,1620866,820.7620531931835
4792524,633712,629.1169454539845
4792525,983880,12.29115973839634
4792526,767444,673.4199093250209
4792527,1481555,512.2502453916071
4792528,1940570,537.950408444338
4792529,1740663,492.3748589371981
4792530,885697,367.9546926467916
4792531,1590665,833.676921360358
4792532,201896,71.57122321460052
4792533,280023,494.5391873055309
4792534,1439659,347.449223323252
4792535,749649,398.3238811388621
4792536,1998430,597.00778263811
4792537,492190,213.05376259427666
4792538,1772139,788.6726595944282
4792539,1399235,684.4433447838813
4792540,1961810,990.8061603829823
4792541,1046404,897.3544695312461
4792542,1314494,679.4727607550831
4792543,1897134,136.4557303325913
4792544,181781,296.77152196425317
4792545,229957,412.0989988204864
4792546,186499,16.958535675960285
4792547,434605,380.23156944894856
4792548,845382,607.3959521744188
4792549,53283,50.95646256370134
4792550,1158943,541.5795370852798
4792551,1058502,884.2543432342491
4792552,178331,434.45494952497353
4792553,935345,533.8207661708755
4792554,1295735,231.7872447901851
4792555,935597,212.70997484275955
4792556,845733,558.146568389549
4792557,1675020,719.3380145792073
4792558,1192052,378.1851985341932
4792559,1721480,623.4148692466139
4792560,1454036,771.9251363072314
4792561,770812,238.8266557880464
4792562,1296029,312.1182205115953
4792563,981894,742.786177263609
4792564,983863,655.7686812948259
4792565,1200133,458.63525748835855
4792566,430234,614.0231206132293
4792567,1417292,496.4349056597379
4792568,788256,460.8044638799508
4792569,1050308,385.0526529237497
4792570,837035,123.41746516300233
4792571,1724463,979.1854537993679
4792572,504048,49.959542909757126
4792573,936003,378.2630129371999
4792574,558522,549.4303550426221
4792575,1605065,323.18263087703036
4792576,1842205,132.9697770709528
4792577,1517680,331.44995583688376
4792578,1700516,538.9189872208722
4792579,1166899,26.150880399510413
4792580,1523453,657.2667210445192
4792581,1103167,156.08648063939447
4792582,1222942,23.37859726509017
4792583,1741627,130.70140469768842
4792584,1768068,858.3363170706184
4792585,1983269,787.1001616329835
4792586,1513556,550.7544638163606
4792587,233396,606.2739189450928
4792588,1233355,956.6255585816664
4792589,1887821,590.4796271751452
4792590,1364798,897.5942718906734
4792591,1391945,500.08764900302236
4792592,90710,308.1454638251745
4792593,1258235,279.72116831030826
4792594,1765333,731.1086416911699
4792595,70497,405.5368834776368
4792596,385090,538.6788032225041
4792597,1284244,865.0094527454032
4792598,58341,554.6255909277322
4792599,1608457,846.8420225202104
4792600,1497701,428.55179964589297
4792601,443975,759.1274010189057
4792602,1580899,286.7207336944947
4792603,1134595,131.19809259527636
4792604,624008,522.3002824367292
4792605,659008,129.85995763984104
4792606,1917622,347.5313410608776
4792607,1131370,264.04414334128137
4792608,1835519,100.76077646632098
4792609,715436,851.3676207828772
4792610,1941254,220.23313533970156
4792611,1094997,449.1604638434503
4792612,58558,615.4501855222413
4792613,315866,513.0599353738422
4792614,234272,825.7144422735837
4792615,1103620,420.4418516646159
4792616,657785,834.5875065646131
4792617,579662,794.6421529872927
4792618,610609,316.53260668245076
4792619,1586048,241.75248406434258
4792620,914052,716.3847006919391
4792621,669845,958.7556157605211
4792622,1452179,493.58023910032244
4792623,1530160,481.0045578916576
4792624,1439924,591.5809866655903
4792625,23628,359.0769283307447
4792626,1065910,782.6755811269358
4792627,1929252,753.1965906965336
4792628,103747,60.60037975719068
4792629,1777319,888.7852886549205
4792630,1645704,768.3311511297566
4792631,947364,72.22239868386337
4792632,1552605,77.42335600394689
4792633,661149,534.1491212190402
4792634,1441076,760.8771523617021
4792635,1685522,999.0086114593396
4792636,159631,232.7156056101609
4792637,781076,314.13477070482986
4792638,1689305,528.269087586506
4792639,1086226,504.25586099370145
4792640,780802,230.67045023913013
4792641,709206,905.9610600298881
4792642,931081,971.0483750457059
4792643,1466673,822.635276617325
4792644,1479484,496.08758901011873
4792645,1806652,690.3485464555498
4792646,1486203,268.6501163738165
4792647,1869319,508.150713569525
4792648,1446192,411.7845098916923
4792649,1924760,112.59570854966594
4792650,753764,726.4631016101685
4792651,159004,787.6987120044681
4792652,1413688,629.1375207719392
4792653,1700379,570.5448407365002
4792654,1950269,889.6205066603367
4792655,851720,412.32822367939923
4792656,892857,516.1488772554418
4792657,1277050,543.4929069601882
4792658,1509173,402.0564380519492
4792659,157139,966.5246059055221
4792660,587519,667.2264963639952
4792661,140359,512.4124611110296
4792662,470212,732.4283032031252
4792663,1910074,493.7979908436972
4792664,418179,484.9036466850667
4792665,1291129,223.0337250804647
4792666,1515126,6.4304190515002135
4792667,793087,395.44506362621024
4792668,1393032,9.916956191844516
4792669,1907970,274.2741019525472
4792670,438606,997.2646531456694
4792671,673986,402.9905739192246
4792672,321637,671.5759405714826
4792673,85536,229.27169696815253
4792674,209241,507.5206248952675
4792675,1223923,797.35132033301
4792676,1458161,451.11225504335493
4792677,1315790,921.4778921578901
4792678,1910537,610.1579184785481
4792679,1951213,802.9672788263053
4792680,747997,215.09742844465384
4792681,552286,304.55616120767417
4792682,760482,87.2160504542353
4792683,250027,110.25597015001054
4792684,409078,545.5268634141335
4792685,1069586,37.449029846648884
4792686,605289,965.6046293195207
4792687,1836517,526.6618468113262
4792688,316036,837.4303784390326
4792689,1056503,157.74387679986134
4792690,634567,913.9357317952224
4792691,55403,128.42269892528645
4792692,534239,153.81941581568836
4792693,497097,999.424120535192
4792694,1410749,735.7814498604788
4792695,1787147,625.280564760142
4792696,1546918,407.43381199109507
4792697,1598903,70.75969845773523
4792698,1648748,488.379780041162
4792699,1835963,442.897629272097
4792700,34093,55.100060191887735
4792701,560092,929.4867429637873
4792702,1069883,536.9663738471448
4792703,422795,934.2726965337241
4792704,382986,705.2439120653539
4792705,1175951,659.4890776757252
4792706,1048789,315.3113756602727
4792707,858829,112.10792762920063
4792708,1902666,961.7121895352687
4792709,671466,286.5205160631822
4792710,702822,441.73109421399823
4792711,161351,563.9094217064475
4792712,214609,485.7858154323621
4792713,913297,336.1767287789613
4792714,436973,653.2985267769659
4792715,1501992,492.82269991926785
4792716,1573757,377.10732994121423
4792717,48664,295.08164738307363
4792718,1176057,48.79501826147714
4792719,1820606,521.4634724798318
4792720,1178444,116.29044596401272
4792721,1748805,414.9895800967269
4792722,134185,972.5669911589623
4792723,1111105,621.7681832608525
4792724,1638516,926.1300468358795
4792725,221366,715.3543240549006
4792726,1696430,458.548692980957
4792727,1643728,750.7089501854674
4792728,402664,849.4633238635854
4792729,1270971,801.5071832056801
4792730,236893,422.41118315196957
4792731,1296084,98.34153440587001
4792732,1053132,891.1566329483904
4792733,761596,127.27244611154798
4792734,1612328,168.90448269859615
4792735,1329549,946.5764734111245
4792736,1325346,660.9813396361983
4792737,76720,637.2184183641195
4792738,45640,242.3216969498959
4792739,1240260,62.92606003693646
4792740,358843,826.3082974701579
4792741,1688386,874.25783039581
4792742,1479501,750.148442621707
4792743,231048,871.502273647401
4792744,160742,669.2335352957866
4792745,619452,181.01660179363577
4792746,592241,182.29869720426206
4792747,610554,94.64167059595796
4792748,206122,215.1600554371391
4792749,1589589,861.8001131137896
4792750,644401,707.6044901022619
4792751,1810460,634.035247403299
4792752,438367,347.7023350777748
4792753,1973617,842.9751926130812
4792754,1155583,192.91059084401664
4792755,757150,705.1641114970445
4792756,475547,502.49441757311354
4792757,1508469,922.4638785596995
4792758,1007406,268.9088762438945
4792759,216694,495.617931079898
4792760,1886171,904.2515288359518
4792761,1847504,314.43305593005255
4792762,1194654,156.42060174170715
4792763,1333405,646.7386132623874
4792764,759072,781.9287891124084
4792765,1242194,138.7621645369116
4792766,1870290,24.316964441126743
4792767,466038,960.2882129016485
4792768,981608,227.55232795669244
4792769,797753,263.22016057504504
4792770,302221,355.23472343141304
4792771,711458,18.502872379969617
4792772,949254,969.6713738740259
4792773,884280,544.3739249689273
4792774,594368,323.29106761690497
4792775,578462,768.5721036506881
4792776,865064,321.1912294205406
4792777,1787180,467.8684975967818
4792778,1610354,866.7315303614691
4792779,704110,166.20797854292047
4792780,199643,924.4180505392876
4792781,24370,974.9244643039115
4792782,117975,576.8406869040994
4792783,1316431,697.1372481239082
4792784,1907511,765.0555355059129
4792785,1188678,180.444001377694
4792786,1022896,394.58744277745205
4792787,478842,805.6908137319652
4792788,1941792,363.49235575918027
4792789,187978,706.2057457897287
4792790,62121,376.9912240017774
4792791,582241,104.95647753982918
4792792,1957112,874.3395429682048
4792793,831730,532.6650917271912
4792794,610140,558.1204333641991
4792795,606013,96.52859483780074
4792796,1647420,899.6493167191405
4792797,1463810,62.39880495645889
4792798,1513813,463.93828948394264
4792799,813230,938.1135563838685
4792800,178906,950.0211643436157
4792801,1831873,990.5026761662883
4792802,1264692,645.5717015456355
4792803,613435,502.42016202537167
4792804,230861,270.6650365084812
4792805,588398,257.4419206408669
4792806,465129,386.1791363411107
4792807,43781,104.39131779667876
4792808,221605,221.9905812810149
4792809,95844,558.4111684770262
4792810,1514195,19.990109742824448
4792811,1180687,392.07338887851984
4792812,1860295,685.1580991024389
4792813,490859,235.86492195816834
4792814,140627,786.9800844078144
4792815,823012,791.8114714233583
4792816,376219,33.91208160783565
4792817,1604011,614.7352942387757
4792818,1675792,177.47018392298597
4792819,369469,31.90008942426481
4792820,295154,531.375632600702
4792821,244790,713.7841517743187
4792822,416114,88.25645862622677
4792823,1731226,951.2448055417451
4792824,466834,992.4697259741478
4792825,287331,28.384932873805504
4792826,1012482,518.9952061289141
4792827,880301,580.69836115915
4792828,585892,149.73686853924363
4792829,1610524,303.1218500135414
4792830,1101323,687.0419537203142
4792831,642703,373.836989466808
4792832,38509,385.1539097231566
4792833,1435110,68.68608091188366
4792834,428626,96.78649615370006
4792835,730628,293.7414845484306
4792836,672432,625.9696239280242
4792837,1228241,647.3318890607054
4792838,998811,683.472381785943
4792839,1177966,731.2161222854762
4792840,1742791,890.9781021537663
4792841,1831624,686.6789846596793
4792842,713603,646.7666117406037
4792843,1526680,274.852585877312
4792844,907052,239.7500963367487
4792845,1119731,329.33699738467845
4792846,853217,361.88554723068114
4792847,1603169,703.2941138977488
4792848,788291,145.58628087311797
4792849,107384,810.8332022726297
4792850,1450293,521.4722521253901
4792851,1471575,912.5090226805736
4792852,1256570,348.46059963757193
4792853,1299451,158.0670493978922
4792854,1317416,785.505064370161
4792855,1717334,600.8323796393706
4792856,1496090,214.6685901340546
4792857,586179,57.55065227286138
4792858,728957,378.1663560274192
4792859,460512,625.1370373881572
4792860,1671093,792.4945691663438
4792861,387899,563.6915704520728
4792862,1651152,891.6769123130573
4792863,1622286,429.56850861075566
4792864,451773,695.6926089835367
4792865,1211965,85.54288468795102
4792866,992538,856.0092701553504
4792867,231781,86.9652962054006
4792868,257510,75.32452390536926
4792869,1089537,427.4354972512997
4792870,441550,912.1354833059199
4792871,1704097,598.387608783897
4792872,1578046,664.6988343574814
4792873,1642197,822.9548007605068
4792874,1540031,288.13415970998943
4792875,992187,113.73454459995446
4792876,267618,934.6352078278618
4792877,231940,1.0842895422571441
4792878,543262,991.5402126919231
4792879,242880,122.85685672485114
4792880,979706,673.4333085119396
4792881,1759921,315.4547119695502
4792882,1903885,836.6055685547234
4792883,528657,799.5710477290435
4792884,160992,990.3647170134374
4792885,1513457,227.53998329247548
4792886,413364,738.6260826599005
4792887,885605,530.8705867754845
4792888,1337821,898.4509333889014
4792889,244835,311.98339399571717
4792890,1987725,877.3082719175625
4792891,135340,713.2382331011341
4792892,736183,30.85345393183381
4792893,610859,500.82806986151604
4792894,566195,957.4347183705894
4792895,1497331,192.226507139733
4792896,1520971,655.1394833830714
4792897,851652,109.67917608327782
4792898,1584939,390.6489956646568
4792899,1204371,914.2303334455057
4792900,1236978,22.148502802074475
4792901,179681,985.646722294318
4792902,1874278,57.175975589682125
4792903,397078,994.4711769570671
4792904,399841,942.1978633172004
4792905,1404514,868.8725470396213
4792906,1947548,524.0994843175314
4792907,705430,678.0292797216546
4792908,287294,721.2938926422817
4792909,18618,607.0090409754696
4792910,592289,426.14452622291196
4792911,477770,794.9822574350117
4792912,989438,93.53397178681489
4792913,1528373,698.9866386172121
4792914,76307,886.806188936838
4792915,1963356,303.5886844303173
4792916,334982,969.0826541253524
4792917,749079,875.1690707141114
4792918,768371,760.7655039313354
4792919,724906,31.908561447519524
4792920,1009210,188.4030594906344
4792921,1034508,269.60568509348036
4792922,1683258,477.86683365125083
4792923,1038247,837.4074888292505
4792924,159633,87.82861104870577
4792925,1681834,846.9626342741128
4792926,1090976,874.0033000427065
4792927,1572399,835.2619170755817
4792928,1212820,630.540405626176
4792929,1789783,276.29850003171043
4792930,894545,422.3436297854124
4792931,885882,14.71802210950357
4792932,429134,911.678153270438
4792933,1115727,719.1247215258944
4792934,537593,782.0635644743312
4792935,1504873,714.245697367341
4792936,1101950,835.2914409933178
4792937,1176443,818.6534208296874
4792938,322318,100.53900578429432
4792939,1643944,477.9717568116656
4792940,1773158,102.84653352583595
4792941,1488894,308.9559718714024
4792942,1475242,532.6371110592534
4792943,887627,375.44334730355246
4792944,1759171,654.042873460569
4792945,1694465,647.3848754944837
4792946,1809370,432.97646475426365
4792947,1744706,890.6948620849454
4792948,448668,407.2409069441393
4792949,1994694,308.693496366398
4792950,125656,79.9299544380192
4792951,41138,442.13590724877105
4792952,1997338,369.74120900379813
4792953,821532,617.6438038697556
4792954,1328073,213.12098240276512
4792955,128193,507.05592015173886
4792956,654413,789.6618463587424
4792957,757093,556.9489248536925
4792958,1383003,59.5381977099092
4792959,1346378,286.3466180966031
4792960,1070444,917.9843837200452
4792961,189358,653.4873869423149
4792962,1963266,481.6533013646935
4792963,325539,520.1073185879718
4792964,803363,945.747328460795
4792965,723810,224.75170517711106
4792966,91877,736.8570065211269
4792967,1003891,964.9799198936682
4792968,1530655,26.12509365696425
4792969,1314286,309.8955994951887
4792970,877153,325.62899054901317
4792971,1861710,589.1208254306778
4792972,798296,240.93312800857413
4792973,744192,663.4976274211333
4792974,1150799,349.5088694514267
4792975,1015378,390.4814098034037
4792976,1120805,268.7928081467026
4792977,1778698,222.19342201659475
4792978,1141441,922.6520668261121
4792979,1080374,992.0194684898736
4792980,1847632,381.6448682324376
4792981,891182,875.8647650169753
4792982,872642,817.749965776765
4792983,370976,261.79871541734536
4792984,1814977,361.32417670193615
4792985,763328,884.272142446877
4792986,1528499,953.3333312910323
4792987,238225,324.74409125685713
4792988,1806947,482.6672512618543
4792989,1449432,137.50677776464494
4792990,1215840,499.45683467171153
4792991,262205,760.4921354225455
4792992,1976173,892.0423985473225
4792993,1264561,787.1696740865469
4792994,1674762,37.452893672235476
4792995,1326107,292.12826411374573
4792996,1971703,52.97582745068252
4792997,461517,118.72389905907177
4792998,1792506,952.4775877697093
4792999,565958,545.4843144718824
4793000,375292,437.7148178620787
4793001,1374898,933.3493721175985
4793002,427081,632.4020572385157
4793003,1376228,147.43899942479487
4793004,1396515,63.58306610029396
4793005,1525823,623.8282994474654
4793006,1370871,584.1557235772327
4793007,536907,170.50626890143582
4793008,175672,21.025517403688852
4793009,1943460,638.7382803122404
4793010,1572582,539.4421148337995
4793011,1841948,449.6970562656861
4793012,615599,381.0334203797019
4793013,879664,72.37331245278433
4793014,761022,470.5438137478334
4793015,465742,129.77381341919582
4793016,944342,415.6482423173341
4793017,228747,311.3128695318143
4793018,162158,141.68887595502454
4793019,1359308,276.64442105537546
4793020,671859,507.1003878146605
4793021,683145,900.839139008498
4793022,1885846,777.2471976665538
4793023,636293,454.54086181772556
4793024,1623286,410.52763510507816
4793025,1507264,924.1751132302359
4793026,311046,458.9463087958733
4793027,125218,282.6158553394312
4793028,231493,943.2649908853061
4793029,396504,514.3347961902609
4793030,730442,57.8859802724605
4793031,1673167,421.6060305947543
4793032,700611,334.0194173978984
4793033,808203,925.0305929662934
4793034,887516,655.7094901488346
4793035,1604509,180.36006749467703
4793036,1058343,502.52671811243357
4793037,871428,666.9573471145819
4793038,991596,705.8646996671531
4793039,486179,97.71733253290049
4793040,404627,466.5482598146927
4793041,1241034,868.6744838679128
4793042,788480,662.7100133666003
4793043,1373646,801.2761642027327
4793044,588011,725.3870298880985
4793045,1990590,685.7397848468313
4793046,1891579,116.19273562595056
4793047,1231495,997.413725203813
4793048,1451445,562.8317902321674
4793049,1741087,331.60007062868755
4793050,1726148,830.0056041645363
4793051,39043,896.5877186568665
4793052,559877,181.03799439036473
4793053,1604864,763.1802591560281
4793054,1817314,630.202186675283
4793055,902330,549.9583537737884
4793056,1726593,948.8978267232194
4793057,571039,523.6703418222328
4793058,1158923,724.0809994566218
4793059,1959879,670.1953132487914
4793060,223748,314.6096152132163
4793061,1116734,848.8250346712416
4793062,1810137,435.16536467972287
4793063,180046,231.99499257522393
4793064,1800126,917.426557306749
4793065,169791,703.346046177474
4793066,733537,839.4018093688129
4793067,570917,401.06067694062165
4793068,1286805,743.086492983991
4793069,230158,462.8042867292103
4793070,483768,737.3001474162423
4793071,841973,256.2526232163026
4793072,911331,114.96368198787943
4793073,1542468,466.2959091083806
4793074,319388,136.33467247256326
4793075,131392,328.3708136360762
4793076,1662034,456.53645849991364
4793077,1950913,761.0047983525848
4793078,1330254,670.7876419293646
4793079,1369114,181.65888249160577
4793080,1824682,578.5680349255882
4793081,777868,441.5424530859399
4793082,1053257,208.05991773889286
4793083,706032,947.6706415172223
4793084,1505661,189.48200000792227
4793085,1103829,438.6520519525754
4793086,1612370,990.685048989596
4793087,1413484,575.3106348284268
4793088,1523550,410.16359374036983
4793089,1432332,409.5164522471443
4793090,554695,582.4383793756149
4793091,1565361,337.4201827678174
4793092,1626436,95.69595867448922
4793093,1972996,622.4713977952437
4793094,827217,431.62401778482587
4793095,10541,4.684205978506162
4793096,1011754,919.3898440805798
4793097,1064675,211.94950094988573
4793098,1242605,844.0153123933455
4793099,1565453,535.1633028053074
4793100,28147,236.07399835496244
4793101,147567,769.7112552475036
4793102,1569157,146.101768649574
4793103,1547655,616.8373552596693
4793104,596687,812.119698444083
4793105,1256358,307.60330895940444
4793106,1778461,808.5188737929838
4793107,118638,714.4872797997573
4793108,1028493,316.4392880899236
4793109,1317012,408.3514057125881
4793110,133814,138.07936459182136
4793111,618691,307.37624324603996
4793112,711609,520.25835064697
4793113,908560,606.8274213436002
4793114,1494641,590.0193459820226
4793115,416949,879.3395229920651
4793116,286490,671.14586374218
4793117,1046099,959.1849825848853
4793118,768941,933.1501394471042
4793119,415020,420.93766156332026
4793120,195492,514.7081526589965
4793121,1167488,58.23710221001765
4793122,477460,403.3467606658313
4793123,1092536,93.57833575396424
4793124,485833,567.233465498688
4793125,1861897,813.3853203882718
4793126,157426,496.88643904955666
4793127,1492201,83.3973716776919
4793128,1151621,782.207740844947
4793129,1259228,820.7579037365862
4793130,49570,633.8053628392909
4793131,1223000,291.10018071513224
4793132,451804,464.6811662782756
4793133,515341,303.83940760375094
4793134,792210,179.65135629832474
4793135,1412035,283.94087981220196
4793136,1259256,628.9598384729459
4793137,443331,942.8296338104358
4793138,281345,221.9949736355651
4793139,1482217,890.3891858111762
4793140,1681037,267.45428916107284
4793141,59531,340.39538991418436
4793142,197124,829.2505520139447
4793143,1110317,867.9343437720886
4793144,1453264,491.34527343879444
4793145,1132195,135.62642301791584
4793146,1647935,285.273513885569
4793147,74245,736.6442425204041
4793148,1644810,834.6290300370381
4793149,363009,52.7640689700668
4793150,128259,493.8711650877032
4793151,139330,61.145787987290426
4793152,1782944,259.61922859868037
4793153,430746,882.1533030394662
4793154,1005952,892.5689934738267
4793155,211946,569.560532496303
4793156,179732,31.76860378504354
4793157,410630,253.89387904737626
4793158,132210,580.1610248399094
4793159,1177802,751.2870621031698
4793160,1169573,777.2719073654508
4793161,1650861,126.73689639711816
4793162,1940917,33.22699330010281
4793163,1138310,454.228961588924
4793164,40334,54.3559157097373
4793165,1741535,312.4111949307131
4793166,1059400,151.221445150998
4793167,1212277,813.9557525885947
4793168,1011520,806.4623259928204
4793169,379525,351.80297335629785
4793170,217006,981.0099602375865
4793171,1785492,28.741725499322413
4793172,880641,896.7031937856484
4793173,1912295,900.6559668860623
4793174,920609,763.036565700419
4793175,146290,974.7031162003276
4793176,437596,784.74874106261
4793177,1107793,699.0880060403795
4793178,441673,903.78603759262
4793179,886865,831.0562062203838
4793180,1567363,415.547439830603
4793181,956957,877.928229253447
4793182,1511241,800.1016218780871
4793183,1561560,6.514740936933494
4793184,1791792,743.8947950397874
4793185,1776906,692.9089320100046
4793186,637715,165.26677778908007
4793187,603078,957.8776276080841
4793188,1150333,882.7749587991925
4793189,526534,573.0740304370469
4793190,150210,172.47817691410606
4793191,1285512,739.9144797456959
4793192,1270236,440.2792048591085
4793193,142672,780.6929928684405
4793194,140892,325.84928500263834
4793195,1976766,727.5298926080774
4793196,648539,972.9474267469092
4793197,1245349,265.51795952188553
4793198,1302547,220.70346237683168
4793199,640022,394.1774267883248
4793200,1256065,833.8900706061725
4793201,1789841,882.0593554362159
4793202,688317,413.19315535710956
4793203,1510913,594.3816922181562
4793204,973298,807.5082240968759
4793205,513894,548.160377957276
4793206,1478884,341.5837936868269
4793207,961606,155.5904955068139
4793208,445339,558.6150749265603
4793209,1823873,527.5066975492256
4793210,1694553,753.9883811299145
4793211,1767339,130.15839409648888
4793212,872035,861.4926450405093
4793213,340673,324.64121097748824
4793214,486116,851.7786813956831
4793215,1497183,277.47800751934227
4793216,1640745,243.4136682109572
4793217,587,668.2208262134924
4793218,870696,418.38111782157625
4793219,987046,554.0540676983478
4793220,628460,704.1620329150996
4793221,1793553,187.06193690020322
4793222,1145903,54.93735248706555
4793223,541789,639.5468057544904
4793224,1601503,849.846002131721
4793225,1950083,714.3954172783674
4793226,1560689,85.44704007805237
4793227,1149207,811.7116511985837
4793228,238103,717.0122028455067
4793229,1932551,802.6893089600343
4793230,1711457,805.8030140862278
4793231,1885362,368.5649919480204
4793232,1054704,781.8940307135025
4793233,387151,497.826286732173
4793234,316439,612.5433544721999
4793235,323495,796.360189166737
4793236,1074263,198.61319514610588
4793237,291829,919.5376064726122
4793238,1052449,803.3545758127284
4793239,775977,729.1431098394066
4793240,1725707,241.4075632365492
4793241,1009675,348.9747506787273
4793242,882176,488.56539645083507
4793243,1730139,25.731751535832515
4793244,689284,494.66350237067167
4793245,1122436,683.6244676645297
4793246,1562141,913.6801983224387
4793247,1674682,150.4593052090898
4793248,1571428,865.069120955581
4793249,1882920,696.1173391312102
4793250,684011,887.7988360384613
4793251,1676653,791.5013230048296
4793252,884495,641.3872892787855
4793253,496992,604.5428514299444
4793254,565942,736.606474026436
4793255,13129,310.9582107544673
4793256,335332,44.74358961286307
4793257,845924,460.1496481570463
4793258,1648150,820.008411954102
4793259,1422558,983.6338640283728
4793260,487445,380.63637263019547
4793261,110509,350.14953902591793
4793262,15618,334.73263257838437
4793263,156802,303.0182499100692
4793264,1684952,6.9397902688767
4793265,268721,791.9611205043938
4793266,185972,844.4414325411044
4793267,1981007,369.29047443133635
4793268,88591,291.4775754797838
4793269,1301947,95.23510397075063
4793270,1721357,120.25227986731556
4793271,201112,216.82797429951884
4793272,682479,768.6156713404338
4793273,1772036,814.061657190238
4793274,864434,755.7483758380051
4793275,1130083,303.9485838797789
4793276,1257034,336.0526780891504
4793277,177971,149.51784812543255
4793278,216343,940.9756869818091
4793279,941149,662.4185763146423
4793280,1451614,75.5762366136321
4793281,1567090,109.62879742949372
4793282,458091,550.2386744206805
4793283,1196664,1.60738639794622
4793284,1436794,936.1995326594787
4793285,1417342,104.24441762760762
4793286,1039783,87.82112026961397
4793287,1329793,885.6880045075322
4793288,217665,811.494384718711
4793289,544482,180.19494903485023
4793290,772526,645.5608562270675
4793291,1561684,648.8227065637749
4793292,740461,93.28570249221235
4793293,365032,681.2718445277486
4793294,1906956,439.97297785936263
4793295,969359,320.77461429616926
4793296,1912062,679.0517487861953
4793297,1983343,809.1264925109225
4793298,666436,25.34731356375719
4793299,802574,232.9960743207079
4793300,1316094,157.9563937001982
4793301,1358126,118.48951967436794
4793302,24965,355.8317169708577
4793303,778257,295.62484062344805
4793304,1820187,738.1257968135621
4793305,1058544,224.06439226353825
4793306,1111081,38.32089917478898
4793307,1035659,35.67689362165483
4793308,1048566,345.79697685365176
4793309,1408347,33.42925460424473
4793310,1405802,520.9302218432917
4793311,340595,596.4240725012937
4793312,659078,335.620137719337
4793313,349400,452.0515991840264
4793314,1859751,926.5756342145627
4793315,1994675,62.41649368123081
4793316,1562925,43.575737777552526
4793317,1621541,475.18783801732656
4793318,813317,708.6633903326968
4793319,1637771,295.9919141548036
4793320,39521,389.81557397153654
4793321,473470,113.14582121503791
4793322,831354,378.3898320044894
4793323,188980,346.5560087450553
4793324,817743,649.404551812666
4793325,273452,880.9268246646101
4793326,1917088,456.58826497273907
4793327,115999,539.0249409085517
4793328,262428,968.48158454708
4793329,457235,297.54987393240464
4793330,9239,20.52920510745626
4793331,320887,629.194542449112
4793332,939507,862.1809771735684
4793333,1736057,765.3375973545445
4793334,395262,788.9179585040108
4793335,1323728,443.72704591689273
4793336,1068721,146.68043311548763
4793337,525619,25.655278844098127
4793338,494660,35.32722032412783
4793339,1412600,626.4581697205291
4793340,175872,419.35400092808374
4793341,823228,385.7081879821185
4793342,183864,593.315366743599
4793343,824750,117.59663730577141
4793344,480600,477.29012177491614
4793345,593520,26.566924744880538
4793346,535202,691.8263134657118
4793347,301431,892.4053167553881
4793348,1943310,594.8476062735169
4793349,1529808,625.4793927130033
4793350,1838230,179.6207096857507
4793351,1562887,374.9323831502649
4793352,659102,136.22205535000353
4793353,1690180,930.3559534199226
4793354,611065,189.20309270778714
4793355,1140187,971.4946926920825
4793356,933445,512.3881592074666
4793357,1502787,967.551540073373
4793358,29194,143.72208231495242
4793359,350625,797.7948451696806
4793360,1421497,251.25416044963356
4793361,989741,826.8442481897038
4793362,717424,920.7024030004661
4793363,1077247,930.1128041471889
4793364,1566224,712.8939786499119
4793365,436232,222.8880100675281
4793366,155693,861.0322762923367
4793367,793596,141.712319280502
4793368,30138,882.6321514904341
4793369,99911,726.5610628319398
4793370,15502,219.5925134090241
4793371,1011004,131.37035308519495
4793372,1614191,793.3449252116023
4793373,1679137,919.8156347845022
4793374,490024,509.8734408849155
4793375,1120960,597.0981914576685
4793376,1876283,839.7841242496258
4793377,164931,52.7435310548291
4793378,143333,25.84675035686579
4793379,1342157,321.6928005634897
4793380,1150793,617.7644756363611
4793381,572095,833.8891256198796
4793382,1093183,799.5528979109524
4793383,1918071,984.9814551953193
4793384,1772230,801.559382252589
4793385,1739953,859.6534091289802
4793386,202209,334.29963561866026
4793387,825279,796.320385471068
4793388,1714466,729.537212663167
4793389,816348,244.0320521680127
4793390,1611771,775.7138743725718
4793391,1410549,16.49626845761731
4793392,715658,989.8953065849248
4793393,738603,111.61572265989639
4793394,1479710,878.779332071048
4793395,1597663,657.5123810057036
4793396,1860258,7.6150880828511625
4793397,1502485,720.4617740762485
4793398,608330,672.8534432282602
4793399,950780,694.5837586078783
4793400,1806373,757.6036762579866
4793401,436638,453.3503237433566
4793402,492285,14.737927620775082
4793403,1653989,142.57281410422118
4793404,907699,236.09343786603444
4793405,1167167,940.8142720404013
4793406,780521,405.7584740422634
4793407,1853311,880.0987355593506
4793408,528230,372.06512174639295
4793409,1538950,153.19703767540827
4793410,1252022,882.2098184162592
4793411,767981,333.84531289308137
4793412,1380166,161.30070395506922
4793413,1935275,719.4208650969717
4793414,1045165,967.7816913847
4793415,942351,164.11623245645234
4793416,574042,542.5842838746833
4793417,460748,477.7598813039802
4793418,1792317,81.58571052433905
4793419,590827,331.5387182172461
4793420,236288,6.119378647177598
4793421,955474,410.3421455899141
4793422,529829,367.8930395741229
4793423,735554,581.0189675875636
4793424,1659950,502.10833528611107
4793425,598210,681.5031374698999
4793426,997930,159.6964281524127
4793427,1782634,96.77951014218722
4793428,1232116,949.152770895121
4793429,656298,712.7671827014822
4793430,1382719,616.510025800747
4793431,596756,814.8663882427269
4793432,1301432,152.496352874531
4793433,1473890,621.5755910439972
4793434,1226301,430.0712266679054
4793435,240819,819.6470649539577
4793436,158858,83.92987930160733
4793437,389478,782.2689066034175
4793438,1457875,858.287368993103
4793439,1992216,971.5420614799584
4793440,1825479,618.6527440072497
4793441,311598,336.7455195376328
4793442,212320,781.9522342627166
4793443,1948568,359.4162022805006
4793444,1986791,929.0021428140243
4793445,731984,187.55950073142657
4793446,1412950,695.3684567191634
4793447,306796,331.0618737733154
4793448,848569,109.31987815067168
4793449,1730428,489.2631437066578
4793450,227084,41.60499598694989
4793451,1680735,764.2485620610623
4793452,534752,953.1892477836152
4793453,476346,140.4902176383348
4793454,1957768,453.9091927325464
4793455,1865939,777.5401116224498
4793456,1087934,312.59229825024124
4793457,1250361,358.6862149857512
4793458,1758359,260.4266604632457
4793459,1904491,517.8571999577229
4793460,550449,286.8743664990435
4793461,493616,98.22424693672605
4793462,594576,552.9522708648669
4793463,618836,684.321527992153
4793464,596257,324.43940430348204
4793465,1588086,45.221989170164846
4793466,1991047,902.9315425643438
4793467,685933,696.5982648988704
4793468,422925,391.3521019844899
4793469,294527,921.794903848647
4793470,375877,483.7180690433487
4793471,257941,218.1025376118637
4793472,460202,842.7254311647289
4793473,1372070,33.12851798873373
4793474,412827,265.53185743533356
4793475,1589364,475.1557275615168
4793476,669622,996.2966649799441
4793477,742124,546.3399167545037
4793478,502641,730.4024292891453
4793479,1708438,183.10196622912844
4793480,1670661,735.2000174958276
4793481,1945396,5.6579562009253515
4793482,1549438,452.66544039318615
4793483,189013,709.2873296875317
4793484,1837136,605.5052231412146
4793485,978420,411.2114047114994
4793486,1186839,666.2902585750294
4793487,1321294,655.6474401977506
4793488,339230,989.8075300455768
4793489,256633,225.12357463457988
4793490,903652,459.9472535940274
4793491,1304294,540.1759504210254
4793492,1375821,233.98053190452407
4793493,1097182,408.55220053630256
4793494,479157,8.066858695380263
4793495,38803,465.9085228650716
4793496,1448440,380.4991068576101
4793497,422549,5.59141845045974
4793498,671524,10.452268283153487
4793499,1146106,888.8755775493831
4793500,407655,915.1847020064032
4793501,1518999,745.1658242348327
4793502,608275,139.5553300677983
4793503,994367,280.9077791109211
4793504,328952,894.6847060966215
4793505,427712,768.6716225356464
4793506,477787,963.1621727929817
4793507,1322515,676.4484719473246
4793508,1748900,468.7636354629342
4793509,1007782,623.3204622121385
4793510,1103550,895.6654450711603
4793511,632264,64.05912534156232
4793512,456061,482.10270686188153
4793513,1996189,210.43783024933472
4793514,1410015,68.55110665205932
4793515,263904,531.1066370378154
4793516,223615,337.4352003790939
4793517,484235,70.21117354173423
4793518,1183110,702.625408696167
4793519,1760131,768.6231529428375
4793520,76306,608.3897688098631
4793521,1583132,573.7102158394916
4793522,177703,348.08161304279975
4793523,40911,503.8196762114274
4793524,1736634,220.58652983960937
4793525,603156,31.938129494249125
4793526,921976,633.8902552181897
4793527,768432,856.9419932887112
4793528,453806,521.0446463149153
4793529,901056,242.37870549829998
4793530,1168713,694.0405294030672
4793531,503006,554.6563118402454
4793532,887620,555.4604357249001
4793533,504543,199.99861981997626
4793534,142552,778.0377672961712
4793535,744992,530.9818639886785
4793536,1969591,407.7190965722819
4793537,1321788,797.5418559496335
4793538,46015,749.0623702650742
4793539,1224357,844.1721061511721
4793540,723819,488.52116119574083
4793541,1324765,452.7628076816197
4793542,1500861,620.8717128067161
4793543,540615,930.6886062565137
4793544,1262321,449.5024152795776
4793545,1375791,210.92557428936908
4793546,1270648,318.6854852876906
4793547,1389792,549.0884976998507
4793548,406251,90.75459844316237
4793549,893866,326.4827469875464
4793550,1253941,968.0394351349925
4793551,1011288,439.1138750978796
4793552,1495669,573.276596765394
4793553,1765351,402.5731731106367
4793554,1641998,94.92513993550689
4793555,1518178,706.1074823269914
4793556,1457426,445.3023353982494
4793557,1655849,491.96312973815617
4793558,1606934,770.6401460326023
4793559,663428,105.17314883815109
4793560,1408513,503.86346808955176
4793561,1599352,963.9346309301336
4793562,795756,572.029045321993
4793563,703536,676.0373793994829
4793564,734144,75.97940371476064
4793565,1941408,574.3399942982182
4793566,1202767,323.0014750035658
4793567,284604,32.63841720189464
4793568,1134584,786.9272566974387
4793569,1815075,48.17285912247882
4793570,1889438,187.48467605558128
4793571,1372668,591.4825718978317
4793572,1619725,764.9829008061149
4793573,917903,453.49489990250294
4793574,130216,156.6863039240801
4793575,27644,349.82327519626665
4793576,1547811,181.01866835270798
4793577,1438338,754.5590802407526
4793578,951525,724.5776353363931
4793579,1776677,334.98812961784654
4793580,1567851,809.3849551286219
4793581,247741,759.0013464043068
4793582,213802,142.36068723206586
4793583,996091,466.6833212020932
4793584,1688332,182.47992130367373
4793585,644394,702.713196187997
4793586,698884,539.1294679839627
4793587,149111,651.1622227677158
4793588,1328293,201.2197001665311
4793589,1342727,17.847749607547648
4793590,1754921,402.3828373583176
4793591,1650000,945.3852997355785
4793592,570033,659.5237680750713
4793593,612367,127.42099856945477
4793594,1995484,276.7510640150359
4793595,287949,834.0533795391157
4793596,1813246,76.87612503079933
4793597,1163492,760.2775376716394
4793598,586712,292.8691465722566
4793599,1125202,137.3544621681274
4793600,607453,548.4661776602885
4793601,294729,652.5636325392921
4793602,820650,199.37869981734445
4793603,252826,68.13625141428604
4793604,1881314,450.60913589572596
4793605,1221049,233.69559533867002
4793606,1943902,639.0082639871061
4793607,10621,282.8476016042465
4793608,12908,5.1130260140157535
4793609,912583,465.66125865723916
4793610,1686545,414.5161463420769
4793611,1834802,430.62399848900776
4793612,1893567,425.4312780953743
4793613,1379191,9.386507277062917
4793614,1139811,496.5980110700662
4793615,916296,793.32580407779
4793616,1824321,147.62305968695176
4793617,940015,166.16626594758955
4793618,213484,105.07430601016732
4793619,1172597,251.36121542391277
4793620,1347093,471.50829548923645
4793621,560296,917.7288800442452
4793622,646655,915.1734833052118
4793623,1445430,199.61094165066763
4793624,160759,651.163191334479
4793625,1967092,98.90503646318638
4793626,1306748,536.8441094665183
4793627,1017595,328.62225774456857
4793628,476483,975.1957435998288
4793629,1617568,857.1553868917559
4793630,55259,348.72208273237135
4793631,1261069,605.2801430431224
4793632,1721959,740.3354638389136
4793633,722073,368.62952571957476
4793634,1901676,157.76233461402123
4793635,1218526,684.8160189355689
4793636,961561,251.87890215005393
4793637,976247,98.5229093389558
4793638,1735941,479.43703624934454
4793639,1854163,553.9698777085625
4793640,1240492,516.3466502983039
4793641,293760,870.54142767757
4793642,309259,141.05655148841
4793643,569719,732.6694180846282
4793644,82042,345.00145830363294
4793645,260406,604.8043730873635
4793646,977617,249.74711346489298
4793647,967388,686.245539237648
4793648,132446,266.95751696224033
4793649,1536846,671.2441248693221
4793650,156735,405.2082831593715
4793651,443103,542.3846304860228
4793652,389470,285.5297422044464
4793653,622938,941.8223134506122
4793654,1343368,144.80287839276096
4793655,1747428,321.043366669287
4793656,709636,109.87058411758154
4793657,1271402,476.5030552004764
4793658,968248,950.0735318412812
4793659,1054921,754.20164330714
4793660,1110200,648.7530238783274
4793661,1215047,647.7094784128831
4793662,72049,879.7471185492547
4793663,409472,582.8659501894921
4793664,1655895,4.76251772682823
4793665,1489883,941.3378575449299
4793666,1761498,557.214530137888
4793667,183478,992.8743157384058
4793668,48911,391.74021452442554
4793669,251856,851.5594921636682
4793670,89159,12.600475167224069
4793671,103681,462.8957513082387
4793672,1441033,279.1713627303668
4793673,1708080,406.4802250542631
4793674,1621882,268.9226865899973
4793675,258708,997.1777906757312
4793676,1433326,836.7010606988189
4793677,738659,27.384989907302206
4793678,67227,733.4972003767908
4793679,1727779,381.82488519761495
4793680,962737,788.3888562028053
4793681,1099787,392.24869749980587
4793682,987743,844.1196547219535
4793683,469931,361.9760864909288
4793684,1424454,446.2089951666229
4793685,1184265,227.70087010102358
4793686,300918,910.4790187196714
4793687,939630,661.698655064439
4793688,1721573,592.3377973415501
4793689,274144,318.1808567795242
4793690,1823865,758.698600986419
4793691,1934799,439.95526060783965
4793692,722286,919.99649823617
4793693,707464,146.56510893423837
4793694,349668,17.116010333442677
4793695,1992720,685.0002958753921
4793696,93715,960.8214732792693
4793697,556186,260.8119103101323
4793698,1214387,169.89267340501812
4793699,1171442,838.7360167249706
4793700,517940,593.1148281990156
4793701,203429,374.33816088562867
4793702,442200,950.1906457134934
4793703,1593912,257.1866613163388
4793704,503554,829.9610652193064
4793705,1759608,449.98871347907465
4793706,1088503,897.8584439817932
4793707,949638,739.6499621155749
4793708,952743,847.5744625486911
4793709,1148066,177.66681201670164
4793710,702981,291.770691415583
4793711,1487033,393.54183118057693
4793712,1643312,996.8195932891937
4793713,693937,764.5259268989203
4793714,1670261,221.97771209284235
4793715,1686881,452.2105359690581
4793716,1295554,489.03592515506557
4793717,485781,156.28562397656444
4793718,898766,827.6734045897272
4793719,800716,628.1225146835355
4793720,10401,665.5250895604071
4793721,518210,303.57668721037066
4793722,1907283,799.1568713102408
4793723,1273682,435.03566150845705
4793724,160257,526.8595415059195
4793725,716887,785.2353457491652
4793726,441638,324.10717836627987
4793727,1362775,543.051606416853
4793728,72725,239.56697680695893
4793729,454867,908.632280157635
4793730,1790685,190.79783657946925
4793731,695495,110.29347968417514
4793732,1641003,285.14327279969365
4793733,330647,271.91843646527946
4793734,1265302,785.1402512936403
4793735,1861652,486.48205832665747
4793736,1748591,67.40878766370628
4793737,72845,989.4703467997861
4793738,1463230,115.95261837076232
4793739,1463604,556.1229272701642
4793740,1849252,865.9937272288807
4793741,1887983,2.805820810662496
4793742,1333591,915.7644121796799
4793743,1503468,588.2910256223334
4793744,455431,584.6779563125747
4793745,393568,443.8312052245511
4793746,1124741,104.67661521816451
4793747,1439067,605.6772681089409
4793748,942025,580.8439574415515
4793749,1245943,850.1511505116436
4793750,655511,922.8076660891583
4793751,1022939,255.82669251798907
4793752,697164,80.59014943119347
4793753,777847,110.61743432169958
4793754,313424,198.1503216211715
4793755,1107738,906.6489248386868
4793756,1365728,70.99735704680322
4793757,1137617,98.25557684431007
4793758,1944332,893.6826749145827
4793759,1785679,994.5333618394527
4793760,364603,219.29065222237952
4793761,1401419,361.92943412986466
4793762,605803,598.5620044803418
4793763,803377,6.08054925807755
4793764,311568,476.5540883000513
4793765,706888,342.3666002820423
4793766,869054,793.2828979542643
4793767,393562,189.19971998109787
4793768,1810777,234.98867721945393
4793769,1550766,52.12462260500017
4793770,274813,643.3216867634558
4793771,1671926,310.73332499230764
4793772,1095583,823.5780805477297
4793773,1301551,687.6911115504923
4793774,533980,430.74082111234304
4793775,1458093,573.8662895026122
4793776,25227,390.1755741544513
4793777,1274840,979.2230078968953
4793778,1095636,381.2743346789051
4793779,215709,376.24311149718983
4793780,991769,217.65758684145243
4793781,356824,302.99062086823926
4793782,33770,181.76179154023643
4793783,68487,269.1012424459559
4793784,491135,483.5567179390996
4793785,919023,885.630308769747
4793786,1380745,831.2719056116151
4793787,381236,324.07952098918855
4793788,979908,257.1811040115486
4793789,145580,544.575498598018
4793790,1768692,57.389780286592476
4793791,862260,216.29150281393183
4793792,832165,659.0483785463562
4793793,264099,400.7304620191027
4793794,126862,754.1785930208703
4793795,1727119,202.1277219496298
4793796,649327,674.1391208407722
4793797,505342,103.0128810955181
4793798,980989,515.7016849134852
4793799,1528766,321.4355671610538
4793800,1801037,516.0054025362839
4793801,1854441,963.9253253391806
4793802,1965803,339.74555006538486
4793803,400341,111.88228363507457
4793804,296489,889.919624881486
4793805,524350,69.9360778147019
4793806,1697773,169.8714009469885
4793807,1466681,936.9395771461622
4793808,1129633,588.1747546754789
4793809,1252129,875.6672308109843
4793810,769208,688.4621640164332
4793811,1889151,791.7389429593985
4793812,602655,451.8684737875237
4793813,1558508,409.42245377203267
4793814,492362,590.3788011518964
4793815,172390,316.6673050248845
4793816,1367117,998.6324792247116
4793817,996420,112.2160143548665
4793818,1616201,725.9009138347169
4793819,1139731,199.2331640190751
4793820,1504736,860.0980209152932
4793821,806577,4.33818520441287
4793822,1290814,682.7395417596778
4793823,1027795,778.7330864740128
4793824,575919,57.79265268859546
4793825,886222,102.18830194616135
4793826,1433961,263.3543621023162
4793827,476215,910.5738539976404
4793828,1101030,377.9914307557282
4793829,651344,5.658707907752025
4793830,148189,533.0116454083675
4793831,1518304,0.37470182814514086
4793832,1760149,382.8071077814876
4793833,1703862,145.51645763778544
4793834,930531,183.52022965826498
4793835,895780,375.7245897112298
4793836,395419,484.3209503124647
4793837,1737173,877.7196191698033
4793838,1941193,792.8696474613308
4793839,1312740,192.1351353976476
4793840,66154,909.0361314760722
4793841,1167385,392.1437948413382
4793842,1666016,733.1853529714598
4793843,1896501,112.97499150100376
4793844,303632,897.0977904350698
4793845,832509,441.20191946404617
4793846,544576,425.8550689588504
4793847,240582,732.3880677230206
4793848,1942543,67.99930339333027
4793849,79503,407.2681508033147
4793850,408547,62.43321709238558
4793851,55159,773.1199583759353
4793852,1322421,926.0902768283563
4793853,364780,86.21250661357116
4793854,1315600,159.63624348378346
4793855,519118,130.4112764007185
4793856,648159,606.5689543574811
4793857,12803,28.996965700401887
4793858,334508,970.2472343544886
4793859,1457722,410.76817470288586
4793860,218449,996.0854381466796
4793861,1590271,892.5215064120737
4793862,1036246,592.8945119428338
4793863,1392166,854.8294371278225
4793864,55416,644.7421824165684
4793865,991110,280.6978370702501
4793866,200171,379.40754945435407
4793867,1688792,389.8307133739527
4793868,692074,850.0914482623871
4793869,1458845,597.4643725365913
4793870,1869021,438.62197957604377
4793871,296312,989.1667561112135
4793872,718446,183.22212111014468
4793873,1207714,482.6343459790785
4793874,1575830,326.1125670834909
4793875,67497,273.6191841572221
4793876,1817265,665.1839081874297
4793877,369103,137.26301319852152
4793878,330298,974.4548744184426
4793879,119268,136.58666087050608
4793880,127907,297.7590129250216
4793881,1274964,908.8239757266564
4793882,1518405,989.6862881471185
4793883,1179578,827.94537692168
4793884,30211,942.5832816197604
4793885,860671,521.7777358542177
4793886,664552,1.0836599988083284
4793887,358073,780.2161070774059
4793888,1281019,151.49169176036858
4793889,349072,82.80902535377909
4793890,1144602,595.070226027939
4793891,356308,234.78772999028564
4793892,1692896,212.5458619738655
4793893,1023780,845.4533620250062
4793894,1758439,636.8375716697591
4793895,599270,231.15542926398126
4793896,1361083,751.9987490749593
4793897,263583,153.10448779058362
4793898,712083,558.8072309519744
4793899,579487,301.59036011747145
4793900,1399806,773.5910090793267
4793901,1771658,624.5779954248533
4793902,224035,703.3326682743312
4793903,431510,370.3330083777047
4793904,582939,811.30082709229
4793905,1389320,709.3241609934489
4793906,468160,734.3462991287755
4793907,79726,29.90820147949014
4793908,1671778,61.525872317431116
4793909,1278826,160.41250383103068
4793910,84563,898.431586578365
4793911,1878902,47.351587944121974
4793912,98744,680.3235933735109
4793913,1693226,858.6459247241082
4793914,351265,113.69078876092887
4793915,147925,42.07026305086225
4793916,284057,671.1002996497073
4793917,1498955,236.54604496285913
4793918,1970975,203.69170276044912
4793919,1812173,315.8546677465058
4793920,24083,391.0795766360642
4793921,1743749,161.41144929530915
4793922,1123142,292.6172210206065
4793923,696743,662.4417934550003
4793924,1793737,73.32096932181176
4793925,1918555,142.073080816831
4793926,288986,157.22984570249164
4793927,1683089,767.0025090086339
4793928,346516,373.3087988226807
4793929,1375168,884.2449893626582
4793930,764528,691.6238896591542
4793931,857982,108.81737097696175
4793932,1397473,693.6438230228035
4793933,668208,443.1882300043888
4793934,521062,809.0652314505552
4793935,580080,590.0674461059389
4793936,970209,535.5316476126579
4793937,1213734,650.0127920319896
4793938,1201718,254.91208877778215
4793939,577028,306.0856002090362
4793940,263778,195.24380268332763
4793941,1837282,365.5093469360864
4793942,1740129,426.095424076934
4793943,374787,181.77700060188218
4793944,421813,866.4100822482037
4793945,1288768,119.60437333684749
4793946,1290723,307.4037586999249
4793947,485898,458.61487873402905
4793948,1404215,788.1599772663611
4793949,1321466,916.8910279258284
4793950,1167177,553.525784811907
4793951,1772200,993.8658015813654
4793952,1302189,136.11733076609488
4793953,649817,972.0420107410899
4793954,1853823,994.6454653606945
4793955,83551,348.823493640916
4793956,1228583,531.7665930638047
4793957,113267,625.1090949775731
4793958,758261,497.5658150019788
4793959,250250,433.72249580816424
4793960,1290166,576.6671133167126
4793961,1128924,618.8817741572205
4793962,1797293,610.1036535478577
4793963,1095871,570.6332175780266
4793964,589184,588.0471764317646
4793965,1247687,319.3915015492378
4793966,314743,550.1192754211725
4793967,1219306,271.4400352890969
4793968,1799104,497.7847053335134
4793969,69480,672.1597862701977
4793970,361720,117.65156634988661
4793971,373557,965.3528456644126
4793972,1844962,646.5043858309785
4793973,177491,30.37782393383781
4793974,583957,14.779143629139014
4793975,484932,108.89193959244248
4793976,1225589,194.32390604575335
4793977,1452859,693.3263477721366
4793978,1463969,494.3811763632022
4793979,1048708,884.5109364029098
4793980,1457112,117.63963128449973
4793981,383499,855.5094314131532
4793982,1337959,180.0685454602523
4793983,828832,507.9831308863925
4793984,1818200,90.4564258026419
4793985,1449178,753.2835126576574
4793986,698067,994.5851830132029
4793987,989759,975.9155651343598
4793988,1955729,145.90986546652752
4793989,1296067,609.0669563301149
4793990,1903879,202.20599203206623
4793991,540645,692.5374215103465
4793992,1487083,362.790450155647
4793993,573000,76.6702568435974
4793994,1135102,626.7580996279416
4793995,14620,875.8234918733806
4793996,1865488,584.199957106835
4793997,15399,117.2253794373993
4793998,138490,434.8948961082404
4793999,335541,567.4672302261598
4794000,111194,645.8240105862332
4794001,1316156,724.9305258058243
4794002,318499,491.3940835983219
4794003,603091,478.8071126360306
4794004,1050110,478.8254505403498
4794005,570487,315.62877400374725
4794006,142438,790.0311497398335
4794007,54242,684.1573909495669
4794008,577648,282.03383212505116
4794009,480379,767.6868898434511
4794010,173328,648.5438255351226
4794011,1235681,2.7598930779682007
4794012,1565949,643.557941487844
4794013,1576357,618.7314557986523
4794014,1605736,918.5373167012142
4794015,903021,715.0137916497042
4794016,1706969,984.899394698842
4794017,1593378,137.71751809886413
4794018,1473518,732.8036960990256
4794019,1094415,744.3773938654903
4794020,1844314,378.3569203728655
4794021,955565,370.172906429809
4794022,636265,824.173054254622
4794023,728080,716.0637886006178
4794024,292294,809.6058407069453
4794025,1282017,401.5544660812067
4794026,558624,123.40428395408809
4794027,1657646,74.47434365231787
4794028,693647,73.08289428045644
4794029,1370688,147.97606519769934
4794030,1953581,477.3014700166459
4794031,1908253,578.2131065419858
4794032,621358,708.9235347144256
4794033,1168920,809.3659322685379
4794034,1922634,167.52881423507603
4794035,836961,415.4430659379359
4794036,1535830,456.08049973545207
4794037,1567897,155.3420458487903
4794038,684092,361.2562762861986
4794039,1541435,125.9899046009113
4794040,779003,364.4872647147861
4794041,1203650,223.30564328810843
4794042,1226736,163.32550722435025
4794043,1124264,489.7696452643708
4794044,1232820,65.55753620354987
4794045,1193174,162.00887494599036
4794046,707685,902.1185018999968
4794047,994533,221.9845819941465
4794048,1056092,593.2555273219853
4794049,329674,494.64635935898383
4794050,1425326,968.3404152991927
4794051,836706,26.81535845176064
4794052,1973822,492.65664361589137
4794053,1415407,739.0462595105352
4794054,4974,524.4424318697527
4794055,1112249,753.2420527935716
4794056,494105,462.16243633793
4794057,366216,354.9435069921364
4794058,1346551,246.97313645140318
4794059,1740881,768.3475103907745
4794060,1542575,847.3383969566291
4794061,1006457,867.33171533582
4794062,580206,104.1568469030959
4794063,337765,860.1924282531488
4794064,241370,144.5224973429704
4794065,1301027,319.33961958039805
4794066,1027800,738.8619937113441
4794067,1359247,111.14328657831096
4794068,828992,474.3241661937703
4794069,1208462,953.008131139
4794070,68742,186.01530837718116
4794071,530963,425.31971530097326
4794072,1655490,303.9993472155934
4794073,1781243,535.4860372187655
4794074,934429,609.4945226207833
4794075,1903822,847.8626152688281
4794076,1036931,681.1212089368837
4794077,1135318,638.0700354221392
4794078,1975470,131.30804611835222
4794079,587618,904.4999461433586
4794080,1681790,792.3248512429578
4794081,172400,935.1146866910336
4794082,1227364,592.7900764087444
4794083,380646,238.0973998724718
4794084,1174366,147.5064763627766
4794085,1904739,112.11964602699365
4794086,740161,60.37431006083849
4794087,1193292,276.97632289389816
4794088,205432,533.7251345905717
4794089,1516076,945.3721795534611
4794090,588245,600.4290609502516
4794091,90769,867.2789492069081
4794092,1529386,157.9043209613573
4794093,171355,114.70315339469839
4794094,1373944,975.832025202437
4794095,1659142,258.31963360428955
4794096,183556,25.693105029151788
4794097,1690780,716.4688409100335
4794098,1592523,731.5621664440353
4794099,445470,688.398929065284
4794100,742785,238.76637768033794
4794101,750697,300.95616046353837
4794102,1608838,680.9556467622241
4794103,299202,11.744081214854818
4794104,1075005,413.18868623793014
4794105,666716,690.2868998563465
4794106,737591,286.81596567942967
4794107,776373,299.5738017191918
4794108,388852,503.00556976443454
4794109,23092,236.82503159222202
4794110,771655,764.7130120805488
4794111,433042,183.775061148858
4794112,1694367,447.7573708330601
4794113,1625517,969.5333268709876
4794114,1843767,818.1652188325758
4794115,1158,858.3886916425547
4794116,1747353,302.9286968677408
4794117,1444695,421.7454912325935
4794118,1619892,310.3359049204025
4794119,1034220,358.74745218801075
4794120,146918,396.6876595522627
4794121,432453,685.8512853267023
4794122,1656678,858.0537897259273
4794123,1111831,595.9302988016021
4794124,762710,362.7349548705776
4794125,30870,229.54883408302064
4794126,1083376,852.8950850619851
4794127,532244,416.9396542813582
4794128,65393,275.65620437912366
4794129,729437,758.4034123450482
4794130,518054,71.99892931486728
4794131,1147421,380.17204682351166
4794132,1028798,768.7399133304859
4794133,1903144,90.12142301102544
4794134,336990,417.5411969410955
4794135,1741918,257.5152927561218
4794136,1651513,916.7288581226394
4794137,1138152,299.9355954072097
4794138,1634106,832.9057864906646
4794139,375576,263.34736450243935
4794140,1048791,321.62225132421906
4794141,1136253,723.1858217766861
4794142,1821452,785.2665301092208
4794143,257297,864.6435906294145
4794144,920479,778.820381696884
4794145,1206467,738.5008328674355
4794146,1631014,407.31783092464457
4794147,1995116,18.521839678472208
4794148,1655779,506.80580397586516
4794149,1542848,757.6850755609089
4794150,1264122,674.9051474123836
4794151,309068,477.55836557575117
4794152,286451,240.38136223729077
4794153,127132,977.7328491366883
4794154,416311,432.9189042743296
4794155,997178,410.1916461168955
4794156,1294638,773.1921067384122
4794157,236007,358.9025192055432
4794158,1027233,16.06435124546557
4794159,1460438,660.5637142125868
4794160,1907561,752.815066685227
4794161,1373756,40.57413724844405
4794162,1917409,963.5903994962134
4794163,1316297,552.2904566105587
4794164,273171,113.1913448677494
4794165,314886,425.71652939336525
4794166,345209,684.1941184516165
4794167,898719,602.0254220064895
4794168,711150,541.3490113210285
4794169,1596611,36.87771987792576
4794170,407272,588.3432754934947
4794171,986070,481.44178889579626
4794172,1654468,181.90048207652688
4794173,1468937,979.9180548066053
4794174,923858,235.20638298651687
4794175,1159119,288.7446971103628
4794176,655057,333.77505632479676
4794177,1245532,715.6602386629404
4794178,1035135,126.99731225680632
4794179,1541314,217.35505065805017
4794180,1076302,948.7558760366535
4794181,749329,911.0885896753227
4794182,434027,698.4981223506177
4794183,1185078,192.6281266244907
4794184,11476,932.8580495144203
4794185,1639501,713.7207920097362
4794186,1988503,385.8712360574872
4794187,530550,387.5626305959322
4794188,441618,584.447534894127
4794189,1357182,524.8126359758405
4794190,975805,324.8710692505362
4794191,10784,415.90187052086367
4794192,304361,950.0052938598436
4794193,1361291,201.97907285819073
4794194,387249,872.2567971246352
4794195,124723,179.70526990593362
4794196,807312,911.2092723234856
4794197,380579,177.18390087296999
4794198,1104391,217.70550706573889
4794199,951975,946.7449469683818
4794200,1659006,971.9284551993185
4794201,843851,513.0424825270409
4794202,1766827,861.798621629305
4794203,768760,518.6834492307778
4794204,1483317,485.50886090656365
4794205,886261,753.1028953758808
4794206,1243185,378.3032465233408
4794207,1706312,358.8111876116862
4794208,141838,260.39922126889746
4794209,1770343,749.8543983324811
4794210,1617172,917.6282099381327
4794211,337107,71.70000240469932
4794212,342403,18.0102187959994
4794213,1355613,88.33880545326822
4794214,770813,681.2953768677481
4794215,1116589,58.68219496902605
4794216,1913061,830.8667940066525
4794217,1140350,604.4882239956959
4794218,703981,260.30063463031905
4794219,479927,663.4254700421587
4794220,410781,852.8420409930081
4794221,856971,32.0832212390344
4794222,100588,373.00233473897435
4794223,722783,99.43642791946938
4794224,1834641,530.4806583867654
4794225,1801671,183.3846005846137
4794226,1046753,433.13712370627513
4794227,262895,25.6289547288171
4794228,328507,346.9214365096991
4794229,1873097,235.5118170814049
4794230,1310884,40.31874404854297
4794231,755435,649.8758191919003
4794232,1649982,593.851936328121
4794233,46316,63.22315726287242
4794234,651822,795.3427096985937
4794235,1707599,52.06896934908845
4794236,1370899,854.2036681396884
4794237,88318,333.3533101420405
4794238,585107,272.25466484275785
4794239,56871,175.67594362571916
4794240,976020,89.71448614720023
4794241,1382388,207.45780043909411
4794242,1831160,185.2814084918013
4794243,1445960,670.8444301395645
4794244,118323,567.8605970184636
4794245,655698,675.1787372847665
4794246,1953460,417.15312248703873
4794247,17730,212.07571487346254
4794248,1775425,747.6122877928804
4794249,1494938,5.080550443665288
4794250,1296643,252.55598078855002
4794251,1476623,128.19291782802
4794252,326164,379.05810400810367
4794253,793944,455.9259504332488
4794254,1323473,430.31349244651005
4794255,773888,37.20919448942739
4794256,59272,173.74612738117355
4794257,596520,401.48528516474767
4794258,800139,822.7751750798031
4794259,1316430,715.7798852067536
4794260,499060,369.99229733436243
4794261,860587,168.00552857088746
4794262,1147267,641.029628555683
4794263,1358196,788.7937786504459
4794264,270603,333.7060150858946
4794265,813854,76.83833632602988
4794266,647768,461.3134574785269
4794267,546568,480.33836896287596
4794268,1280473,362.1180686914819
4794269,1954228,253.50465117576405
4794270,1094320,579.0844156023826
4794271,662235,367.64927847782303
4794272,929613,652.8019263173787
4794273,866281,134.3992443268811
4794274,597342,484.07935111776004
4794275,1860867,928.3797025699527
4794276,1187739,606.2445063573591
4794277,481124,20.888190863930454
4794278,1808004,902.4589826530391
4794279,1202804,842.396737843651
4794280,1539552,791.236701579176
4794281,1764567,659.9634065509513
4794282,909872,830.253803374374
4794283,1266358,706.1944905017895
4794284,1448105,233.97362292547163
4794285,759852,581.4802909696554
4794286,1398406,715.7112527452446
4794287,531282,316.6027992982078
4794288,1016433,38.47490236412809
4794289,1418652,179.00305766954529
4794290,1875675,671.9408322381292
4794291,1822847,123.75989021447653
4794292,1411390,888.9312955553052
4794293,273443,531.3569899895195
4794294,1424333,772.0764015675092
4794295,624164,625.1694546686177
4794296,71501,155.07547674029686
4794297,1754026,857.9225216064788
4794298,438466,394.6708744261175
4794299,1261921,917.9991421033961
4794300,1709186,415.7081931181866
4794301,238859,930.150158845234
4794302,170543,585.3578812234265
4794303,1813546,532.9431827830551
4794304,32340,743.6365979402178
4794305,315242,267.7814743102903
4794306,1826761,627.5437229222973
4794307,1079916,842.3126948480115
4794308,1591813,706.2196068054648
4794309,1853504,393.5842812843868
4794310,1081144,362.19335352559057
4794311,228285,576.553475906954
4794312,526209,751.827425339219
4794313,739899,938.1744178407383
4794314,915298,940.4384311345447
4794315,486198,680.7411585861812
4794316,1310107,846.6692220193299
4794317,909526,357.23117922522493
4794318,1693917,634.914397345401
4794319,213352,382.9683039855314
4794320,1871180,881.0672672495361
4794321,547947,590.1385876050279
4794322,1758354,324.6182349452058
4794323,1520184,597.0235536779396
4794324,866439,910.8434826873396
4794325,959108,267.0538506084
4794326,867180,566.025930789228
4794327,1298731,46.418263404236605
4794328,1178781,379.55714918552763
4794329,1913773,774.8622007078885
4794330,1190700,489.61306421080076
4794331,1218531,957.3986018940192
4794332,534763,338.73332349954376
4794333,1192435,426.0937015469043
4794334,698631,332.699335220764
4794335,282423,977.6580460113951
4794336,1600487,9.734415495917137
4794337,680519,958.6752922011409
4794338,1039804,471.23656610230057
4794339,632475,568.4234532277372
4794340,1734857,455.55535907643474
4794341,263035,922.6604575900534
4794342,624314,48.01647051413216
4794343,1128280,517.7967415489969
4794344,1272899,304.49489454128377
4794345,140149,133.19226037910326
4794346,834274,522.0279283905447
4794347,1664402,997.3125872789434
4794348,684662,522.4582380565807
4794349,1589576,257.38442248576786
4794350,562810,92.92236614087656
4794351,1097271,457.8622864908607
4794352,997275,849.6334545964546
4794353,1707624,494.42653405793544
4794354,1831449,508.57372546949097
4794355,1184950,543.0857958255756
4794356,1969217,413.79050559737954
4794357,297732,841.8093413568665
4794358,1468891,96.9872697894164
4794359,1819038,215.09818679548775
4794360,57806,592.4851749133354
4794361,1173019,436.53381566299834
4794362,944538,544.8900737447532
4794363,838957,701.2868642104079
4794364,1249403,479.8722480783685
4794365,597185,607.7171771269317
4794366,345977,70.63330733871243
4794367,15503,149.75392121170694
4794368,208702,806.4417883385861
4794369,1382044,287.94821818436543
4794370,1828869,759.0891076085785
4794371,1767954,548.8000650876137
4794372,37639,815.7044138451099
4794373,1797995,216.97680407024845
4794374,181053,345.5555400462672
4794375,1289793,206.22066668147764
4794376,1602575,445.73904774799513
4794377,232917,432.1265411996271
4794378,920352,136.86771592549385
4794379,1908023,558.2887657625098
4794380,1570397,776.4573237808464
4794381,122414,548.2627406735296
4794382,379298,76.0853783916059
4794383,1098413,19.364692673624727
4794384,266194,284.22851564142894
4794385,1046252,571.2683797296959
4794386,1865568,435.5265994617952
4794387,753601,858.4280591168648
4794388,1611937,141.58871744348744
4794389,1255128,141.9892663628509
4794390,1902923,464.03737420063993
4794391,414778,458.0888707740132
4794392,798576,962.4574033123362
4794393,901430,303.9563328125698
4794394,1410664,157.57264801607275
4794395,1027155,441.0127141272262
4794396,280419,712.240097345121
4794397,1334509,568.3855404639924
4794398,1345786,905.2938064149837
4794399,865383,675.4442909659882
4794400,718170,309.70862716459203
4794401,1520152,44.35898890288881
4794402,1656671,718.2130733932543
4794403,1378697,460.1442483437691
4794404,1658724,257.5948938210004
4794405,1765178,852.2367973077111
4794406,140410,625.1596214776442
4794407,1576850,997.4099932449307
4794408,18281,389.5567444402962
4794409,217808,819.2543486376426
4794410,44182,919.5194778999297
4794411,1839226,0.2898701163633888
4794412,540560,128.3598483311864
4794413,1929011,512.2156117605708
4794414,622732,295.39166668402083
4794415,154061,515.8450259455943
4794416,891860,66.66979888925184
4794417,1123316,456.3983685549919
4794418,1971011,520.9564097607855
4794419,1311430,148.73555143091232
4794420,1671844,757.3370501691486
4794421,532105,271.78734835050346
4794422,588741,315.40509468622804
4794423,1250966,440.43965799870386
4794424,156680,183.4702494202971
4794425,1161869,199.30069699362997
4794426,505244,630.8654075974796
4794427,1643825,640.5566866867715
4794428,443564,924.8538377070408
4794429,1102437,350.7449495011662
4794430,1908688,253.68734510425128
4794431,622457,836.4847357901908
4794432,1241206,345.9908135568738
4794433,40554,24.548866693614002
4794434,1619279,114.0450885943003
4794435,1314035,632.0516531172498
4794436,117707,35.0301020000533
4794437,20008,238.21834316698397
4794438,1167282,668.8766679792542
4794439,517729,595.8693212908236
4794440,1761237,188.6041258222354
4794441,1413706,345.51766771067605
4794442,1201748,168.01493850309436
4794443,1582881,139.2858242856996
4794444,90456,739.1666469066283
4794445,1021705,239.93242342951027
4794446,1708979,572.4103867230352
4794447,945677,66.21635090338384
4794448,828338,177.3887687285679
4794449,689638,12.696261408745691
4794450,816635,789.2263767498166
4794451,1420141,503.9790415483676
4794452,1889727,846.9763620209368
4794453,287016,228.40469433421174
4794454,419766,607.4348504186423
4794455,672650,210.28925541207533
4794456,247228,593.1427273056665
4794457,681205,599.1492009597195
4794458,1351386,200.65019170814912
4794459,1447832,47.697380341524486
4794460,1258304,230.98227159555663
4794461,353113,317.7373888436688
4794462,1076377,271.13816638203235
4794463,1742938,749.0599446112176
4794464,1940270,722.2662631853954
4794465,1174683,949.9161925722397
4794466,1813539,210.20257074204207
4794467,1415416,223.02120025441107
4794468,1708682,580.5461130819085
4794469,1815575,282.39701469630916
4794470,859625,706.6568845606405
4794471,231890,865.2089141421617
4794472,1666333,913.5892362108029
4794473,1933329,699.162635024849
4794474,1319319,696.666044996557
4794475,1235998,433.06708939676673
4794476,1982049,865.8262563108898
4794477,1970517,81.28060335440811
4794478,1510018,803.3375759307238
4794479,1330896,472.6360301946433
4794480,511718,140.4817458404579
4794481,778377,175.14591519965052
4794482,596762,302.8072970834732
4794483,1451802,988.3570534447066
4794484,1152958,418.94022451290994
4794485,252980,728.1472664011789
4794486,1941267,857.3207293613269
4794487,8867,133.6067486768927
4794488,1195213,777.4212330828639
4794489,1879184,704.0377864141599
4794490,1955738,573.0277573638274
4794491,688895,446.7260212779296
4794492,1221829,372.2584592387821
4794493,294824,388.68761199821677
4794494,1881487,351.739845976896
4794495,652076,643.7890111623963
4794496,1122022,120.5564481105409
4794497,909341,840.1130852565592
4794498,109536,618.8704346161147
4794499,322267,850.4496906537522
4794500,1872292,836.2481570444086
4794501,758818,309.30080254744865
4794502,858363,720.5393996948771
4794503,1620663,357.55174577318104
4794504,369310,886.8387999779676
4794505,1749323,317.4446866648956
4794506,1737164,40.800439298705804
4794507,1712519,979.18816288392
4794508,424210,418.5543902579822
4794509,996302,994.4891620641471
4794510,1301210,412.5984381436273
4794511,1617358,504.14454745848013
4794512,1942686,375.51825554855645
4794513,1582042,969.7378135691064
4794514,550099,215.0563158922335
4794515,450327,985.51522091744
4794516,1223418,343.064499032149
4794517,385831,571.3238771185386
4794518,240588,975.8194819136155
4794519,965856,915.996982317866
4794520,806100,729.8581209881803
4794521,199762,542.3990016999641
4794522,1629269,669.3497099769195
4794523,1125968,174.98303949526783
4794524,142104,582.7518199990311
4794525,692764,542.807673553378
4794526,1701346,30.554186376221427
4794527,642734,568.9431866088103
4794528,1807302,379.9817669813904
4794529,182401,213.88253689542879
4794530,1596881,495.3002461701238
4794531,1346107,63.29323744236226
4794532,1757901,575.5976661448316
4794533,1620655,59.031342996635814
4794534,1509769,788.8970822397563
4794535,1699932,96.43035852727255
4794536,177559,751.1223130486057
4794537,1653663,74.75281154931123
4794538,1950584,510.2261703113349
4794539,1614357,141.97460008153007
4794540,1067182,331.0422771152199
4794541,567492,809.7913963906148
4794542,476767,241.3472971192898
4794543,498288,877.1134018127768
4794544,691264,549.7131179638833
4794545,687295,482.338727296594
4794546,1385641,840.2355281902494
4794547,838987,327.8127715354138
4794548,1870678,319.49838662807895
4794549,615585,787.0234693706004
4794550,1295650,412.24241648852745
4794551,1926109,296.3889601907751
4794552,891676,350.3697518589051
4794553,767000,420.3010044117925
4794554,1580235,416.390765458443
4794555,575907,178.63843705164095
4794556,1236907,4.262682158035269
4794557,1783468,799.8236099362919
4794558,1941564,58.43416441363747
4794559,755234,290.28781838132403
4794560,1514606,981.2712146557474
4794561,153521,986.636748472533
4794562,1467214,685.8969222183666
4794563,664709,314.76270130447756
4794564,1532693,946.8581957844724
4794565,1425355,521.3556624458424
4794566,455974,60.7303547990512
4794567,777427,743.246931559669
4794568,136928,452.3941831360547
4794569,656233,405.95678755735844
4794570,1276266,907.8478417111942
4794571,1349383,432.5886956855549
4794572,545988,387.5075847970841
4794573,1884301,863.3934783241425
4794574,1145688,192.9049137357266
4794575,975397,714.5761021204374
4794576,1475799,378.5953012204293
4794577,1380488,21.461534861565767
4794578,493390,852.8724968132127
4794579,15851,921.3608824570755
4794580,413473,966.2309171549208
4794581,941882,730.7275191766336
4794582,781955,695.2631704473521
4794583,1186557,651.1250853721695
4794584,211267,332.9031397664635
4794585,1394693,937.4981001927861
4794586,417783,34.51592001115178
4794587,36755,78.21055558504297
4794588,1262490,653.4282145911711
4794589,1936694,325.75939722741833
4794590,1505197,643.4194341858266
4794591,888520,690.4333085890828
4794592,1443643,476.2460361872354
4794593,207492,670.9910384626118
4794594,1620440,296.5044432667051
4794595,1193059,473.0379555554558
4794596,110229,963.6699186679001
4794597,1917491,905.2114107708494
4794598,1861272,869.1841256078292
4794599,1276097,749.5404001385184
4794600,1449183,804.7449026552242
4794601,1487822,289.5050334470117
4794602,1376821,313.9192894177156
4794603,1154679,539.0482496611521
4794604,1660796,119.65136649683905
4794605,641386,423.99578960677576
4794606,429245,88.20299975875368
4794607,1333915,14.319403020991217
4794608,1680409,455.30101549504866
4794609,1318807,457.42820710300924
4794610,275844,16.400325640270275
4794611,848450,189.93366955140368
4794612,1551905,869.7952968166009
4794613,448080,993.7654879571321
4794614,859823,823.0208376020882
4794615,1968440,466.70875653110875
4794616,713433,376.72075784767634
4794617,1986785,543.1353528376663
4794618,356938,869.1006698141226
4794619,803499,994.7064198603387
4794620,1011271,268.5346253466088
4794621,653657,816.7680445037322
4794622,1830475,875.4924533862426
4794623,848525,342.34269482786004
4794624,545592,678.8063537371032
4794625,222001,318.7714167836755
4794626,638033,632.6047614855752
4794627,1734860,168.2019602439405
4794628,351926,635.3127606668241
4794629,1099148,757.0753163432113
4794630,823809,344.74281755794976
4794631,739205,244.18250937043717
4794632,751030,945.4398213060836
4794633,282635,796.5525794549852
4794634,793218,173.4464656048188
4794635,1511247,294.5618698944306
4794636,113285,891.6178887749974
4794637,1513722,236.77811965599437
4794638,1625663,917.2713578691303
4794639,982817,364.6451555082056
4794640,1343067,222.85723313264626
4794641,364869,970.575061807243
4794642,459589,869.9504670936426
4794643,549480,462.19475339900106
4794644,1615379,683.0622480865301
4794645,302746,106.06476596538705
4794646,1091544,903.648329911484
4794647,1251843,775.6326647999064
4794648,1274199,825.6073422662105
4794649,1450784,244.42455304495826
4794650,828290,726.6968787713225
4794651,94012,558.9075262445149
4794652,1315571,373.9921978761278
4794653,1881482,740.2275604587338
4794654,768743,29.78128394273316
4794655,117549,694.3828157939015
4794656,1464253,350.62438514833605
4794657,1848021,577.0598228747784
4794658,1549253,958.2048434671073
4794659,729424,944.1603354941559
4794660,701832,639.4344638609564
4794661,289530,541.0945665446121
4794662,1321911,653.6739298509758
4794663,516583,301.2361674027263
4794664,990557,765.7111372343653
4794665,1477961,446.1753456256482
4794666,408179,281.4978207704665
4794667,1037117,242.55493853074506
4794668,743028,528.8201991057099
4794669,1743604,180.56692122178197
4794670,1602227,875.3125377863422
4794671,1871058,544.4601083496282
4794672,1088134,50.984989111398924
4794673,1483997,638.0867502208529
4794674,740370,194.41455925438578
4794675,796629,869.6787322522645
4794676,1360689,379.78925475851855
4794677,1542311,761.4810433472834
4794678,1299149,119.13305540312192
4794679,30643,429.44946762515247
4794680,1285209,488.1301603815859
4794681,300757,53.27737211742922
4794682,77500,906.9801715949668
4794683,1700724,934.2029685643308
4794684,365499,868.4926596113355
4794685,136907,942.5010606283122
4794686,986777,412.7532695146241
4794687,1106039,355.45307010415195
4794688,363054,864.8621799453668
4794689,650263,562.0138759953039
4794690,389058,570.6402105934158
4794691,1809254,329.1954468287686
4794692,397255,928.6077899973129
4794693,1244198,183.81026382764176
4794694,1113217,703.7003353906862
4794695,1553676,305.0107568086843
4794696,236420,674.201103589099
4794697,977878,708.1614031214557
4794698,547648,776.2951127209416
4794699,330483,315.91888456868134
4794700,1934686,522.3719525173792
4794701,1848696,706.5571085813073
4794702,1449209,604.6953216893756
4794703,1024079,717.4497461430327
4794704,1839520,159.22648635432213
4794705,716601,85.44390680851544
4794706,1686797,400.4400341560098
4794707,1727578,195.94487725295363
4794708,1585768,106.06686428604783
4794709,1701289,228.11678609036701
4794710,1029188,686.5704120605684
4794711,1592440,108.04728450433953
4794712,35607,965.3237141649231
4794713,1417983,136.45953066183003
4794714,62826,213.11708975921806
4794715,1676744,646.2341631373591
4794716,367524,311.2131378090508
4794717,933937,691.1590871240626
4794718,611104,461.6998868233727
4794719,1498282,154.17565428981894
4794720,497575,456.11852491481363
4794721,739784,613.1542232083657
4794722,538952,257.5346644295803
4794723,113036,839.8183381546077
4794724,1951574,133.89657620157948
4794725,866749,329.26888770641494
4794726,1146544,898.3675955568909
4794727,812818,539.542182116439
4794728,1216437,829.5778781025698
4794729,1377045,902.9129606961295
4794730,1134039,934.7918954724155
4794731,1765685,147.69990431609682
4794732,1436790,730.7102842280326
4794733,1717470,998.1964601979355
4794734,1820088,996.7240943702681
4794735,705037,762.8354872298964
4794736,174567,465.50473395078194
4794737,951751,195.72181868273807
4794738,1982130,908.2618592592216
4794739,623273,63.636814494477115
4794740,963284,663.1253977463997
4794741,78388,155.18753774127825
4794742,768763,51.790262399661444
4794743,722251,559.188356169071
4794744,1608525,832.4114104261743
4794745,1123450,76.90656712534593
4794746,605054,523.2778985800333
4794747,764479,989.2787257705107
4794748,1595339,40.277745773609766
4794749,557261,378.3768202123714
4794750,341508,924.5488523999054
4794751,1806339,805.8782203355555
4794752,399700,401.798194036031
4794753,1791896,499.9605724096285
4794754,1173051,343.90696640613317
4794755,1233454,998.5058202938169
4794756,526423,218.84870268804747
4794757,665044,58.62282675440489
4794758,840257,264.1785280347759
4794759,394092,409.07514602186023
4794760,1506352,678.1700844367901
4794761,1932791,130.6786325116156
4794762,1766296,333.6381936573358
4794763,1851557,139.024923134768
4794764,670772,930.3767540840582
4794765,60134,685.5473211342189
4794766,1086554,605.4703913539481
4794767,1791813,971.6933751464335
4794768,487550,966.3310474097573
4794769,1824478,90.69538540320343
4794770,1625402,270.35608313020543
4794771,1100310,163.85347322158006
4794772,744759,265.1598705192918
4794773,1015644,648.1850111467592
4794774,1536557,675.649460629638
4794775,1652763,645.9585293792104
4794776,1091208,35.8770630184726
4794777,258080,593.120757535126
4794778,1769675,305.65126895762893
4794779,1859447,946.7067783687882
4794780,1112049,4.426257604396744
4794781,492065,130.29871539095618
4794782,1104573,182.35422144766
4794783,609113,249.63500918683167
4794784,949127,598.8435243808409
4794785,60034,50.68687986393616
4794786,1365290,54.13858998666654
4794787,636484,63.18994077368689
4794788,1616749,857.100082026668
4794789,562597,45.234439654399
4794790,78403,764.1058144246969
4794791,728048,677.4959667789399
4794792,1600119,516.5973515589393
4794793,1515750,148.31230709783927
4794794,227828,835.526145445024
4794795,275416,70.66796734455328
4794796,880996,225.61650224260777
4794797,1570282,848.0867678476832
4794798,139567,273.8253018613186
4794799,264277,262.83500488820164
4794800,507839,809.9487122137792
4794801,1255326,561.7303525429379
4794802,1146718,548.1311481903216
4794803,338416,437.1332526132787
4794804,1687898,384.3210168777591
4794805,1893828,808.5253582668333
4794806,911213,509.74718950479416
4794807,393534,521.1846351877002
4794808,1030766,14.373431844471373
4794809,631472,51.934966692164906
4794810,176121,255.99161768663248
4794811,1448172,651.7516094640193
4794812,154586,229.0022801542837
4794813,1240729,710.299890221525
4794814,165026,328.49068873332163
4794815,1654627,815.4874424617225
4794816,711550,244.90013833185776
4794817,1897617,752.0371869596185
4794818,1445233,114.96805265919596
4794819,1700109,490.4883613389258
4794820,518076,507.0093886650573
4794821,1554975,951.5144191028078
4794822,877,419.4322678045577
4794823,1026878,811.5856759719769
4794824,43411,454.1512755607295
4794825,1952236,751.9701629331984
4794826,1087304,190.90553996583915
4794827,1703990,386.24625900747566
4794828,945505,93.96273384674969
4794829,1098912,587.144259949765
4794830,1950249,715.8133311000648
4794831,250187,621.215638532524
4794832,1113916,493.00532597128375
4794833,1669721,888.239019438017
4794834,219166,841.0901687332479
4794835,741548,240.64369460075753
4794836,1571828,55.91946951316385
4794837,776762,141.40178936848469
4794838,1362473,208.05519189239664
4794839,1308361,526.7633950860304
4794840,1894319,53.07290312665447
4794841,477606,666.4192259281367
4794842,283243,42.14814471196049
4794843,272855,871.0055206997656
4794844,1652393,252.45665795790583
4794845,23576,22.439936503247495
4794846,754297,808.5429367021867
4794847,1006328,147.8588403287272
4794848,1683599,383.656610953089
4794849,1707794,483.3654535917901
4794850,597058,353.1997168560502
4794851,1673343,611.3353307627776
4794852,1059200,96.48568170146288
4794853,1424443,95.51548830413925
4794854,353314,894.6786339676072
4794855,149465,844.455020981522
4794856,1035944,833.0906912769061
4794857,1516301,774.0998709900311
4794858,856079,102.49424763407022
4794859,1217552,379.9822675875989
4794860,107138,790.7144003427554
4794861,1425588,413.11659131591904
4794862,5989,228.2936595991817
4794863,663410,54.36084410918796
4794864,59824,765.3334924033643
4794865,811003,385.10771840504543
4794866,756056,878.9168993816929
4794867,180567,789.4119032886339
4794868,1568897,908.5236671797206
4794869,1705831,261.69213739717776
4794870,560893,114.54847514396438
4794871,131207,247.4120645304273
4794872,1743087,371.27507016065067
4794873,28157,496.6713370031227
4794874,718916,604.9349325722551
4794875,1266651,578.6277415194708
4794876,1718090,564.502928399357
4794877,377824,922.2378782808483
4794878,2020,122.10463585355058
4794879,845686,91.79463173595681
4794880,1295984,527.9614761912608
4794881,1062650,282.10683073870234
4794882,206758,59.443543044227276
4794883,581046,768.2385201914826
4794884,908325,278.74820279296995
4794885,518013,439.9584491495009
4794886,1337871,620.2226537703399
4794887,14066,369.99372235261495
4794888,1202615,302.70853496630247
4794889,1722659,806.0725689703571
4794890,870130,200.1501532291834
4794891,140739,238.55607447406624
4794892,1772241,742.5029972679107
4794893,1885438,988.8839508813375
4794894,1754903,833.0362767949954
4794895,1066969,389.67876532647296
4794896,739823,282.8428845074882
4794897,294117,53.345623338251215
4794898,153469,581.0189164938928
4794899,1334142,669.2587378349823
4794900,1364730,963.1351569091865
4794901,1988613,752.9336596404232
4794902,1953992,470.06227894895744
4794903,1025330,347.30385718929756
4794904,873973,225.73976895704473
4794905,882699,482.5932475004212
4794906,1108926,221.02518900394907
4794907,1862635,215.26800030958194
4794908,1484381,593.7537211124618
4794909,1835250,420.90759616387686
4794910,609908,996.9223478861217
4794911,409583,431.73295066552043
4794912,850071,587.7715876926617
4794913,146293,485.994470438064
4794914,1994254,823.5740638643089
4794915,1875289,369.4149984595274
4794916,914826,817.8725711299059
4794917,1405978,962.701705238475
4794918,84780,373.5437178420703
4794919,521005,61.57107559574526
4794920,829653,715.9732765315849
4794921,1699808,407.05953513571825
4794922,313192,796.3539210294526
4794923,1941281,458.73675859639405
4794924,182819,554.8570132117842
4794925,1157263,183.0050476522611
4794926,1459460,80.08433224054289
4794927,941681,189.88697183577696
4794928,872483,293.2143025229542
4794929,1195428,518.3502877766509
4794930,1345834,623.5964917558407
4794931,1379302,399.9821215614039
4794932,1484188,309.85273794853606
4794933,144862,610.9201799286683
4794934,1865940,852.18278510698
4794935,913260,204.73900663013478
4794936,1279142,273.1750579616528
4794937,194928,197.71829354537905
4794938,1979730,624.160218732321
4794939,1187157,481.5085855578135
4794940,1905403,621.7803649352546
4794941,1883723,292.73698137666906
4794942,1301618,137.95378025405958
4794943,1060918,892.3927934873998
4794944,1222515,405.68274070822616
4794945,104974,972.3418371456618
4794946,1089987,79.04882777250054
4794947,151013,924.1033265278409
4794948,338070,411.61070777594534
4794949,1081877,157.62920097030565
4794950,308602,848.7200776458958
4794951,1234069,212.34531718527506
4794952,756307,535.9704183245993
4794953,727588,124.2566883166536
4794954,802558,130.92261013326788
4794955,1059863,802.3625158051382
4794956,599640,600.5196434043431
4794957,1274422,822.3319383046024
4794958,1134087,503.79212073572467
4794959,441782,259.24764328719897
4794960,1525762,163.17977859167087
4794961,1306991,169.23999057253792
4794962,1625065,745.855171275266
4794963,262069,581.1153152564311
4794964,1824636,153.65331643110525
4794965,1056803,990.8978288157601
4794966,1003512,366.67698042387195
4794967,134128,756.5435298321484
4794968,900844,263.93692806316517
4794969,1847176,732.8202706776118
4794970,1968908,384.0334514134557
4794971,442134,37.980266270902675
4794972,1756752,210.11793001257195
4794973,1222023,989.4179066483844
4794974,1576748,635.9186274765385
4794975,785415,740.1195002573835
4794976,1658735,126.08750501799138
4794977,1723554,152.85087201674062
4794978,853584,851.294380774714
4794979,1690967,703.4928564142986
4794980,1325428,183.44106617890031
4794981,1274378,453.1331280474856
4794982,486471,188.34160246167863
4794983,1238246,747.4868322356529
4794984,738377,537.4983568734605
4794985,1754431,97.33701693939389
4794986,632985,659.1338472987259
4794987,44267,775.7905908506057
4794988,1520760,717.0908565665374
4794989,1242952,489.14369283803194
4794990,583620,577.1166673004027
4794991,620160,948.5289924843073
4794992,634293,741.5268522816981
4794993,1117816,319.5898468794379
4794994,598793,566.6535853526148
4794995,1782638,319.27921132707036
4794996,66425,893.7306573792517
4794997,552898,11.41675656417085
4794998,1418832,400.0737230806577
4794999,323422,91.45873573356033
4795000,1420831,119.30735046396468
4795001,1199929,645.6872297120408
4795002,478356,348.9400379952704
4795003,1823613,53.485018618501414
4795004,489457,887.1798994397247
4795005,144977,81.53945615046077
4795006,1577376,762.4597898823741
4795007,843065,488.09409516090807
4795008,1076459,992.0240256924737
4795009,882082,40.49944733146338
4795010,809041,442.8128054274566
4795011,1971202,661.4366239166891
4795012,1247484,190.83677505940145
4795013,45989,103.80771736316252
4795014,115672,365.7069599144357
4795015,928523,741.286416907255
4795016,1317189,915.7964872752639
4795017,657909,615.1617867109665
4795018,657781,986.853106887731
4795019,197768,147.01655678745985
4795020,1756633,232.32843898827315
4795021,233232,993.9704543684383
4795022,1938365,786.1842505176916
4795023,1205998,456.0682107771571
4795024,1352828,356.79910267385253
4795025,656789,945.6618340704817
4795026,920533,831.5269055285175
4795027,181814,82.45788241676178
4795028,1089124,412.51919817061076
4795029,1055237,505.78218801234107
4795030,1721909,992.06513384146
4795031,1527195,2.4391993088388464
4795032,12028,685.7439738107732
4795033,1004418,773.5678990465925
4795034,327015,999.3205200194285
4795035,1067224,830.7552837244017
4795036,1793692,445.11669678113975
4795037,1219731,578.3682610383092
4795038,979398,839.5044534802986
4795039,978283,547.9885598830348
4795040,1306066,408.50900679662226
4795041,1329246,178.7421965705287
4795042,1622465,965.981883525262
4795043,793942,145.33460951149124
4795044,266653,180.47020434414708
4795045,200557,419.2470099674107
4795046,1722902,544.2177713718298
4795047,196825,387.6975268121364
4795048,1366958,441.5046184976259
4795049,1662315,563.8829096234911
4795050,1374103,383.9617618208182
4795051,1854393,799.3242974865011
4795052,1796902,347.1544032075661
4795053,335204,287.85237792336704
4795054,1959272,374.55760759201684
4795055,580733,848.265749216023
4795056,17371,490.3730890260266
4795057,895497,40.73832099075248
4795058,812096,119.1483519602815
4795059,1207724,146.77274039120636
4795060,1905427,894.9325373053699
4795061,1010282,194.40079913638286
4795062,1962788,62.17987711899553
4795063,1203985,294.3054449661835
4795064,1878728,840.6141110248805
4795065,1369275,57.83718933791582
4795066,1665584,721.9889697662811
4795067,1374077,448.75621310047677
4795068,1405816,768.1551158301293
4795069,1815178,996.4925921223743
4795070,484707,872.6928474715412
4795071,1818844,310.4470648742802
4795072,661009,978.9459064630328
4795073,1275054,511.99797098440933
4795074,122046,866.5434357508705
4795075,407890,697.724260233019
4795076,1632505,730.7566310180124
4795077,1921489,953.5712754292557
4795078,642098,234.51241341380313
4795079,1493980,750.0968367731945
4795080,131402,579.6030530113336
4795081,424819,217.37596423612126
4795082,1401583,438.4290667521099
4795083,1550468,617.9736652088096
4795084,150858,807.2516426917756
4795085,1238456,838.6388361439319
4795086,1963590,0.6819811090837957
4795087,1781372,936.2303836316804
4795088,928,247.32757013414397
4795089,1885951,367.0849085342124
4795090,253877,237.2480176987506
4795091,1510353,461.9353430915394
4795092,957888,966.3184317371083
4795093,1897340,259.3595752901319
4795094,428337,107.96480335823844
4795095,824109,580.0388197794804
4795096,1474932,670.7944300622819
4795097,675350,336.71835686733743
4795098,86117,696.9723383687963
4795099,1715431,736.8331248861663
4795100,363118,790.1481018956554
4795101,175962,29.233751257926045
4795102,1898762,440.8008983239402
4795103,1247344,846.1429993832105
4795104,483469,617.3548398611072
4795105,377045,223.101752452484
4795106,1431872,989.0508706527642
4795107,149343,492.5289891354475
4795108,889104,442.75353014379226
4795109,590797,144.29282544132428
4795110,1414967,386.07469683469765
4795111,1131930,971.7716210677039
4795112,1048481,86.52755160620063
4795113,1728288,326.6664266336022
4795114,932012,590.2011775916485
4795115,215106,871.0798811447299
4795116,1652085,352.49614194335777
4795117,601887,977.5105674345289
4795118,798624,367.7391349548599
4795119,1726080,373.7127144063803
4795120,1614296,910.9197713122946
4795121,897228,304.29922740968476
4795122,1664261,931.6304535988031
4795123,153962,697.1296755336543
4795124,420749,651.990332264571
4795125,42387,31.627815620566935
4795126,1390314,560.5615590985685
4795127,516816,479.56048169897946
4795128,394295,132.99455563627538
4795129,593372,819.479936413059
4795130,1190226,26.80806315289097
4795131,541331,741.9702041539596
4795132,1827491,384.81002378829055
4795133,1655947,797.0266956802483
4795134,107395,637.7571324778504
4795135,1841993,200.0661414750119
4795136,686273,635.987884654823
4795137,1102487,271.92103032656803
4795138,40646,598.0772081937138
4795139,1405305,687.789026540814
4795140,1209184,512.5599847069683
4795141,1173446,56.92847348057928
4795142,1718565,521.3370977658382
4795143,50010,864.7369564071645
4795144,1604854,939.7703343554381
4795145,1320305,56.91588076058507
4795146,1841067,902.3230810239749
4795147,1979289,716.2804690899006
4795148,1088342,871.9210292440292
4795149,1341254,420.36663410251197
4795150,1009447,108.37338558248877
4795151,832656,125.63530222776143
4795152,1372152,582.968280980201
4795153,351234,314.4738724318361
4795154,375658,163.86920065889765
4795155,315280,786.4168457295664
4795156,146229,325.6992655037427
4795157,280499,856.4962320478144
4795158,347013,286.59205527562995
4795159,976409,932.208375128492
4795160,645768,438.88542820670153
4795161,942989,787.9775758277946
4795162,212303,173.5461190511345
4795163,1776088,571.3658805486971
4795164,301704,364.2530277291166
4795165,1928392,109.57672290459253
4795166,1254378,872.1841646961162
4795167,1299160,891.449360257547
4795168,920695,51.116025207817664
4795169,825082,300.6674222127371
4795170,464932,419.2829547542246
4795171,1585562,715.8783375500344
4795172,942499,884.9522072576138
4795173,1179919,706.5662063936556
4795174,347223,283.52791531458286
4795175,1079288,959.8485689814561
4795176,1225530,855.6698741127447
4795177,1063971,722.1522294456328
4795178,1819677,259.4425277971415
4795179,515923,698.0216713473895
4795180,1310534,599.3356489793593
4795181,1057546,220.52033371835944
4795182,917005,451.4369089530358
4795183,1423505,101.15168346622127
4795184,265191,74.41408013521212
4795185,1261879,899.9506613900863
4795186,400418,181.4350037965734
4795187,1372228,685.9558823011915
4795188,14254,738.7707457687392
4795189,535827,995.9740345587193
4795190,29189,595.1338536170921
4795191,1190596,759.2352078874707
4795192,1837742,695.0242355834356
4795193,631014,962.409019913914
4795194,1523783,374.3118582123046
4795195,113288,314.6096963169217
4795196,214748,663.9149916109257
4795197,660240,629.9010352667431
4795198,121062,929.9101377733342
4795199,1742718,502.8103510603963
4795200,817910,119.08108174737453
4795201,674955,360.85716864195996
4795202,705452,941.5644567991098
4795203,266371,417.7235166168427
4795204,812840,849.5186232529925
4795205,1123779,408.7060594494284
4795206,711698,110.24056435859542
4795207,437204,260.39876918362194
4795208,1269454,734.5959767913859
4795209,1088047,71.18820418528071
4795210,1952456,706.2319928769084
4795211,808982,713.4734220301902
4795212,468959,330.794763684654
4795213,687380,353.8164416332218
4795214,61945,416.3763617124142
4795215,732954,419.77762649961846
4795216,1785004,32.643389449081404
4795217,228414,640.1548544860648
4795218,297356,449.4054767392742
4795219,135448,38.76789922095447
4795220,357662,495.492468490202
4795221,725443,382.7209122184252
4795222,1711840,522.3236458305925
4795223,536566,958.0290852841048
4795224,470650,716.9520397859831
4795225,1386565,474.2701763400866
4795226,1441422,46.99737070528831
4795227,1353601,863.0611691649435
4795228,423711,291.97463585570085
4795229,286896,132.07500808113372
4795230,719923,665.0041804016209
4795231,1945392,838.2942906511073
4795232,1261638,68.48273361317447
4795233,847350,144.40963002181428
4795234,718463,851.976906670206
4795235,321127,485.7513515946178
4795236,65087,736.1024751272423
4795237,497113,188.80589196105956
4795238,1018072,377.3184490688081
4795239,1890097,705.0047673663155
4795240,121785,779.9800936385229
4795241,1622688,635.7453892783284
4795242,166069,302.25277401348706
4795243,1358723,279.0498700256443
4795244,1252216,724.8217401946482
4795245,1164383,799.3055202884424
4795246,1383569,81.96458540300178
4795247,1185278,255.44448832523736
4795248,1548319,681.2104401931335
4795249,273714,987.878142601071
4795250,1046690,422.17119485511813
4795251,478636,300.5407183187837
4795252,1357927,886.9194720544767
4795253,965632,943.4311575893057
4795254,1513495,980.1080456564014
4795255,62528,736.8611108525458
4795256,48996,210.354306979214
4795257,1217723,336.8856614488126
4795258,868442,135.59876338211018
4795259,1994713,849.6485561827272
4795260,927814,451.41968570709787
4795261,797901,944.2160936987332
4795262,1398557,910.0314346709022
4795263,1356640,504.7584133284351
4795264,45005,636.7447154789978
4795265,504178,888.729155672287
4795266,1712673,183.8007958253024
4795267,1629376,163.75204565689572
4795268,1723111,679.0917895237583
4795269,1082145,766.857019853234
4795270,1351728,214.45070742319783
4795271,1489555,344.77109550625664
4795272,1968763,733.6253745172777
4795273,1272333,83.64342763389155
4795274,1835517,862.9447985604123
4795275,1740419,104.89611187680903
4795276,1001340,726.7648742089475
4795277,902029,960.892471661395
4795278,743613,891.1253648944657
4795279,1449900,257.08005001529676
4795280,1445919,566.8919011314485
4795281,678965,256.59888535720796
4795282,720210,656.128421029871
4795283,56527,351.3503253424304
4795284,1196073,662.2321543525854
4795285,800798,796.327093381024
4795286,1782804,902.5350370046233
4795287,1994634,122.1210015390407
4795288,1671859,718.0748770534346
4795289,1841827,168.8345019504076
4795290,199692,434.89068088211616
4795291,107939,962.3806549754966
4795292,1047909,19.69208227523822
4795293,703006,405.0002949884969
4795294,1720628,624.663846271934
4795295,733759,433.758408201563
4795296,1382971,325.43845030519583
4795297,1772848,356.1913843194209
4795298,267705,226.22300000533835
4795299,56995,177.91607707756273
4795300,841924,999.3962772532029
4795301,1088503,54.01752342365651
4795302,934074,715.668117724679
4795303,946043,419.9098293883813
4795304,875358,236.56191996542387
4795305,650454,767.9973832603977
4795306,1329159,324.3616613567457
4795307,1365648,548.1100435267443
4795308,749179,175.95384756095945
4795309,473393,880.9787809306737
4795310,938595,115.7610654157215
4795311,1339024,17.96306485200172
4795312,45792,358.1541280883977
4795313,1133231,74.22537319151623
4795314,913219,849.6629186995654
4795315,232650,58.32435750899001
4795316,742753,363.67933102110794
4795317,583671,654.9030152526219
4795318,460941,992.2268025068128
4795319,1951599,359.28748679951104
4795320,491007,48.84817354322879
4795321,33152,884.6564526032552
4795322,930130,783.1468115763641
4795323,1280340,89.37892122813807
4795324,1651839,774.2291013527544
4795325,722217,913.8101679882876
4795326,927035,772.0403063378943
4795327,1463521,284.87563075576173
4795328,65463,497.44547514441973
4795329,789950,301.2260315314923
4795330,848955,242.11432825033208
4795331,1220347,791.6916266494717
4795332,255755,253.19450947295218
4795333,720308,658.2187853123104
4795334,1780339,4.49174109463546
4795335,727915,677.0046971055591
4795336,1564375,334.62077109158884
4795337,887273,147.88391454918437
4795338,1371333,736.3605322535634
4795339,1482398,228.83777337029508
4795340,1153546,912.7405885093015
4795341,407494,728.4880493422107
4795342,205802,639.9755298694104
4795343,1661001,693.7295107415855
4795344,497341,645.8298413414136
4795345,1529772,579.8519457873674
4795346,1746116,451.38935575283347
4795347,1818603,624.9403075036024
4795348,1370531,768.6927832244877
4795349,156391,491.86001228899124
4795350,906795,278.74928008498887
4795351,651689,585.42270804065
4795352,1248666,683.857069430144
4795353,297356,176.7556189136379
4795354,314515,81.42645297791395
4795355,731443,544.1115649284976
4795356,543174,554.2074535190195
4795357,1865094,268.59740153627286
4795358,652551,208.48798626395893
4795359,1356621,555.314246399568
4795360,718670,550.4148624311989
4795361,1466561,215.9768146854637
4795362,18902,255.77736243865357
4795363,715322,954.9407375928378
4795364,1125156,773.3681729338192
4795365,1113793,758.8794871444161
4795366,88051,782.8965150796465
4795367,1278352,529.5819965266866
4795368,1314614,715.1711326654274
4795369,1480044,853.9600102302459
4795370,881998,651.7573295878904
4795371,1762466,16.88562463029919
4795372,1222052,978.4541308807829
4795373,56455,797.3091897232571
4795374,238298,176.63714972454682
4795375,700721,617.161241484292
4795376,931627,407.8216237442367
4795377,1914415,508.85257504679817
4795378,248399,433.2539002965392
4795379,1573357,652.0118407507714
4795380,1475589,412.61231866005653
4795381,27067,737.1721152303527
4795382,1717300,314.22572407081685
4795383,1306519,650.2168547695288
4795384,37465,390.19203617546174
4795385,560775,50.819031707285966
4795386,783288,832.5544937059313
4795387,243917,142.87871150788433
4795388,734766,523.4389285892229
4795389,1080837,48.24617904352546
4795390,591902,264.1229121724574
4795391,1677539,142.087805469435
4795392,272629,658.0260127067268
4795393,691563,372.81878577236637
4795394,732050,27.715932449579373
4795395,383909,349.0380696190309
4795396,35737,941.2861886965482
4795397,553588,209.72233040837486
4795398,1115192,567.8198850573474
4795399,1462174,33.383236992823306
4795400,1933611,879.2843127205488
4795401,1306140,788.3212640263243
4795402,505077,114.34405243265056
4795403,993074,500.1702441019761
4795404,1989129,283.96927402519157
4795405,1289311,407.5435977352543
4795406,1215462,19.312677773841713
4795407,1041166,178.605081002999
4795408,854724,69.64569945042531
4795409,547459,429.3439177263032
4795410,1053910,826.1536528139729
4795411,938940,297.61264796082196
4795412,1816014,976.0166719611392
4795413,1248297,405.7799263833144
4795414,1241260,777.288713926888
4795415,286041,724.504976521007
4795416,940758,649.5591220239354
4795417,1754968,158.83169676971264
4795418,555361,542.565883881396
4795419,1943305,658.983043237235
4795420,490636,371.9551409587225
4795421,665025,681.9644440787689
4795422,234499,673.1536083133817
4795423,955296,725.4282648374995
4795424,1058067,249.2690238851273
4795425,741992,344.1091659200611
4795426,1121536,488.40774066819205
4795427,1308597,719.0738469107774
4795428,444143,349.2749851177131
4795429,94325,573.9894950900043
4795430,1161420,443.074008365217
4795431,679070,952.3608125212603
4795432,1856594,135.22688559501762
4795433,1668609,736.1723599417072
4795434,249009,108.65488346209051
4795435,1375045,686.3297499189027
4795436,1007570,817.9549051376569
4795437,1214968,754.9165210450927
4795438,191166,296.75556429562056
4795439,1540936,446.4635604179936
4795440,141221,785.591332822213
4795441,913240,602.858437098643
4795442,1877507,35.92742830935658
4795443,1653429,276.27597135686875
4795444,1627631,318.0306260573642
4795445,1523237,845.5911760679065
4795446,1136352,149.19899011657688
4795447,1864278,547.8618381781895
4795448,498516,993.4562483795381
4795449,1425295,652.2969557854457
4795450,198185,807.2909963999724
4795451,47861,790.8860880224537
4795452,1709716,605.1740140649332
4795453,1834049,643.1403139471654
4795454,891084,818.0927154792331
4795455,1087142,735.8230679994505
4795456,1646076,401.87722449199936
4795457,737211,844.207698483756
4795458,652866,718.1352320821894
4795459,564547,239.47519129974947
4795460,1595075,767.0098992524142
4795461,111429,889.286086729875
4795462,159999,50.88168608932497
4795463,424042,748.5499094128506
4795464,1266837,851.5128250206864
4795465,13361,171.321141472629
4795466,1958852,17.789906871343074
4795467,746391,19.645202658605477
4795468,1294472,897.1149156790639
4795469,939143,107.08856082080686
4795470,1016309,54.90251416069736
4795471,747748,566.419672352665
4795472,312695,102.19990944762746
4795473,1154425,984.7730456762282
4795474,1978202,520.0107123168013
4795475,852277,295.4139048012978
4795476,1693514,51.84561546204436
4795477,1653663,348.09498765091627
4795478,708418,391.3560288639994
4795479,1570490,406.5453334375786
4795480,276795,490.8217116528153
4795481,1049186,891.5397506104188
4795482,1986276,59.72638039366962
4795483,1585018,317.6925433484429
4795484,667447,390.0436779097831
4795485,1760859,521.0883243326272
4795486,1755768,709.9171870374925
4795487,60768,128.06942892809514
4795488,1111532,956.4745197480038
4795489,29135,270.7835885692683
4795490,871317,178.5294515812056
4795491,1760664,501.64608471639826
4795492,1802128,414.76412102851754
4795493,1567115,871.5626398501739
4795494,91970,413.83948170055794
4795495,1469457,727.9576639042584
4795496,1596326,972.0356532738442
4795497,254588,468.36515436614167
4795498,1846497,721.5426162111554
4795499,1665221,5.479297690464402
4795500,451529,69.82988686588575
4795501,1703540,17.869736224164214
4795502,613413,712.6294329160041
4795503,581676,590.8406427545361
4795504,1451515,140.22728640538716
4795505,1456482,140.8763068701615
4795506,431593,143.0725488247555
4795507,518445,565.9575365209964
4795508,1838855,237.7133183972766
4795509,824421,909.2166430557113
4795510,1802441,956.2237799927691
4795511,532867,597.2558724926533
4795512,1113750,467.1252844919146
4795513,1099469,323.9242063856563
4795514,1941937,755.9258295574358
4795515,1402827,144.30524653200882
4795516,69113,496.8253988719752
4795517,1949235,103.82665252319046
4795518,553344,749.3825691261192
4795519,1073370,433.8168677618185
4795520,242020,644.6188894076179
4795521,1616237,780.7808232136639
4795522,1059805,343.83788033228836
4795523,299460,374.4623739406889
4795524,15391,494.280877497427
4795525,1446250,403.37636304459534
4795526,1629600,828.1549459309442
4795527,1142748,526.1029681122362
4795528,1722259,293.8098370186477
4795529,1465318,805.5313766307762
4795530,1353983,193.49177104554173
4795531,34967,518.3782002572475
4795532,1414515,219.6064667826304
4795533,1550179,842.5830759082569
4795534,854862,533.098614003666
4795535,91806,312.7084914879944
4795536,923672,709.0654333388097
4795537,1510868,128.67650680513987
4795538,975,140.17668138227913
4795539,188291,111.14256676860657
4795540,1924071,625.50236574145
4795541,782783,444.9778742617273
4795542,724184,518.467756612003
4795543,24035,585.4366296290427
4795544,1610016,664.3250355364249
4795545,1338202,904.7677354942856
4795546,979503,704.0137828149429
4795547,42296,411.3163843255071
4795548,1030894,276.3677583655312
4795549,1648631,673.3760678459656
4795550,731211,524.2078555296662
4795551,665528,941.7870669443639
4795552,1508685,815.7161221724143
4795553,994860,642.2612669451071
4795554,534571,127.50240304806526
4795555,1306093,259.95434999948463
4795556,739915,779.744042073209
4795557,261143,818.9731697732625
4795558,427222,42.028068249246544
4795559,1955883,466.3605786610635
4795560,1384168,454.1900596402575
4795561,770159,459.89550170167416
4795562,550622,602.8073658509345
4795563,1856558,0.49582659035762866
4795564,1202658,103.27661470661742
4795565,1033639,458.66236670193183
4795566,365472,862.9757926399558
4795567,1683804,901.7124840953577
4795568,1117440,105.4380172672409
4795569,1676780,654.0886069531548
4795570,136894,254.45194522052162
4795571,339698,254.2979966735368
4795572,908336,193.3102678200256
4795573,833663,303.5525656374705
4795574,254908,996.6175867495998
4795575,68733,386.5940901132909
4795576,162740,187.79798181540653
4795577,180103,260.9685762810965
4795578,309543,278.75584118922217
4795579,192958,857.1922677789105
4795580,680375,165.46757976128035
4795581,1769197,853.2865856169958
4795582,963976,456.5505579779291
4795583,818107,92.00250641534868
4795584,436299,244.43036801786522
4795585,243230,978.3068500476813
4795586,777946,780.3553847077909
4795587,1120820,225.6959183262668
4795588,1039002,79.61859512427894
4795589,341912,438.3159287340616
4795590,171357,73.54139406692461
4795591,487941,911.4276757913909
4795592,1997284,72.96310482449752
4795593,1963328,149.55485249943933
4795594,1947331,854.3511945123439
4795595,936778,978.7433398878419
4795596,1870651,68.689388395337
4795597,1285785,445.1186985934428
4795598,985354,235.4615354935764
4795599,536861,437.36853539013066
4795600,1639372,492.303493275818
4795601,1238805,52.0348451204744
4795602,1433137,411.1230066609981
4795603,960592,630.104046895795
4795604,186452,178.19136536579293
4795605,969,763.9898424765197
4795606,343289,867.5589843721984
4795607,1591198,890.7431062034738
4795608,1978084,613.4669821659494
4795609,1072467,596.9764931377587
4795610,761390,475.5741119600643
4795611,1167105,210.5466325354015
4795612,348865,491.0360051796656
4795613,1021170,478.3953401575789
4795614,735438,134.80203188524354
4795615,984660,210.44283020384492
4795616,877226,604.407469496108
4795617,1779933,701.1309056196816
4795618,1910628,790.0245800546155
4795619,1700925,549.7015335545589
4795620,443601,909.4141463838098
4795621,358911,363.17242515099343
4795622,273596,395.81110529337013
4795623,992281,454.74557189131093
4795624,370386,165.78148319195952
4795625,32473,590.5170060492185
4795626,790742,418.8038123654927
4795627,887629,721.850227950623
4795628,15124,544.2319032288741
4795629,1395095,444.00459579313645
4795630,129598,94.34968450068936
4795631,720406,172.83435836291872
4795632,657043,584.9784928825017
4795633,1891158,220.1562850943961
4795634,1955335,665.6484393709582
4795635,1055680,836.0126740201194
4795636,1869410,841.4183743112985
4795637,784909,142.20198716658362
4795638,131762,490.27571982320717
4795639,975613,612.6259610880259
4795640,1996514,636.6053475646971
4795641,243140,108.68352268562043
4795642,825736,973.9942472927281
4795643,1767741,829.3955190584941
4795644,759073,319.8112346734361
4795645,417474,309.1942441645356
4795646,1472787,893.4017549594862
4795647,490488,262.89350386506516
4795648,60861,615.0685192887122
4795649,367073,459.90739647510117
4795650,1026307,74.52366670773681
4795651,602942,269.1275340233841
4795652,444093,939.4088464924237
4795653,713452,228.41253648045756
4795654,622244,711.808360396958
4795655,1097351,887.9143694110714
4795656,336856,108.12282557035758
4795657,1054925,545.1471994519809
4795658,1965352,543.8414081253617
4795659,1438609,394.89635718826867
4795660,1458242,922.4792819401661
4795661,241798,452.9967744219587
4795662,749173,916.2957815991383
4795663,165349,838.9719277225372
4795664,673284,809.9532758393609
4795665,1715799,24.969364980561238
4795666,1620328,371.35130351158995
4795667,630174,96.46371491246796
4795668,1537362,763.5682961800007
4795669,50640,243.3181555689704
4795670,1745586,803.8480566647307
4795671,1857340,883.4456753897716
4795672,1153622,750.7291130982225
4795673,820669,977.4203842268291
4795674,1797823,670.9940656967071
4795675,1120481,834.6731293666668
4795676,15362,504.42571997873455
4795677,187429,829.1937589917168
4795678,703110,653.5440983984199
4795679,355771,512.3375913119239
4795680,1920365,28.462104198050287
4795681,1040187,792.9751713973895
4795682,1622059,204.49196453143492
4795683,497542,744.1383386416135
4795684,1672221,66.5262183765094
4795685,1039608,710.9204652582017
4795686,1905508,504.72052195468086
4795687,892521,355.700173092544
4795688,204865,420.0677860302705
4795689,1661454,782.5417501535027
4795690,1237797,113.61822793756538
4795691,1454914,402.14721883474425
4795692,185403,105.01062047428178
4795693,844992,427.9410720180156
4795694,1352783,61.48004222166503
4795695,146695,407.948989385048
4795696,469448,874.4899418294813
4795697,954992,994.1537604904812
4795698,379993,355.35541673915804
4795699,1003792,787.5114549365561
4795700,1266237,23.386341957272183
4795701,822267,436.7830441338778
4795702,1369372,868.7963843342555
4795703,1577911,173.89374802130175
4795704,1218081,533.1532144396363
4795705,1754815,815.8863544418191
4795706,166986,634.2476882751496
4795707,61742,396.5450888685916
4795708,135022,306.5017433594632
4795709,392013,561.5416453094091
4795710,1971055,285.19904008709705
4795711,1283652,3.7912985193713222
4795712,528872,126.9624244392199
4795713,27576,833.3140878489764
4795714,1209146,940.8752812611723
4795715,530044,551.3093647545436
4795716,793810,591.076133271384
4795717,1332941,210.0881711268827
4795718,1517489,902.4169371949617
4795719,1165511,470.67171574428426
4795720,773030,997.6115053673261
4795721,1066924,970.2612192830434
4795722,1327671,213.8909514138727
4795723,536108,883.2659401760076
4795724,537840,353.9392214042592
4795725,1593670,730.8937614212116
4795726,72081,882.2954430734784
4795727,376118,709.4961752054672
4795728,769170,856.1548320830693
4795729,872132,299.8893758399275
4795730,1577644,734.5113257475451
4795731,1091661,862.7753548155472
4795732,900182,758.339833998601
4795733,1616751,429.1753695516499
4795734,1141373,723.1830149502503
4795735,1484282,326.1363719127296
4795736,280038,272.79439484916065
4795737,799900,588.8678163498431
4795738,249596,270.1745105315011
4795739,1246167,40.16113206883565
4795740,957349,743.9258369194425
4795741,1021099,723.8130871554899
4795742,211260,652.423913711508
4795743,996682,293.65962407970756
4795744,671070,118.83648635356103
4795745,1769359,843.9294204796244
4795746,1663514,965.9775206647
4795747,51941,580.0777592789236
4795748,689840,817.65545507238
4795749,909538,300.19604055913163
4795750,1073836,805.5622549363001
4795751,1878572,798.4830912578263
4795752,1660796,332.04849692508986
4795753,545484,193.45992474753936
4795754,1191536,321.3997455734656
4795755,1836884,530.3414337735101
4795756,736381,302.4450813796465
4795757,1997562,349.4168170547326
4795758,1340564,295.39924598654443
4795759,1701003,319.8858744394837
4795760,1658855,590.4096115596915
4795761,1538478,255.85493871069232
4795762,1894814,261.5583301405714
4795763,739513,165.38500655015122
4795764,1861131,75.47916144432443
4795765,1786935,315.1020233557583
4795766,1650877,505.781298978083
4795767,1800798,350.4000327375382
4795768,1556577,403.67140228477894
4795769,1634247,83.2876793531
4795770,1808163,1.474317699687866
4795771,1263194,866.4133480141403
4795772,1407737,59.87323554892776
4795773,536688,445.4659270744032
4795774,1068606,984.9825373109513
4795775,1896027,595.6706522508815
4795776,463269,911.8433286388547
4795777,1114442,291.11540352552845
4795778,1293969,374.08013814431627
4795779,1285079,284.5342124565576
4795780,519317,147.7510806408292
4795781,673624,397.0785212627737
4795782,1285558,927.7178420770357
4795783,193836,778.5206838029598
4795784,1352524,360.17113655833367
4795785,1559583,84.42342856781748
4795786,666507,785.4526167821415
4795787,584857,14.246170915238054
4795788,1700511,952.6353885065495
4795789,1155639,152.18562122283097
4795790,277300,143.67098307778303
4795791,191153,93.92336808450663
4795792,1839484,723.0093169715797
4795793,1653974,275.10761597562583
4795794,322540,471.7226655306347
4795795,1807841,971.513199458388
4795796,570583,53.77143678057228
4795797,1601634,414.10776637982906
4795798,1537160,753.2829169684545
4795799,1219172,783.601419844312
4795800,1537155,65.42655609327208
4795801,1661923,37.413740162611454
4795802,1948691,98.99662678002308
4795803,1027150,540.196437740964
4795804,1478296,677.958548638502
4795805,837754,957.4479779387883
4795806,763100,544.0377162832817
4795807,1881900,716.7787734861665
4795808,769405,474.3070797065768
4795809,1599613,76.58476787465307
4795810,1130875,282.7069801799366
4795811,1835143,207.45039414443102
4795812,1011998,741.2745463092319
4795813,1868932,109.67600183879766
4795814,219590,317.95327258339114
4795815,950027,296.29677104356824
4795816,1002307,733.7712812170333
4795817,141556,998.8886488954589
4795818,1790381,549.0232980165941
4795819,957582,875.7364500938667
4795820,946952,139.79734295023604
4795821,1635801,140.03873730156468
4795822,1581356,776.0657046748117
4795823,606579,372.04577747608914
4795824,134474,377.0012421100054
4795825,399723,228.50184549797115
4795826,1200409,932.0259731092738
4795827,734443,812.1266443898289
4795828,1181288,11.891199326586888
4795829,653982,344.7657981383975
4795830,665612,477.68860654158163
4795831,826707,289.2255194106597
4795832,1642506,124.0148665750288
4795833,1878775,490.21632575410166
4795834,1046028,691.7430109356297
4795835,1942190,620.4398484063884
4795836,1842507,625.4195277215281
4795837,1590588,213.1505092566742
4795838,1354618,50.41002282555418
4795839,21372,848.4979670141798
4795840,868986,838.2087958497598
4795841,1882314,682.4995754927772
4795842,864619,812.1843514479378
4795843,1979403,241.084190260644
4795844,1815267,263.94116006511325
4795845,1356743,28.270131291947663
4795846,607917,127.20864803045906
4795847,1650193,288.2381022707541
4795848,365345,612.012552232902
4795849,402142,261.9134767195688
4795850,1941322,580.477957721176
4795851,701446,718.5290869605575
4795852,1956655,363.15459720156605
4795853,503037,288.8043109888189
4795854,627388,746.449609480489
4795855,717265,782.6871629361256
4795856,719928,894.7489850264583
4795857,602426,223.03072598163686
4795858,1956870,17.426805559316527
4795859,702894,447.1077726923331
4795860,1277700,679.2336351610403
4795861,390428,187.36289365917992
4795862,511363,485.3024699234979
4795863,1389397,118.04556887002072
4795864,73733,839.2927995460808
4795865,1937922,711.7726955737201
4795866,1219773,991.5114018337742
4795867,680892,302.7587809732573
4795868,173594,884.3908359619674
4795869,1171193,372.51555776413124
4795870,320679,560.216092518063
4795871,849182,88.80664195560395
4795872,1033593,556.9370655682707
4795873,1160593,144.38558742937158
4795874,847739,893.026954209221
4795875,1373727,136.9802622531001
4795876,1838789,784.871464247412
4795877,1127901,12.715712153821723
4795878,419788,741.1678011846333
4795879,619369,520.6649977269774
4795880,633586,752.3317853471324
4795881,1135455,999.7903846241734
4795882,847248,755.8062730590703
4795883,1933018,626.2330008672985
4795884,1222659,45.38333599119859
4795885,1607232,337.31014074354005
4795886,1955150,668.4595684482202
4795887,683978,856.845029352312
4795888,63461,769.2481024260197
4795889,1164209,443.07818624054727
4795890,1592555,560.9990965951224
4795891,1424834,230.21320347089102
4795892,61974,560.2089511389414
4795893,840013,497.9848694732959
4795894,723705,239.76480960868983
4795895,667373,144.18034259939583
4795896,1947776,839.3637963623462
4795897,1900825,199.57086476080775
4795898,734078,445.2679826362622
4795899,157264,220.6910781885666
4795900,668756,464.2523414170646
4795901,1087200,764.2517315763649
4795902,718195,799.7898512185749
4795903,407615,393.7181907772359
4795904,1071969,342.1908209477006
4795905,523213,352.35237661414055
4795906,272323,897.8571310268669
4795907,804745,747.0569946251167
4795908,1469939,473.9955217619901
4795909,1043140,4.83224633852164
4795910,832273,628.008679617096
4795911,1593683,354.14502676176875
4795912,1370250,965.2228022897142
4795913,567767,324.93040749912296
4795914,683207,615.5647226910662
4795915,1945356,154.46167824888545
4795916,479687,636.5780103900738
4795917,1694377,618.0328400412393
4795918,1731371,412.49574112414854
4795919,1787945,605.8259722790151
4795920,1171920,366.58208713535345
4795921,1424668,994.6106383702811
4795922,877349,188.79192135476552
4795923,660339,439.7222894347523
4795924,1646203,977.585891069734
4795925,1213771,824.3573927612993
4795926,232309,245.81332207421124
4795927,835572,101.57219574003872
4795928,1042928,357.8563721276388
4795929,1604577,582.5693909979749
4795930,1864766,550.005674929586
4795931,869506,121.70988770780644
4795932,1891033,227.2669335162253
4795933,1798166,856.0141203416559
4795934,414510,725.0229352324861
4795935,665320,491.0937456922484
4795936,626262,766.5751064514295
4795937,1205104,247.97642169534763
4795938,1982151,63.498128540600774
4795939,1068720,294.5762268133517
4795940,1727327,800.6070253704155
4795941,761152,622.2890527979351
4795942,538057,516.3911691797499
4795943,965351,801.9384053183167
4795944,656705,934.6931640920723
4795945,1508157,168.88231680831421
4795946,1308055,131.8667848785877
4795947,1224431,412.8216727476744
4795948,334697,171.55524298400215
4795949,638446,996.8315943302944
4795950,250882,49.20300012830692
4795951,983624,218.51901422368735
4795952,1866816,929.0794402709511
4795953,634152,108.31896613609982
4795954,776663,722.2929373207257
4795955,405369,102.89447268310548
4795956,1572934,61.75861900712831
4795957,1598855,306.1434486068796
4795958,765688,967.139072190802
4795959,762513,161.50534951118422
4795960,773079,769.0911996078029
4795961,1447390,949.7906576393223
4795962,298653,516.3235016974371
4795963,524388,948.896160620216
4795964,848199,712.8528214767182
4795965,1063925,354.43592305613424
4795966,1960402,917.4106477427438
4795967,677389,155.87324484025945
4795968,1299050,413.3081567545479
4795969,144404,347.1431814146385
4795970,800116,796.2968214762236
4795971,331154,735.5690262064312
4795972,1234750,116.51968015008185
4795973,843269,558.577470933997
4795974,413730,320.98139521592816
4795975,1930727,775.5845934816708
4795976,722474,926.2547990979745
4795977,1532623,358.65297192423475
4795978,402611,451.0638677451362
4795979,1501655,382.71173014101447
4795980,1781026,282.2584357747977
4795981,1240686,534.6292436210867
4795982,1507346,840.6363727347275
4795983,176105,884.2650540353735
4795984,1647337,908.6821158784527
4795985,1634682,665.3510976765095
4795986,1453532,348.46479697564195
4795987,966952,741.5715779070646
4795988,1087368,523.5646093072537
4795989,761817,982.9468649295571
4795990,1863456,15.823020400141385
4795991,837391,118.9779814294798
4795992,1423822,283.4799471285583
4795993,580033,949.1661147593289
4795994,952284,422.83789234688885
4795995,1408730,336.7594858508368
4795996,97638,624.8117014092707
4795997,101543,141.5252534565674
4795998,492553,464.42740801812045
4795999,153605,25.51307858823315
4796000,1143812,447.7511743721282
4796001,1932822,767.2807921945404
4796002,1335708,573.6401729229711
4796003,1732967,263.4718148729063
4796004,1767951,636.9187581618053
4796005,1509842,79.7191118010705
4796006,891688,129.95964290139838
4796007,434368,628.6445121331677
4796008,658122,29.48742305461216
4796009,1468676,211.4069466306717
4796010,674523,817.9241799830213
4796011,762234,510.7372853891641
4796012,690955,965.5465616026196
4796013,739739,69.81472747760075
4796014,1646637,129.2561090673434
4796015,941600,170.46759494570796
4796016,1791482,502.33213322952577
4796017,1711110,68.13490977945624
4796018,217870,134.43992146355777
4796019,1715305,764.8729549266197
4796020,1407519,335.7631369742334
4796021,135701,608.7956417794924
4796022,1757721,941.4956189272532
4796023,872107,397.0841164407649
4796024,1675059,472.239808199953
4796025,434585,287.90777398166875
4796026,1188083,52.67179950838885
4796027,1362155,774.8761844054632
4796028,1885062,917.0917286371972
4796029,1348132,846.9837951038454
4796030,1967893,495.41637315822294
4796031,1682030,170.48498700918856
4796032,1952471,380.76396363635
4796033,1760949,236.51080434470418
4796034,642412,890.187286282173
4796035,1341790,788.6448450755414
4796036,194346,445.7200439668266
4796037,1274798,240.57796355880566
4796038,1179735,802.4065037333654
4796039,789788,676.1895345875471
4796040,624309,577.5654069804269
4796041,1848056,343.3583298450784
4796042,1801141,945.8228375575605
4796043,868550,120.89338241785053
4796044,771643,88.96761782962193
4796045,682248,300.0370307230711
4796046,1417542,733.0475344261196
4796047,1251794,848.5908180831119
4796048,411829,925.2350501008789
4796049,863956,373.0586033468367
4796050,1107380,381.54912795646067
4796051,760042,506.5866260743156
4796052,741573,599.805087592966
4796053,1957790,542.3255010556239
4796054,1703523,595.5397795778982
4796055,1543212,824.2890093166769
4796056,724427,2.616916530530755
4796057,1933200,472.06191554156806
4796058,795899,850.2389223742122
4796059,349988,152.7534989183913
4796060,394433,7.076446794651692
4796061,514107,167.08505106845507
4796062,4151,253.18251416174144
4796063,444115,169.57159018951162
4796064,1944963,678.9908910406818
4796065,1480921,514.0112744423745
4796066,1804392,166.6045060085406
4796067,797754,575.4521692645151
4796068,397800,600.6745817985161
4796069,1349080,627.4636652410877
4796070,1232126,617.0374952953755
4796071,953795,828.3897845450045
4796072,832021,741.1595922188242
4796073,408044,716.4635020939382
4796074,1005359,113.98210207489956
4796075,1689752,761.5811810863771
4796076,129064,753.0665257888227
4796077,190104,758.2352506619129
4796078,1297957,614.9682093586864
4796079,25890,916.3232915193705
4796080,1783697,122.83505714342924
4796081,1302129,936.8906192022908
4796082,905904,684.7905328036283
4796083,1824411,130.55849378534978
4796084,1659616,154.25093851931905
4796085,960193,140.92622609449046
4796086,1016885,896.71460138547
4796087,1728852,841.3230388253288
4796088,1272108,825.25835194866
4796089,315291,479.03045469218654
4796090,406831,284.3780471869758
4796091,1535837,423.8517271692619
4796092,88149,215.14880796597535
4796093,729877,258.9275005159447
4796094,1942893,741.8368451374668
4796095,1184326,752.5280978370474
4796096,1797628,155.9208952653386
4796097,1731263,218.7613982069395
4796098,1972039,153.81787540351854
4796099,617687,459.5275590770689
4796100,467366,994.3606998816542
4796101,1433657,438.31184625337596
4796102,1835555,699.9065847818832
4796103,520237,783.7487812201751
4796104,1899182,409.77973425754533
4796105,1181912,839.8514943991131
4796106,1972196,244.26057484594833
4796107,1432026,610.2498287253069
4796108,818366,634.0624327624545
4796109,1723963,765.8148233183963
4796110,1782818,958.9655411714153
4796111,46018,998.5420332288157
4796112,1665823,754.0433458797063
4796113,729956,860.3330630197802
4796114,1976628,259.18808904221993
4796115,388722,677.9817038573052
4796116,826147,632.1518562383433
4796117,1174488,522.8926684426406
4796118,1546995,468.4271242877725
4796119,1539648,306.69583746410245
4796120,1530093,672.2054838880855
4796121,566255,248.37071724375548
4796122,340488,618.8419503124513
4796123,658561,557.2211289924624
4796124,741343,641.5498767668003
4796125,376646,749.3659980281778
4796126,1846513,222.08446407216175
4796127,369388,219.49534424297633
4796128,1906350,711.6745633789978
4796129,425899,229.3222863101049
4796130,1010058,289.99315773274157
4796131,1006615,921.3848513686016
4796132,1796342,418.08441221677083
4796133,1654930,183.78597543356767
4796134,1047415,139.78640786632945
4796135,1085182,450.59662496377695
4796136,792198,252.7188033105987
4796137,976471,677.3746678928933
4796138,473844,55.31004873808109
4796139,679075,765.4363239621459
4796140,1823879,388.03516000226955
4796141,1083882,576.4113069528992
4796142,951564,831.997206414791
4796143,1741289,980.2409772665758
4796144,1546269,750.2933558418366
4796145,494908,25.145490552034854
4796146,1377887,256.7023551292449
4796147,1469767,896.4102548394865
4796148,787457,288.98805263933934
4796149,1871935,981.6791639299064
4796150,97932,896.2060722652924
4796151,223945,457.8815150632016
4796152,1544670,283.54245321687574
4796153,1745399,134.71752527369517
4796154,1589053,992.3865082006477
4796155,704061,856.3787307807082
4796156,738064,749.4264835554766
4796157,125136,933.1262921148482
4796158,1257137,432.39375995325867
4796159,1740148,113.32768932900849
4796160,1937767,393.74100684689273
4796161,385838,664.3417107604906
4796162,1463928,38.46502708824096
4796163,1368376,335.3417963322516
4796164,180770,394.60715058130637
4796165,1937636,717.9524107923721
4796166,22218,572.8589512191005
4796167,323302,825.6684281219032
4796168,1732993,353.6947982272936
4796169,1036135,834.2307691938198
4796170,361320,529.2602076485745
4796171,1716146,218.12464736434066
4796172,1565969,379.5928793471488
4796173,67451,860.0722174233895
4796174,1934541,922.3155793397906
4796175,1618103,295.6575905997694
4796176,955118,439.71987670587185
4796177,1580086,528.0919988961313
4796178,1299621,877.2441211369419
4796179,115987,468.9120109555129
4796180,958053,177.91920349712987
4796181,1352868,130.5093040995755
4796182,1897790,277.9873743083052
4796183,1277828,53.335518897084434
4796184,517161,807.1764616835184
4796185,680568,833.5646572493393
4796186,204342,589.8050591805742
4796187,1271310,483.5262259404716
4796188,1788999,986.8754955494803
4796189,1115042,362.29031533808507
4796190,1444859,294.7446300681811
4796191,1767010,470.60546305591447
4796192,618693,223.1636701910049
4796193,1780709,136.51808657046993
4796194,691812,512.3714688325248
4796195,986683,723.8392203304369
4796196,1739088,476.6700595805542
4796197,1850128,22.506312737542
4796198,722901,475.7420867879916
4796199,296682,638.3557857900395
4796200,1337303,763.5313072900702
4796201,1160946,50.70177432949563
4796202,611827,371.7904153984309
4796203,1593307,368.318320684523
4796204,878278,81.34094003990278
4796205,1481768,140.291943285218
4796206,1865559,609.847576433987
4796207,1881015,804.4785386540881
4796208,799846,397.70805975192235
4796209,681923,34.26935051578239
4796210,1673129,270.3444829735515
4796211,1378395,375.9421280450629
4796212,1490214,97.0068766140404
4796213,1602326,312.8171895553186
4796214,796676,234.87453614288046
4796215,885107,729.223374864856
4796216,1114724,835.9033470564182
4796217,1084492,272.262432869843
4796218,1723834,59.33202233242019
4796219,468573,116.71637937014434
4796220,1889448,592.3042795497441
4796221,1445803,830.5380095405892
4796222,769021,962.0835310516726
4796223,490313,958.6006506826594
4796224,1473081,929.5587640109201
4796225,1369144,841.0969932745172
4796226,163524,464.0020769542393
4796227,1312830,93.2535644473611
4796228,1401527,664.6793325628429
4796229,751504,48.642335510850174
4796230,1036735,572.744867373063
4796231,1121877,272.17267807908394
4796232,1699828,963.2544779682925
4796233,127724,762.9888476672181
4796234,949277,922.9283971019379
4796235,695151,901.1143901479414
4796236,79919,591.8997886656349
4796237,1727195,8.375096566991424
4796238,128808,732.8118124868499
4796239,1465253,672.4883267962741
4796240,338067,334.29580904719944
4796241,1863800,38.95259805163454
4796242,1574865,531.3042170069269
4796243,788850,497.12916413369055
4796244,299066,146.75582109092687
4796245,1951941,53.634130630803135
4796246,1709040,302.82101300281636
4796247,1210121,817.7707482600681
4796248,161697,406.6305083133299
4796249,1271232,74.98013603759956
4796250,94826,500.1605791334669
4796251,1340889,378.4518957194918
4796252,348587,163.1359509822884
4796253,1447633,100.62880825403198
4796254,217560,939.2913990146567
4796255,703270,490.0240308379137
4796256,1200642,935.674896595551
4796257,619073,630.6025384517892
4796258,954207,409.9431607573646
4796259,1429413,463.97976798794025
4796260,253154,463.83513817336507
4796261,76916,737.7144231609585
4796262,1173777,701.1276782383102
4796263,955783,978.3780428876479
4796264,130581,407.5741514161747
4796265,1335275,702.9417585462782
4796266,198185,528.140483239732
4796267,626096,249.00852531716356
4796268,1644374,650.9918933586223
4796269,731417,89.96969827681289
4796270,1353461,201.9046364135887
4796271,170442,605.6564564462797
4796272,946290,162.94997038727666
4796273,1437977,692.1075536432119
4796274,1977405,229.97574133728705
4796275,282379,990.6505593266628
4796276,695806,345.9325610016085
4796277,1053798,334.0243657437035
4796278,1556110,79.27976235940137
4796279,940333,150.6028508104279
4796280,778815,696.7423178666555
4796281,647222,774.9026347230214
4796282,1612569,605.0013817696782
4796283,1440157,332.8527928412628
4796284,738962,828.6303530319557
4796285,924260,952.5413913954707
4796286,1757032,699.8393207785597
4796287,99143,877.7170719809641
4796288,1271082,810.139256462394
4796289,1117773,992.1499196442544
4796290,1127229,997.2514131371355
4796291,796496,850.5459425106172
4796292,509700,869.1571666811749
4796293,928452,347.6224332671014
4796294,439571,385.1374518384646
4796295,1436499,246.15707419336474
4796296,234089,843.2764769479816
4796297,1888177,593.4688199260295
4796298,1289936,517.5070074578127
4796299,1990535,406.93641690628715
4796300,1633115,763.108015492046
4796301,1311232,180.84318154425193
4796302,766084,731.9578901540505
4796303,1444092,174.15865631897887
4796304,1665157,115.85478216151147
4796305,59968,335.03527689105397
4796306,637669,478.2216981230286
4796307,210517,794.8974020030404
4796308,98144,747.8990904126632
4796309,579230,632.0559192646652
4796310,1353462,798.5120256002506
4796311,60035,713.9572888655739
4796312,1420861,298.16197031046534
4796313,359903,936.1963032551091
4796314,953101,66.49325454028654
4796315,642980,38.06132156486852
4796316,45451,860.5014426264006
4796317,607255,465.81268070659434
4796318,832674,388.3231365524031
4796319,13402,856.8896887533857
4796320,1562108,743.1415467213832
4796321,1042768,843.616467778767
4796322,130164,642.2047775352708
4796323,254550,160.8646085058363
4796324,387726,441.77407854937
4796325,854081,966.5937707816835
4796326,156884,493.5133211862538
4796327,1615224,745.1955297553246
4796328,1778609,412.6891021766817
4796329,1735983,39.51705137285566
4796330,1359732,679.4907511074209
4796331,1616725,91.38976585492453
4796332,654531,94.25360674905403
4796333,404095,686.0998312134958
4796334,1582831,581.1300689224363
4796335,854809,926.6843821588078
4796336,1395248,890.4002281690258
4796337,126190,885.21340449795
4796338,279290,318.73406241912096
4796339,1145102,200.94574521734188
4796340,380978,434.83409990893176
4796341,53348,947.018588486103
4796342,291763,819.8533935598864
4796343,1927746,861.342607687336
4796344,841261,549.226217591303
4796345,1109359,676.929056449145
4796346,1271180,87.33434996575006
4796347,1308493,718.966987964198
4796348,1873967,457.0412186342607
4796349,1627219,361.0597357198978
4796350,388957,645.6075099477315
4796351,1438135,121.73117585756677
4796352,1603722,38.40629947582719
4796353,4806,523.5439788549052
4796354,1855244,241.09965617497053
4796355,1957888,126.06830478563225
4796356,1919254,578.729654102145
4796357,1545538,191.52312868243348
4796358,975201,740.6063580111645
4796359,1290562,932.3406054170237
4796360,683662,614.658591148342
4796361,407675,904.7903780180653
4796362,285426,529.3450258234299
4796363,1853946,785.9199878061027
4796364,960142,77.3470613944045
4796365,261880,30.45446993686607
4796366,1148208,824.823665333845
4796367,76781,602.5356367738812
4796368,505392,108.66399840724728
4796369,908998,304.3968260621024
4796370,1211796,257.08078201142695
4796371,874286,741.937633600291
4796372,1892297,236.586653073817
4796373,389711,495.92444216791677
4796374,1358834,930.6336903701408
4796375,1956036,601.8387416731343
4796376,1911372,269.1221805231392
4796377,812241,864.4392138947941
4796378,1123424,385.83697784826967
4796379,1085297,742.4773397969717
4796380,1075009,451.1018585920845
4796381,899699,691.1001303637189
4796382,1084107,371.4071857361322
4796383,1241493,773.3714259042798
4796384,1874538,446.38526606218653
4796385,1096570,777.6648585360048
4796386,1084319,876.5847163559598
4796387,1091129,164.6713802682157
4796388,1365116,302.55840593573845
4796389,354082,921.6600688624593
4796390,1622041,248.63699687850072
4796391,756912,897.0928395585886
4796392,1665789,141.15129860815256
4796393,1037584,123.81421278355698
4796394,1289523,533.8791914604651
4796395,818144,582.235412625586
4796396,515655,230.6503425068459
4796397,1754347,641.7373318708164
4796398,805554,69.70584709438943
4796399,1570856,499.0454044055498
4796400,287009,850.9263769675001
4796401,194066,63.97168030761846
4796402,5336,259.76313128497685
4796403,705378,266.52316388380814
4796404,233341,876.8084919242399
4796405,1813232,790.9577863513822
4796406,1894570,869.698831651748
4796407,1191312,456.1372675489842
4796408,1799258,897.9405826692071
4796409,1177971,733.7357162787612
4796410,1222117,869.1336259508843
4796411,549915,922.800178746261
4796412,889152,476.18083917755416
4796413,954532,596.2734060945177
4796414,1203210,145.70150947031502
4796415,1882047,568.0621993164059
4796416,1197658,516.929861556192
4796417,1680857,821.5057421179333
4796418,1101834,455.189320869365
4796419,1227531,445.15333341685414
4796420,1522876,815.0666878529069
4796421,1610766,542.173599051524
4796422,1485080,920.8139822819151
4796423,1286669,858.777551411966
4796424,566202,419.671840636731
4796425,264793,682.4411365415452
4796426,587666,724.2388169822474
4796427,836371,423.6481165039744
4796428,1163370,256.3370107317998
4796429,1384708,561.4898133316718
4796430,1983508,357.6501406511642
4796431,1153172,929.5310323981073
4796432,406206,335.39103674954964
4796433,324286,921.6557135640415
4796434,438689,743.5654376316111
4796435,269110,556.2910978495978
4796436,1075145,164.47616775139474
4796437,1102706,566.3921382017986
4796438,1145335,537.3804512910689
4796439,558193,213.74775879635953
4796440,925333,652.1246823329502
4796441,811200,681.9686333335899
4796442,1634550,164.20759734886437
4796443,1039577,6.050262868267375
4796444,741285,734.7303247332117
4796445,593425,225.30877608461884
4796446,1335988,310.41578391522694
4796447,548353,481.15925843226984
4796448,380053,253.8674061063162
4796449,787149,392.0407013986201
4796450,635305,192.42788555926626
4796451,369539,99.63128223968765
4796452,1178579,747.4510305716011
4796453,507441,396.382841941901
4796454,290810,508.6185751096368
4796455,1528869,404.37597220370935
4796456,967937,961.7895193357499
4796457,1196996,469.9826021642353
4796458,1067116,389.307851712141
4796459,1651870,589.9028526291747
4796460,1198577,129.07234554348034
4796461,265200,851.7126841969706
4796462,1857775,286.46706995798723
4796463,1715071,435.67597525464254
4796464,675397,645.0499695876799
4796465,513590,435.5295577583692
4796466,1530828,777.3204205539586
4796467,1635125,997.8099222852724
4796468,1440169,405.2629324456809
4796469,1970305,869.0060186250369
4796470,551157,929.8870836067266
4796471,1319347,645.1018999370523
4796472,341815,67.70184873075746
4796473,1042852,60.634876462426824
4796474,451056,725.894718114873
4796475,1369397,312.3086094824963
4796476,992110,179.64521626429408
4796477,361063,928.40994445502
4796478,1129319,136.50502571472302
4796479,1421479,543.0294440579428
4796480,372694,882.915009874982
4796481,13124,583.8423486305439
4796482,406487,674.9030079031725
4796483,864557,558.3020643276332
4796484,1774396,663.0752758801345
4796485,497848,132.1621402766261
4796486,476635,529.8649367272362
4796487,1876292,251.1902164110511
4796488,1411342,874.2162926936461
4796489,1456060,628.0552821894086
4796490,1515805,935.6634276630213
4796491,1639566,442.7520429012781
4796492,1168091,13.829433706571304
4796493,1256667,63.3414429932393
4796494,264928,22.691130255694027
4796495,701236,695.7024496523172
4796496,1378801,575.6753431348578
4796497,874342,294.32838279536475
4796498,1595445,583.4655629709061
4796499,1091820,458.08569279498835
4796500,35738,828.1440527454214
4796501,722378,617.3786109058885
4796502,835904,590.5676146030604
4796503,1115170,773.9836590665763
4796504,765053,778.9395997268541
4796505,849419,956.0653509461362
4796506,557870,823.7911877274091
4796507,917948,459.7130322876568
4796508,119318,543.4074116120585
4796509,1888466,876.1209133991033
4796510,1796030,57.44397560890402
4796511,1864446,694.4888400276249
4796512,1227867,154.7495043111655
4796513,631464,548.5141472249298
4796514,319217,176.3151834879675
4796515,609940,840.9156065082706
4796516,1037812,782.9038903028726
4796517,779214,349.12727462587657
4796518,367447,628.1666455391215
4796519,1098551,904.0391528988945
4796520,454940,280.0408038212415
4796521,1826477,637.7088672442306
4796522,1987200,376.4369349755822
4796523,1100783,3.561910740900065
4796524,64033,781.3616887055214
4796525,1174896,880.5030286784117
4796526,1501572,130.77380306155152
4796527,1218687,202.0753376532065
4796528,164477,768.9678026843529
4796529,230074,261.0149605805415
4796530,577591,43.505709065379875
4796531,501095,867.0509050821954
4796532,1357976,984.6581065557172
4796533,1966329,211.96669222202337
4796534,900213,252.58099608747142
4796535,300427,794.4911761070676
4796536,1549603,957.1578293232624
4796537,1831265,458.1931975554792
4796538,1158541,908.0679074786581
4796539,1855738,670.5800989677991
4796540,201114,714.886463067112
4796541,719613,603.9733816942777
4796542,1867093,469.12323554225134
4796543,84177,161.7722865424286
4796544,235742,683.2339040421318
4796545,833127,557.4042197802971
4796546,1542099,727.3783578726876
4796547,1543750,305.27966097325833
4796548,1575798,433.5915551339915
4796549,1276064,46.602980115994285
4796550,545675,873.8094428863159
4796551,139593,706.9858241382366
4796552,480105,150.11883463572252
4796553,1771779,644.8348607418643
4796554,1559154,949.0813928168276
4796555,1248205,862.9500157613098
4796556,177985,621.3314062606856
4796557,321884,440.5534793369566
4796558,946934,718.6830370508868
4796559,1623469,208.73710714270376
4796560,473638,630.8608379492048
4796561,1710110,229.6338799155012
4796562,1897903,707.382000433149
4796563,813234,7.084937596880891
4796564,1759005,620.8248648344679
4796565,1661369,695.9627262748506
4796566,1167790,172.97212579411482
4796567,705209,132.52952486407077
4796568,1986149,909.6973664658658
4796569,795538,917.6033843386771
4796570,1916521,854.1909069021393
4796571,1291130,159.55802500095174
4796572,1992949,963.7961928384926
4796573,1271956,982.9150864010414
4796574,183753,596.1518977410085
4796575,1105900,851.0340858253696
4796576,596509,818.7999150965658
4796577,143212,927.5999903336844
4796578,580696,439.6421408525768
4796579,1490125,352.7955428008288
4796580,495934,718.2290998945361
4796581,1384410,372.3718440675371
4796582,1091218,506.0304541496754
4796583,115782,789.5959143171231
4796584,112175,44.619908321498315
4796585,1102890,523.8569137432739
4796586,424782,362.0450188811979
4796587,1204659,922.4539295340257
4796588,953034,829.8971561859045
4796589,156425,447.8743827948395
4796590,1183657,534.9815500756613
4796591,1678590,895.4469942220127
4796592,1546233,806.7470238727793
4796593,1483736,9.565432247959805
4796594,702887,521.7192002520117
4796595,1764407,966.9343033017961
4796596,1959423,339.04464909973797
4796597,944714,103.81116677193248
4796598,518580,924.5661814720703
4796599,38690,311.20448784900043
4796600,1054631,172.2041449581051
4796601,1130668,264.73018212896693
4796602,978429,234.14285259581192
4796603,43072,811.2674985156253
4796604,166512,772.146178267321
4796605,1272295,58.45111236970935
4796606,767002,914.5115336536438
4796607,1708875,76.79027201610621
4796608,765880,510.7565960493594
4796609,376802,419.5717994564068
4796610,524601,329.3031782711661
4796611,640603,126.21167860329186
4796612,517888,746.2289720444742
4796613,1085795,997.928607829039
4796614,1288150,680.754813299337
4796615,1555549,275.3011498001063
4796616,116374,373.3280734742188
4796617,1699499,969.7283481216319
4796618,1982641,596.0373817000539
4796619,670905,711.9082928659188
4796620,105782,372.91705666248777
4796621,1164093,73.88563093181976
4796622,672495,198.97379272907557
4796623,1185821,9.43343458806356
4796624,63595,964.8935695313692
4796625,195960,701.5978959385482
4796626,1365844,872.9817328677639
4796627,219132,230.27648700821135
4796628,1493276,480.79913278585485
4796629,1444738,423.0982844596133
4796630,509115,305.6076233640056
4796631,455356,675.9625268831712
4796632,682133,498.65072378238375
4796633,580631,471.48417089612127
4796634,1078272,123.57935861188696
4796635,1091205,892.4890520037306
4796636,65925,668.4498562697245
4796637,1690635,885.8720491742702
4796638,292245,745.4381307002195
4796639,384029,103.58303388444135
4796640,1369148,881.1585822641364
4796641,1965925,997.7234825555328
4796642,1751153,948.1840534817999
4796643,172969,722.4918666774394
4796644,93864,223.85017223709193
4796645,1407902,500.26901422476686
4796646,223236,438.3337452412691
4796647,742225,148.2708428703977
4796648,1339126,909.4740122315457
4796649,390643,442.8819883014442
4796650,289998,103.21973654874161
4796651,1304587,629.5354019150213
4796652,764897,571.3294729793909
4796653,53504,801.7615969984515
4796654,230094,52.17492240947763
4796655,597822,630.0933608894252
4796656,1289788,913.22416865927
4796657,1279283,440.91227987246316
4796658,1524231,222.81958586843754
4796659,1598450,868.8545594620156
4796660,962129,140.4931327250556
4796661,1429039,678.6359602503237
4796662,933794,379.01764616145596
4796663,1581683,124.28768850555183
4796664,565260,759.0099101208691
4796665,332698,56.6971338925889
4796666,195922,412.7847899401269
4796667,1110521,859.8247750535747
4796668,208785,428.50158293286853
4796669,1420536,924.8543051354344
4796670,934410,819.238768000039
4796671,309158,172.8307538850983
4796672,459830,330.50317260340523
4796673,732936,721.1681041040878
4796674,751317,471.7000546422372
4796675,1519769,281.115225412516
4796676,484838,734.5183419054894
4796677,781863,906.7935704125787
4796678,1544039,623.9627199295335
4796679,1792339,928.0413440820122
4796680,1206723,557.9960518157122
4796681,455556,453.2535986580735
4796682,1301303,683.0031047822984
4796683,69822,511.7328559254035
4796684,1710474,607.6046886170789
4796685,889691,931.2630014651684
4796686,937744,292.0253456174831
4796687,514401,259.3853550813832
4796688,522005,546.6654731222432
4796689,1399607,336.9491223227776
4796690,754540,876.7625919967012
4796691,1105321,568.1403093577617
4796692,1291778,151.29568252725366
4796693,1769674,690.2752454536204
4796694,1757031,130.55580029358106
4796695,417240,936.0527724493136
4796696,1528825,89.37739789013155
4796697,1084147,596.7097322772829
4796698,127319,492.273765786551
4796699,1639317,55.52241131999291
4796700,1125138,993.8086568360056
4796701,1565012,397.87937516852935
4796702,1883137,167.55604295011617
4796703,1453720,262.746092891057
4796704,713565,321.8816610213547
4796705,1135638,540.1845998180964
4796706,869486,833.9668585029402
4796707,531576,53.14251161915329
4796708,1922181,932.1951490592772
4796709,1033155,402.17463164987856
4796710,442980,101.51530004301601
4796711,244507,504.01965949480723
4796712,1712917,739.757689261973
4796713,898758,3.7956536546051023
4796714,271480,178.0671049394994
4796715,1678530,458.6082378613921
4796716,1464291,483.7550707504459
4796717,1276426,907.2264858442508
4796718,1199561,230.2693491360238
4796719,1942710,283.4430178393802
4796720,1071505,50.097222964638924
4796721,150197,765.5646889226593
4796722,1307856,209.925381884695
4796723,1535642,24.291735151372173
4796724,977592,905.9612177249655
4796725,1362184,609.6640140918705
4796726,898906,617.8637769837019
4796727,1466711,261.6348702809346
4796728,1594537,734.1138481062799
4796729,538972,234.36159965261083
4796730,464288,846.1874737785394
4796731,1830054,859.1900237789744
4796732,1535316,993.2136213969994
4796733,494532,274.4645835774162
4796734,1816054,528.6872326069371
4796735,1665862,859.1282063736901
4796736,1089362,803.3152566029336
4796737,844354,491.3495800423688
4796738,852135,250.85440409986725
4796739,386371,803.2989560758676
4796740,841735,674.5629661048044
4796741,975280,837.9075111010626
4796742,739561,147.39890074881444
4796743,1136358,845.6915563574852
4796744,257511,307.06865627536416
4796745,933046,369.7536150232751
4796746,571508,327.9172387435489
4796747,1824199,809.1140284262179
4796748,535905,121.11298409144256
4796749,180201,532.9058059718309
4796750,1742517,811.1822808778945
4796751,369140,267.1450982866654
4796752,703458,693.3356423357129
4796753,1569423,713.1806497024245
4796754,511657,165.6341815707213
4796755,896837,286.1600990005051
4796756,35321,725.1315115727745
4796757,883316,782.901206250201
4796758,182221,407.6150802463473
4796759,1068614,423.8744119475556
4796760,519840,137.04813813259597
4796761,1521521,250.57129984877292
4796762,1590073,818.6495638555865
4796763,1596871,279.4912023524371
4796764,1824291,934.970921635179
4796765,1924098,205.23425511039696
4796766,485205,236.95245249927888
4796767,1744140,452.15898441331314
4796768,1992225,432.04159490047357
4796769,1979657,667.4644228072681
4796770,966827,444.037606131179
4796771,1111060,361.89058723335074
4796772,1107128,520.7183646601462
4796773,1653932,3.378081150182344
4796774,1159395,501.87967940480394
4796775,229904,490.09638785724064
4796776,1632966,992.658235321262
4796777,1979854,438.6075782962112
4796778,850902,155.98650189002515
4796779,165611,222.04040008038317
4796780,1196370,405.06682014134753
4796781,1111477,309.650591349815
4796782,235970,670.7969175370151
4796783,1514104,434.31714494902195
4796784,1708818,930.0771889678981
4796785,498625,816.0478946309496
4796786,1500451,31.22118278186159
4796787,1303492,127.21930386254576
4796788,344206,722.218307357235
4796789,482381,665.9968505195229
4796790,463530,262.4572845443467
4796791,972929,911.8495962870426
4796792,1528042,56.124354608072856
4796793,535981,39.68937134155648
4796794,1341007,483.3961488753602
4796795,1261972,729.1253712702498
4796796,1864777,264.7007908944472
4796797,632395,800.1596587324534
4796798,252810,120.28721173006818
4796799,1782853,303.40766400195395
4796800,292182,23.760037791467404
4796801,1165543,353.904268419173
4796802,1960231,729.571957033986
4796803,754185,65.2108822134475
4796804,1546213,943.8006038040742
4796805,1371249,168.03301501624168
4796806,234559,983.97569904222
4796807,519925,460.03911364595353
4796808,1460926,638.6377163928879
4796809,1476109,774.1379555351788
4796810,215626,295.5227396835045
4796811,1047240,85.45441339100502
4796812,1983874,323.8828644350257
4796813,836523,390.2197797328083
4796814,1014490,123.9268305137351
4796815,702493,154.48539837537746
4796816,1996590,670.0722646041941
4796817,835272,751.547601965444
4796818,422123,449.0040032496764
4796819,98229,605.7849349951229
4796820,463429,694.192131028842
4796821,870350,711.7912407987998
4796822,546910,980.9279109306786
4796823,992742,301.7684368979371
4796824,1294867,252.45212227714177
4796825,676493,931.5676296939506
4796826,834445,111.24320857480963
4796827,1396778,254.411423733646
4796828,1435540,513.7962091176157
4796829,99547,958.9728972230687
4796830,1341313,148.8935551130952
4796831,1844558,570.4340740391497
4796832,1781372,199.57399796521347
4796833,576598,93.89517317341944
4796834,415302,176.79861065218017
4796835,264892,736.1009841851786
4796836,1826776,406.1564681530009
4796837,699068,154.9576718685518
4796838,1468775,652.803180105019
4796839,420848,186.54529309118385
4796840,1949019,254.57516614008802
4796841,856044,96.74158335103178
4796842,167165,270.56409991420816
4796843,403580,591.9868837100128
4796844,1461563,189.37786308056127
4796845,402565,989.2736723839873
4796846,1904747,306.9580615782095
4796847,588609,506.93314474814343
4796848,1604290,467.08301503664217
4796849,1729568,227.29649755213555
4796850,1800109,788.0813835327784
4796851,801587,578.777842526044
4796852,598633,706.5125391725641
4796853,1182643,711.1108743784217
4796854,190166,990.441379021233
4796855,1382095,306.3767289632213
4796856,1444518,526.8971122345718
4796857,155147,783.2035515953735
4796858,1964448,601.4526285931983
4796859,1001123,831.2778634490438
4796860,1272272,467.36112794275596
4796861,1262190,736.7370070182159
4796862,510758,947.1723822591131
4796863,171138,685.2981701999904
4796864,1756832,989.9641455952511
4796865,1946708,976.4474127754418
4796866,130485,68.03062329587928
4796867,339915,105.91630553923804
4796868,16480,329.0363038420663
4796869,1984713,324.6102499282542
4796870,269001,707.2042625521058
4796871,867421,60.22203871122167
4796872,1530664,907.6018000275765
4796873,837097,361.4041873849767
4796874,1026587,952.6954848014216
4796875,843170,630.5255125788841
4796876,965963,627.1228672967766
4796877,605568,79.02209154172179
4796878,190559,933.9222846822533
4796879,516029,848.6634599486418
4796880,724825,413.8723513320085
4796881,1551555,942.9083048133508
4796882,1039764,566.910112011534
4796883,512582,322.58990388393636
4796884,1300023,794.0807287902645
4796885,1366268,428.5573165935378
4796886,1446040,203.2722854572333
4796887,286769,338.7028514513173
4796888,1544244,838.8793242435868
4796889,1721799,851.6799700721429
4796890,1931456,244.57221614245063
4796891,420542,486.97580752134786
4796892,1928285,646.9450621299843
4796893,1333201,177.89934549760778
4796894,1338964,968.7121852042683
4796895,547738,111.52544388425645
4796896,1875584,933.3290020859704
4796897,1163607,994.3142168046942
4796898,1635543,870.0287965591367
4796899,483184,886.2680088014894
4796900,1239728,24.41149717969704
4796901,1909702,351.17909424869896
4796902,1009688,591.5928103692042
4796903,1804574,142.12539058166985
4796904,1049047,912.9258444571174
4796905,1619635,932.2971655335666
4796906,942733,85.53851669329893
4796907,311262,607.6808028603502
4796908,1641964,540.3919632570924
4796909,685272,115.78187630543657
4796910,1033672,577.1722555741645
4796911,874676,751.7022794775514
4796912,1485536,431.32319650515393
4796913,742035,161.01347892224172
4796914,1944592,56.93084786622049
4796915,372413,830.805448078934
4796916,626460,732.7213507965279
4796917,1637377,649.9520785123577
4796918,902929,825.6745593285224
4796919,906941,613.0931456640743
4796920,413309,837.3136566517892
4796921,301107,570.8543444693706
4796922,1329876,737.9017997074397
4796923,796015,52.02907229425335
4796924,1183465,248.23157924115202
4796925,58074,855.8387726027662
4796926,23182,970.7624970386051
4796927,536678,581.9669028781777
4796928,1684945,836.3795229388811
4796929,44894,353.4977865606148
4796930,1526492,447.55131737760166
4796931,509009,100.41399578618193
4796932,1747825,712.5751122558389
4796933,1921955,863.0151802569274
4796934,1734919,0.1925940847768981
4796935,1308729,396.4935135126469
4796936,667277,642.3158497821428
4796937,779463,707.7893350799579
4796938,1751233,389.9492544724319
4796939,1383359,128.47971838327422
4796940,502196,720.54888001268
4796941,1178976,764.425485095202
4796942,602980,212.81439128347947
4796943,814305,102.69534757336262
4796944,1307647,477.92192686716015
4796945,1067585,684.2490384368764
4796946,1170873,967.0207315350267
4796947,370030,721.0776638061029
4796948,703319,961.0051080129945
4796949,1591693,57.797552612348646
4796950,301833,751.5688338175214
4796951,1670731,895.2553975516893
4796952,1817131,988.0219976574759
4796953,562545,268.845181453243
4796954,164748,624.63572478312
4796955,160327,208.29345961109814
4796956,1065387,616.4299326451322
4796957,1987791,567.1262479219758
4796958,113112,298.98319130028295
4796959,664258,351.7981209758658
4796960,1260614,865.5250660867105
4796961,1026174,791.0317634573169
4796962,389176,171.6845831154682
4796963,752929,610.3225087594025
4796964,1717972,427.62584862469066
4796965,1817353,259.88811982768414
4796966,443965,422.3563331456917
4796967,1868907,138.37367763753184
4796968,1516778,276.59981978628076
4796969,1786613,185.41048714487764
4796970,25535,586.0247448182913
4796971,298463,663.3987998074183
4796972,1382937,322.12634029370645
4796973,838826,807.6273019090982
4796974,796382,890.6758465601395
4796975,1033967,653.7429293104359
4796976,1763157,534.4443562201067
4796977,451251,277.67038974792337
4796978,218569,588.5102643698359
4796979,304735,305.09691735856484
4796980,1067213,958.5033038713214
4796981,426451,403.6435263539598
4796982,937382,729.839495359801
4796983,920738,102.027638507716
4796984,884559,593.0281596868167
4796985,28124,294.30236713684644
4796986,540582,71.57245297831349
4796987,1631397,258.2061115885717
4796988,1110601,823.4525997241773
4796989,406171,886.0791583648937
4796990,1828229,490.8950599927945
4796991,1046750,393.25972025367537
4796992,1672077,105.71904728782677
4796993,1787173,562.8646861768211
4796994,1830671,967.4577334413146
4796995,1628778,41.27286940192432
4796996,425964,80.44127382486732
4796997,1064315,552.5432567051172
4796998,1075892,448.7383542611203
4796999,1715951,294.0407346287906
4797000,1269783,793.6103933734005
4797001,1424377,389.43002037771515
4797002,1919243,763.6693296356477
4797003,1072788,737.7134699082726
4797004,621313,696.4205005146283
4797005,250392,400.0271309447464
4797006,1936992,214.09851487954245
4797007,146368,408.7389110362488
4797008,1267963,292.95385282999695
4797009,581368,920.1793329108036
4797010,1845661,641.6532718640913
4797011,1900146,436.60374837924786
4797012,453008,386.1985038664836
4797013,1304008,126.49079300890031
4797014,1490643,161.4531680155993
4797015,730167,891.5083431633777
4797016,100964,388.01505673650547
4797017,1211521,314.43847941182946
4797018,596653,696.249056580065
4797019,1176038,442.3638554002668
4797020,1412886,8.281030658371158
4797021,1823687,493.0889181788247
4797022,1342255,17.119515217806192
4797023,224736,825.763887258361
4797024,1644502,739.699395500521
4797025,1042703,841.3060337395743
4797026,1419468,993.617942742856
4797027,499551,202.23510900218588
4797028,33776,486.53772944837084
4797029,574876,638.1508627336383
4797030,1089192,259.3589569912702
4797031,1150201,713.2440281089565
4797032,999799,120.46955915842771
4797033,139715,330.3226954572268
4797034,216559,393.48851223969217
4797035,1820436,388.8594748680223
4797036,1035851,378.34837023521607
4797037,1526218,81.67440655542867
4797038,728246,848.8461449029434
4797039,1934597,531.1516882591023
4797040,132227,294.5023601860828
4797041,1214490,54.70787635911933
4797042,70113,973.5487210962987
4797043,1878328,354.60812589925115
4797044,1072554,490.55431336771096
4797045,1850761,542.734573545919
4797046,1080682,90.11419100653396
4797047,1272584,14.730630064713646
4797048,292778,600.0980074619931
4797049,1412014,485.6313618906538
4797050,467279,853.2207939422198
4797051,367499,516.7743820905828
4797052,1117142,880.4944419360787
4797053,882767,726.6317206338136
4797054,542168,900.0284756717741
4797055,1040949,241.82828635350438
4797056,1002302,371.8817525825753
4797057,1078352,361.7122157006253
4797058,1840939,664.7660655563853
4797059,601861,672.7900626675258
4797060,375350,813.3395832155202
4797061,1508662,60.61008292789716
4797062,740061,47.52421939762896
4797063,1480122,831.0143755168766
4797064,1345390,475.841573233289
4797065,541596,522.2899231453192
4797066,1159620,855.5589029420677
4797067,1716125,823.4543355704876
4797068,98581,540.7066878550673
4797069,476701,90.60413643678677
4797070,786025,201.81773145856187
4797071,470862,379.99131378376984
4797072,53129,634.201107883981
4797073,1246192,989.0458327826786
4797074,1688802,235.66497633878924
4797075,643877,523.2656971797917
4797076,66880,137.2550944552222
4797077,164844,472.5910049758114
4797078,1629001,683.5096501774655
4797079,266945,910.2456084852589
4797080,821797,834.9874464046616
4797081,1691942,639.6994675417526
4797082,144784,773.3649713141783
4797083,438444,783.318167270699
4797084,587852,885.401092128453
4797085,1378936,436.8850270601252
4797086,1382167,690.5688134778875
4797087,519279,602.4263992426887
4797088,500701,888.1155635169838
4797089,976029,890.4181251057267
4797090,1938509,742.1103523055483
4797091,1878689,98.26465444876398
4797092,1169593,266.3002850432695
4797093,1737491,348.5690764503012
4797094,1901461,588.3237524278709
4797095,596681,350.4990836484769
4797096,103752,937.700303949649
4797097,1246700,634.9264830174069
4797098,1512920,194.0745671103561
4797099,973414,430.07968998606015
4797100,1801512,653.3710562463647
4797101,1201290,461.5391232064461
4797102,1939201,166.25240318924938
4797103,1798260,948.8977778565298
4797104,151263,473.70905452061197
4797105,1842957,227.4764706457818
4797106,1962957,886.8721193916418
4797107,548087,74.62113687361061
4797108,1230377,786.7410003456979
4797109,585623,788.6751594576172
4797110,1625832,534.5690893706718
4797111,1298295,871.6272930028426
4797112,1317353,118.96736610821124
4797113,1170922,869.3446796444886
4797114,1618875,732.8613860739857
4797115,1535860,184.54039969436477
4797116,973860,128.95315986104828
4797117,1072103,902.274733377084
4797118,745566,413.73679021575015
4797119,766828,769.9081164725524
4797120,1335523,399.00370767498373
4797121,718874,353.8232525638849
4797122,479438,483.7435607451801
4797123,1016799,999.1242478611523
4797124,1672810,882.9574447391976
4797125,393964,276.58679549044507
4797126,25235,47.23879730989966
4797127,1237303,32.90400145124084
4797128,661863,332.0463663097637
4797129,710451,864.9229854389328
4797130,144800,577.5926160165319
4797131,1757232,480.62235328022507
4797132,936857,600.4096426993854
4797133,845325,532.5485900699945
4797134,1094661,617.5066489349927
4797135,974058,731.6497098499652
4797136,1603410,473.68108052068646
4797137,1603363,677.6248107514032
4797138,1446378,829.7891732011752
4797139,1123551,245.605800038887
4797140,991783,46.2772985811839
4797141,1780299,770.1062570752944
4797142,1738848,462.09585865504124
4797143,1971989,134.52239109377072
4797144,620016,688.1317457793455
4797145,959666,686.700786623795
4797146,1839193,935.3156204405851
4797147,1351319,125.39162799676873
4797148,1532586,143.5457109986098
4797149,455912,572.0863826445042
4797150,1221126,14.426485903432319
4797151,247648,912.6510481195328
4797152,1590066,436.71507287695385
4797153,1060338,759.4309013229424
4797154,1909244,268.5283652319067
4797155,1296073,136.649402510305
4797156,1825883,227.4117000091851
4797157,143557,418.78262452074114
4797158,1138789,344.48950966689426
4797159,153456,7.0082702039194755
4797160,598430,649.6785457458793
4797161,979713,148.03036934166823
4797162,1359084,185.75604007212453
4797163,1455409,175.3350023442356
4797164,460651,921.125880290624
4797165,1358428,82.67161254753852
4797166,1675551,164.11557780556706
4797167,82122,635.8889595200866
4797168,111168,334.86169537318887
4797169,152656,723.8426022073472
4797170,888787,665.1149452943409
4797171,1617910,61.69025588626109
4797172,833793,259.3341848494365
4797173,1239109,649.7959669331242
4797174,775817,985.5764091211812
4797175,1012213,453.45591616212664
4797176,1350711,52.09135656560127
4797177,263336,485.84470496604257
4797178,765510,797.6054173507422
4797179,312857,936.841027877284
4797180,517263,665.2264719913181
4797181,1569039,636.0547453561798
4797182,466020,618.3514468421367
4797183,435732,484.22730386424917
4797184,1361011,982.03074356246
4797185,478712,628.8810272299988
4797186,1041960,380.86827768292954
4797187,135492,286.71001694641916
4797188,1035868,636.1469723524975
4797189,1956926,89.38691903132401
4797190,1717465,10.307038048614325
4797191,125634,223.12451498593066
4797192,99086,71.59837549743442
4797193,655732,845.444343640662
4797194,608835,486.7675587627825
4797195,154997,773.6649892079292
4797196,1010082,891.5493554581587
4797197,1142970,128.21061846463598
4797198,338109,885.891621528331
4797199,316925,335.46095196756596
4797200,93008,354.64043513278256
4797201,1557615,301.5600121623354
4797202,1892524,770.882019709671
4797203,1978992,758.1786394280684
4797204,598494,640.1967640135863
4797205,1285615,418.1482647517398
4797206,973800,668.1710953346195
4797207,1492224,693.6129682043653
4797208,680831,837.5836729693966
4797209,1817609,226.67991166150148
4797210,1826682,906.7745553436931
4797211,1763833,357.07739544677554
4797212,1425949,48.22390805166443
4797213,1906463,228.29612059514037
4797214,51230,522.9038099157975
4797215,1034840,651.0580926407899
4797216,1317295,919.9319772519019
4797217,149952,814.6969265846793
4797218,1122225,871.3067001560207
4797219,1546077,45.90643270962447
4797220,213929,11.359359210331931
4797221,1981593,990.9747896931403
4797222,1369856,629.4890032155108
4797223,838134,364.4933827278281
4797224,1798266,470.63751062428474
4797225,1706144,314.56170838938505
4797226,1605225,660.416144025848
4797227,272609,505.39395941974044
4797228,565064,583.6347100050214
4797229,687754,640.3684231961969
4797230,787720,628.5758578608115
4797231,1658360,845.077547057316
4797232,114615,559.8948817183109
4797233,928982,160.79990355234776
4797234,1875925,42.94072927660775
4797235,1055225,390.7413802358842
4797236,141132,648.4242583147307
4797237,989537,481.19622332733246
4797238,653813,190.32342454066887
4797239,1764685,819.3561185792344
4797240,1208251,193.01081648495145
4797241,145244,380.6673752996695
4797242,1928048,547.6758044800472
4797243,1508797,593.1918950822202
4797244,870707,434.0978960129892
4797245,1398666,776.6616971808654
4797246,1343943,520.2789024664872
4797247,1819318,926.2878950107541
4797248,390635,686.6817503609927
4797249,999404,3.4913612756440893
4797250,1471997,882.6934695420605
4797251,1403122,256.008873865989
4797252,224250,946.4432751563634
4797253,210153,560.4746665053494
4797254,560192,997.3877007095929
4797255,1530884,453.52007113978397
4797256,3365,223.77246697210686
4797257,524375,153.93813679847034
4797258,1396957,644.1204508293395
4797259,1777177,796.0022577217582
4797260,1605119,407.90143578434413
4797261,119147,11.220580178217254
4797262,574170,559.5541512307007
4797263,1531072,194.95690304682321
4797264,1263291,163.66995582529887
4797265,1979550,408.554192130224
4797266,799765,559.1720023435435
4797267,894934,637.4669288475043
4797268,249348,860.1148128267497
4797269,1891178,755.996139992628
4797270,602929,108.42146222951676
4797271,1221517,437.30577081297207
4797272,1800961,304.4470465597543
4797273,442797,32.60137175009137
4797274,238315,590.3872173528847
4797275,686752,166.16728237583533
4797276,1017529,481.2615178153198
4797277,62102,793.7500689869133
4797278,1110390,726.8048396734713
4797279,50901,637.5191232065862
4797280,661073,295.71285564370874
4797281,563198,457.59844444988505
4797282,1302775,89.206276422922
4797283,1503304,643.2631972113021
4797284,599086,407.4125999925563
4797285,1044324,278.10512519520756
4797286,701856,111.3533785000903
4797287,714400,632.8172871855097
4797288,165364,601.6872009578358
4797289,450458,665.4843363533516
4797290,403931,469.71586330176854
4797291,1187524,650.5474780904955
4797292,1941494,407.3325137432643
4797293,1189862,36.063672787682854
4797294,1612002,940.0389093958701
4797295,618203,221.72573960956777
4797296,1139592,709.1653609675673
4797297,651548,372.8730048826644
4797298,1936668,749.3861942766625
4797299,754822,866.2387694422562
4797300,108392,284.2288562406672
4797301,24085,636.98676426015
4797302,1860260,89.1610408270408
4797303,955418,326.7434212895383
4797304,79365,521.557073414482
4797305,1676287,593.3365401133705
4797306,790278,475.1042981945647
4797307,737072,995.7183201595622
4797308,1856625,234.22032585607167
4797309,1975738,399.7235780356533
4797310,430438,680.1625511856007
4797311,610888,875.4381630613401
4797312,790320,615.2945513957751
4797313,1725905,886.1186647079875
4797314,1322049,140.93095329820392
4797315,1614075,357.9626289081568
4797316,1821373,44.09634803854034
4797317,547668,192.22068552070326
4797318,1806956,791.9593243064787
4797319,569229,534.2634860627275
4797320,1017870,746.2077112192289
4797321,1984084,21.580774128284077
4797322,1144055,226.96836520197115
4797323,1898607,980.3659221792077
4797324,1423914,949.7706198549041
4797325,1246669,612.2794270861948
4797326,1373698,118.63986823769545
4797327,1919216,295.3075030579725
4797328,815607,281.79646257370706
4797329,427967,722.7347577684163
4797330,553941,189.07156616123766
4797331,1087851,334.7168381196672
4797332,1985576,817.8426638699176
4797333,174201,693.20265797542
4797334,1628564,50.13117034951065
4797335,1214861,577.6781786849631
4797336,1990717,788.5999343836417
4797337,1713128,742.9545479423481
4797338,659497,547.0529502658763
4797339,174644,645.3069505325846
4797340,977791,663.8022962921088
4797341,1607712,838.013099765542
4797342,194473,436.29600637596945
4797343,181104,787.6100840274573
4797344,133854,350.83637648304665
4797345,287585,412.54474331424683
4797346,666829,883.2509182653995
4797347,1236070,18.217371337031164
4797348,1839726,714.1471411939591
4797349,1106065,473.82881859002066
4797350,628389,620.6357796601866
4797351,846070,676.8225206629655
4797352,655719,797.9193480114043
4797353,755376,405.47067827797224
4797354,1451331,165.45792948870664
4797355,1042281,446.19873015641997
4797356,1198201,344.1215626476521
4797357,1875511,885.0090143389516
4797358,570629,384.9691311971022
4797359,987580,923.5230946669078
4797360,1721970,17.320504886749745
4797361,1448138,234.85650716032825
4797362,210449,939.1129773491792
4797363,1221292,637.0147996124249
4797364,1099524,802.681764829889
4797365,828723,932.4321622381026
4797366,5922,426.6712101701237
4797367,77665,607.9187303175459
4797368,1047168,339.87390297812203
4797369,1523468,105.25730154656388
4797370,1138427,619.8130776561527
4797371,1559619,498.8841411232746
4797372,1379594,461.80194701225355
4797373,1911396,966.7320740942848
4797374,1831845,256.0934267812027
4797375,1874523,317.62375794153894
4797376,1884421,363.4886886575095
4797377,725862,549.1527537281182
4797378,1488783,791.7350163366464
4797379,988292,115.43904710950548
4797380,1317072,250.1653944833756
4797381,938640,565.1026343874983
4797382,1946436,234.7690462482077
4797383,1096734,141.10908079859152
4797384,1069726,441.343369725879
4797385,1400865,834.4299489303447
4797386,417424,150.58738931531857
4797387,1061365,417.4690120509051
4797388,498099,786.3326870795335
4797389,1413402,488.2840387609815
4797390,1502419,447.446347988857
4797391,846378,910.6351830963836
4797392,306313,694.5216363960384
4797393,1508939,867.9252819359183
4797394,142421,431.03216958390635
4797395,441459,812.0947131984219
4797396,1743931,465.9964375608445
4797397,1593080,385.9901918135291
4797398,610945,357.0225501616202
4797399,811585,644.0084235913741
4797400,1316169,119.92854721900048
4797401,1202561,638.0698984865983
4797402,1792157,701.4443485142295
4797403,1638276,424.546436356666
4797404,1221348,397.77610063020853
4797405,1305773,255.90095705439674
4797406,423782,882.7073139757558
4797407,1747917,732.7712026401731
4797408,291256,994.5212950249532
4797409,1682831,245.74269300387164
4797410,475597,647.3587619160678
4797411,1538843,81.08160538750464
4797412,1629867,412.22332162811915
4797413,1481865,558.5935696639183
4797414,36187,641.9256866672292
4797415,1480983,829.7190641505629
4797416,1048337,715.6197845806068
4797417,161521,957.1351386849017
4797418,840242,608.1290436865676
4797419,700297,258.42965916761204
4797420,104791,235.3952655278737
4797421,342459,246.47763070570795
4797422,560317,525.5233640020124
4797423,599234,588.3624145299365
4797424,720706,398.40458801755665
4797425,1498133,602.4087427381411
4797426,1896787,11.082605345520967
4797427,1268450,60.01398704963379
4797428,1195932,982.102373124478
4797429,347156,123.34176350180537
4797430,426264,350.61568974555956
4797431,1630924,52.264112546681396
4797432,1816870,45.33028245352077
4797433,471669,846.3665919257298
4797434,140730,673.9773011231417
4797435,570532,27.552837277804333
4797436,1420732,375.7649199529279
4797437,1612792,796.0714349668497
4797438,1600182,394.72586239595387
4797439,1262179,732.3815292482858
4797440,174806,462.7463115704248
4797441,1130497,227.67034268338128
4797442,895348,462.24914754258475
4797443,832319,415.4451635277432
4797444,1915377,348.0504683319036
4797445,678323,2.6629234143069613
4797446,1138410,89.11556874269743
4797447,1364597,444.0478638139118
4797448,1987508,252.46483116311856
4797449,1012465,564.3188641771484
4797450,110967,354.85825592441324
4797451,71951,407.3272694586646
4797452,1740805,485.6920143068155
4797453,1563233,66.15067956266796
4797454,345164,716.4519741239712
4797455,548882,390.11244937649616
4797456,87283,292.3168833889741
4797457,1928648,558.6366254067462
4797458,1270735,166.982149815033
4797459,369780,874.0276737194025
4797460,617460,774.239980238193
4797461,40353,731.3459306298874
4797462,1419975,590.7511962668822
4797463,957730,16.308985355008353
4797464,359726,870.1990936884856
4797465,1247578,760.8380721022453
4797466,885031,557.3271622532761
4797467,171613,731.8651887771865
4797468,400422,59.335918656651664
4797469,274106,957.3453378962002
4797470,478151,975.3294031004428
4797471,1825355,654.3614045629014
4797472,1161287,757.0833656254766
4797473,1957168,590.0321940157395
4797474,673757,389.5017355329474
4797475,1934249,283.9003106866279
4797476,1073005,566.3909570637132
4797477,62614,97.49222170220106
4797478,289265,192.62712651407122
4797479,161511,791.5415911404755
4797480,464158,93.95820158792844
4797481,955499,264.6591155771133
4797482,1108209,270.61867564865184
4797483,1134131,31.043896797849357
4797484,1559958,863.370215965589
4797485,1403472,838.8278201034866
4797486,91253,84.78128073659275
4797487,1495445,555.8578368899402
4797488,361782,531.769959113755
4797489,1691876,438.19844270469474
4797490,1399860,565.8820585510862
4797491,1052986,900.8078263523587
4797492,1128394,389.69502500495014
4797493,28255,414.9429668151725
4797494,321405,435.19054215342544
4797495,907808,102.6421534699733
4797496,1984681,595.8996157649085
4797497,821432,28.936700311715246
4797498,982398,673.5703748144144
4797499,1547908,442.8830449382247
4797500,568223,185.70116707991713
4797501,205272,544.1060701552693
4797502,1123432,682.635362792929
4797503,743655,487.63266853339803
4797504,672220,390.75847162464083
4797505,1017255,64.01437129895515
4797506,1669092,155.1353344617944
4797507,947469,905.8010599335772
4797508,1295839,829.4315325683045
4797509,991988,699.5877138738387
4797510,1266667,413.4186505311953
4797511,999209,160.21824824549003
4797512,301568,765.0363989243248
4797513,1803328,440.48789880470974
4797514,982848,699.3048310204865
4797515,1196832,337.41661005597
4797516,1869214,823.7191667002044
4797517,529165,649.4645271491154
4797518,995038,186.10502171192266
4797519,1592477,132.77256694554583
4797520,1115750,215.8115295560965
4797521,1430791,897.6268064918287
4797522,1321302,508.6672501216736
4797523,110132,820.8482752365828
4797524,750096,560.8582556819684
4797525,1191231,565.9673050869832
4797526,1321180,905.5155736100722
4797527,825080,96.14445808034888
4797528,1229654,208.13184750807545
4797529,492802,47.339749337933945
4797530,1864008,618.5419381031007
4797531,129357,685.97806715417
4797532,1969340,165.03711988486813
4797533,1868304,590.0207739493524
4797534,43600,279.55781899025624
4797535,1142817,874.1489742224483
4797536,380357,962.6088856122561
4797537,939742,656.2219642113216
4797538,238532,872.2027133632912
4797539,1521952,259.41471341896624
4797540,1761464,341.894410550318
4797541,1382411,701.854691283239
4797542,312422,679.2379659638351
4797543,996033,753.203760243217
4797544,459090,760.7865040598278
4797545,472127,509.80343673822705
4797546,1660994,948.1072522710999
4797547,77350,592.1212641106317
4797548,797456,802.3948620778208
4797549,1287325,119.48265455933993
4797550,1519779,222.78777916108783
4797551,1221233,315.83373912415624
4797552,1888303,847.1687762571752
4797553,369843,986.2032981142227
4797554,1225565,31.199993373072445
4797555,539403,620.5724118854379
4797556,187111,452.67866796694454
4797557,893444,102.40458110046613
4797558,9514,656.2837329826615
4797559,1702186,823.0625270067767
4797560,408962,265.05213763912207
4797561,1539926,777.5706390374452
4797562,856515,600.3872711423439
4797563,1190208,793.1936875554803
4797564,1993131,633.7868222459085
4797565,1938182,383.012571361895
4797566,1477552,232.60179134085635
4797567,392123,89.06296297986339
4797568,1579429,697.8924122726955
4797569,814961,462.53864530218925
4797570,609008,274.7466896098202
4797571,449598,627.9138705538539
4797572,722623,805.4638108552222
4797573,682319,736.1013210679394
4797574,1823377,537.244083049463
4797575,1713158,224.4530111487798
4797576,1738723,253.6105841967058
4797577,1677656,207.15981538330675
4797578,988329,702.7355569975714
4797579,685951,10.692715108841622
4797580,1202642,442.2518739198137
4797581,866370,434.9610158363455
4797582,552971,945.0405042163762
4797583,914286,725.1722183692146
4797584,86140,968.0894636129219
4797585,1366200,847.6454942329852
4797586,76909,529.5078546823888
4797587,179255,186.9773136086178
4797588,1316178,386.90581542970557
4797589,867869,586.6216342784649
4797590,98877,899.3624450129605
4797591,342923,648.0543800359301
4797592,1737014,456.5469852891725
4797593,1236364,911.2164667550738
4797594,1226788,874.6071050974705
4797595,1931510,822.6931281918415
4797596,203280,680.6617038202943
4797597,1714857,326.8041175197998
4797598,204565,586.0133660959942
4797599,703592,668.0360690717204
4797600,1731874,448.9283086873796
4797601,1471965,919.8209801548783
4797602,140165,146.52653934211378
4797603,445629,566.3531966043392
4797604,15627,826.7586153463388
4797605,1339343,270.1796828226466
4797606,1682623,53.836814520481504
4797607,85267,871.9300602181697
4797608,1999630,194.01961461982586
4797609,523260,867.930348582633
4797610,1068254,461.9831681024076
4797611,1264892,536.1685184637884
4797612,1904364,787.3380745142068
4797613,1142252,569.6268444492216
4797614,169364,979.0325341846387
4797615,1517902,970.8845579864568
4797616,180378,959.3257378862677
4797617,1775048,228.9039950678977
4797618,1024107,680.1976354173099
4797619,1898134,449.8365594675117
4797620,1254874,140.32749967845336
4797621,1631285,127.19131439790621
4797622,528626,629.1730558518071
4797623,1127850,790.3628590591355
4797624,1104447,716.7709553184587
4797625,1855916,566.4276382838542
4797626,987066,564.7675726341046
4797627,1480824,653.3877524802913
4797628,1601004,637.443987513438
4797629,1579452,790.8874438120928
4797630,1513896,814.3077498471591
4797631,355835,145.2948567145499
4797632,1273704,140.42789252066657
4797633,774433,772.8088711052643
4797634,286944,813.5312302006537
4797635,672024,945.9741200369989
4797636,1436417,180.3038707623963
4797637,1995003,416.468263840395
4797638,1563300,287.13871948495205
4797639,171858,557.7770137680013
4797640,1560136,770.4519911890408
4797641,319049,255.73878207759404
4797642,1163894,962.5799262081972
4797643,505135,377.97799715181924
4797644,1008483,62.23269924969821
4797645,421500,600.7139492182504
4797646,1032868,416.87372774531065
4797647,790547,930.571599384483
4797648,1760126,71.6210523522679
4797649,187967,187.25920401221518
4797650,1051184,561.4230119279829
4797651,1791241,44.49157314906249
4797652,1135547,502.95386670217204
4797653,4756,483.4565112787801
4797654,451648,783.7943776573379
4797655,238612,446.74495430968574
4797656,647623,223.54622044702433
4797657,1803806,965.996398138898
4797658,317396,613.2219733829843
4797659,862975,815.2019537965532
4797660,1556344,437.64792066465
4797661,1900030,133.01178284569028
4797662,1883919,112.4709486516875
4797663,84215,987.7578954470347
4797664,426494,74.81174769139764
4797665,1377133,232.80054169943952
4797666,289077,316.6376598174263
4797667,928225,563.4468014926314
4797668,168276,248.07409460396534
4797669,1716391,544.6721211220841
4797670,232249,479.6148269305114
4797671,1777058,21.586087246370344
4797672,1211754,621.3715177838866
4797673,1807608,916.795440633028
4797674,1279542,579.168637758273
4797675,1917706,59.67784303628476
4797676,676832,5.538075326537606
4797677,115284,42.71058090215662
4797678,222282,430.3600874361995
4797679,689307,87.70981268295697
4797680,462787,102.26161509856813
4797681,121278,258.80354604496426
4797682,783491,116.58995728268418
4797683,1915255,331.8393980714447
4797684,390692,982.5485727479481
4797685,379523,859.7287514052376
4797686,505259,697.5419664206938
4797687,1905144,834.1602821810458
4797688,1111429,180.93305820003337
4797689,1864289,916.8369626283318
4797690,434583,848.5983928637119
4797691,875304,587.603268753369
4797692,531734,509.51671260240363
4797693,1598899,790.5284990031703
4797694,1967716,864.0364988987611
4797695,1266092,640.1337703801345
4797696,1810470,437.2285442435905
4797697,1423568,581.5503208555513
4797698,515590,812.865389395472
4797699,1525940,605.1662973584523
4797700,1124172,542.623684672589
4797701,59457,38.89454086874722
4797702,1529556,360.9291843976368
4797703,1001702,326.38141756757943
4797704,598618,106.76627449436482
4797705,1327456,162.6366706783874
4797706,1698816,97.70639903092571
4797707,465624,768.7272776829262
4797708,987020,939.5940896471391
4797709,256184,749.8954492349187
4797710,901557,514.0486294052338
4797711,1932353,46.667027711690736
4797712,839776,241.53186766984203
4797713,1659945,118.75861830044754
4797714,1320821,595.4156392240315
4797715,1968169,769.7690311797973
4797716,214734,779.5453449327182
4797717,677425,104.03890483466627
4797718,1534229,937.5413703292654
4797719,1064356,269.6191766352258
4797720,962172,114.2094892504032
4797721,1396571,991.5961206107714
4797722,1256379,206.19391014135414
4797723,635430,328.1304251164443
4797724,1450199,714.4118764141468
4797725,1979379,877.987265025288
4797726,1248440,661.1280505765328
4797727,1412355,607.6927279186009
4797728,457314,31.912798494145413
4797729,1519634,91.44517792780327
4797730,783154,684.0978407756991
4797731,891355,23.870930552035375
4797732,1966959,24.475934884703896
4797733,835507,541.8962073368147
4797734,1779240,949.281446999501
4797735,1040704,253.96778315460676
4797736,561769,368.4818837795474
4797737,1691361,171.03487119312177
4797738,744617,604.0903911526252
4797739,376937,291.8207745051042
4797740,877490,879.7741876669443
4797741,383007,803.0127630059598
4797742,459290,9.603224860263992
4797743,248086,438.7327282040662
4797744,323238,980.1795545998523
4797745,1869539,619.9757095271112
4797746,219613,602.8937609652813
4797747,52354,989.8336272032435
4797748,422620,416.8326690071266
4797749,983137,993.7174440249962
4797750,1942717,494.2260277587983
4797751,1861961,156.0482981220558
4797752,1080030,934.9509388367986
4797753,1693045,134.7506140988779
4797754,1317150,210.80780565420932
4797755,1096237,610.7247505757333
4797756,222149,129.77682059927798
4797757,1500253,568.639517073037
4797758,1220248,198.26163097914718
4797759,1494580,605.9255634894353
4797760,1999581,691.7675326913846
4797761,207896,839.1980237065995
4797762,1063668,403.9063221631024
4797763,278344,314.2924046124971
4797764,208558,994.7010646013786
4797765,524861,726.8306166723994
4797766,384707,659.7177320450471
4797767,828001,358.68726184862066
4797768,1535609,266.29669343483056
4797769,959047,174.9302846869666
4797770,353342,995.0348029481822
4797771,863696,883.7465262045464
4797772,989273,825.0482805335805
4797773,1623114,62.58685338474923
4797774,1854365,404.2974536479652
4797775,951938,926.183777374843
4797776,581784,30.63315221857732
4797777,1127415,801.613125354949
4797778,1231974,319.04378443170134
4797779,599472,759.4407042081683
4797780,1973637,836.7259826905218
4797781,132625,902.7088858186492
4797782,1529758,346.6641682493764
4797783,1392282,985.1684749660761
4797784,1186479,188.21623543091448
4797785,1744658,319.4589331120985
4797786,1261205,389.8533958152531
4797787,1735671,742.3193631205049
4797788,822124,472.9897606116218
4797789,1887179,949.5526381188055
4797790,1356924,385.7150045467055
4797791,1860685,74.5012327158272
4797792,241900,405.45304963142684
4797793,115021,645.5697390399308
4797794,654452,741.4663054897713
4797795,490010,670.9215227392643
4797796,198606,816.4833224690367
4797797,275172,155.80509327556103
4797798,278677,517.3201173581768
4797799,1791326,430.0034004689591
4797800,163351,227.88820834365086
4797801,1062790,261.5381668773468
4797802,1667922,764.9166586819744
4797803,1326998,855.9862616663647
4797804,125740,766.1699197203671
4797805,197266,695.6410990240021
4797806,1872351,882.2280613165079
4797807,387559,893.2502298482368
4797808,998032,252.63760235079158
4797809,1380649,692.6058545837055
4797810,1059242,955.3480659099725
4797811,1148755,875.5498335545357
4797812,409132,466.63096052164474
4797813,1828611,527.6232693566335
4797814,983322,319.6239813523426
4797815,417027,624.810500697131
4797816,1153914,706.158390918084
4797817,1195633,810.3138283249228
4797818,1805811,525.2791232543128
4797819,1353425,47.37061708224177
4797820,760051,360.77461434711336
4797821,1945990,537.2095528812973
4797822,927591,642.8509159577849
4797823,385009,309.70143710387185
4797824,144729,171.07345062576962
4797825,1551999,350.9745721559935
4797826,1959619,935.7541969799084
4797827,1688788,400.22240312487645
4797828,958855,902.5435046641703
4797829,9502,326.3289583213365
4797830,1393133,309.9310075918281
4797831,518876,869.070082598076
4797832,1204596,616.9447603809228
4797833,336848,38.555242408559344
4797834,921556,128.97128883444276
4797835,1911825,214.61161243744232
4797836,1783865,895.7671338432853
4797837,481437,878.9461254180172
4797838,488800,378.2930006211451
4797839,1297080,324.691852570976
4797840,183239,931.6743875301202
4797841,1942982,980.0053087180347
4797842,1311010,805.1234672752091
4797843,919316,683.5188360158601
4797844,892901,852.0657677537171
4797845,1183489,794.8521494930526
4797846,1757903,334.2091015241784
4797847,769305,576.722539578809
4797848,1375229,820.4737507494314
4797849,316429,526.403312875163
4797850,91182,515.8783103139763
4797851,1981253,327.40716714045436
4797852,1633909,503.3727255047348
4797853,1696272,68.50822587858273
4797854,1793370,838.2680783000591
4797855,532665,999.63603180264
4797856,394296,115.12598305705967
4797857,1738696,859.8796545637691
4797858,1779944,309.58160429772676
4797859,389070,223.35521812626814
4797860,747445,797.5967336502871
4797861,1308200,820.4014407121684
4797862,1744157,887.3596674824202
4797863,1712709,462.4190164084856
4797864,1859854,541.209048736016
4797865,1875403,174.9064239320185
4797866,710708,766.8791247695507
4797867,1891965,840.0052275208875
4797868,674626,423.8086906811325
4797869,1606205,617.7136388051867
4797870,1869305,812.4447332006162
4797871,308129,851.1219699995588
4797872,1139991,653.9213887844238
4797873,459579,552.350804934823
4797874,1184314,232.17973562041516
4797875,1644239,535.4138625783705
4797876,318844,865.5729389150674
4797877,269567,186.8186605361465
4797878,1036403,370.6726761231086
4797879,1802850,552.3381663346745
4797880,1084868,50.30481628213723
4797881,222954,637.5166273337446
4797882,576785,638.2126128492207
4797883,253359,83.59407626041993
4797884,1908600,850.349784319583
4797885,1670021,618.7665016922567
4797886,308614,150.64253049855415
4797887,116337,954.3795203751732
4797888,1949102,459.89092150740083
4797889,1199875,9.537637221827545
4797890,1379769,843.3820510412509
4797891,522461,951.7005509729306
4797892,1756013,472.0922041601829
4797893,1186483,369.2896616289405
4797894,458594,458.36137631333315
4797895,624695,276.07380192522845
4797896,779815,51.620989480501756
4797897,1447418,179.97781857373573
4797898,629572,948.6527603717619
4797899,1182601,421.17353968221494
4797900,1033618,63.33794809795856
4797901,1348865,134.91402745268167
4797902,1037858,647.540504373402
4797903,1106149,899.4898812636724
4797904,459076,911.2841573359116
4797905,1570436,435.72525840423236
4797906,1655692,17.056846535096206
4797907,1465839,123.85751618425667
4797908,1245929,879.7965930374777
4797909,279324,195.16387257592726
4797910,1833059,606.8535111931001
4797911,816627,721.2173600704566
4797912,1185480,675.7434367568898
4797913,1529506,725.3144587483216
4797914,1438976,73.2567901543918
4797915,1047869,730.0755788276444
4797916,1929678,125.39242957951879
4797917,1794307,852.6812022655234
4797918,179681,88.35034386885366
4797919,1988886,891.6873235443247
4797920,1264780,65.38467667283665
4797921,195060,508.95251809827727
4797922,1815549,745.9731133504819
4797923,616189,175.09044586158484
4797924,541369,987.9673552062155
4797925,1211041,99.97314515354772
4797926,996188,331.6188130444473
4797927,251653,263.0729333311246
4797928,556019,968.8289952711445
4797929,1985110,10.769239934117492
4797930,1890510,25.164861917141067
4797931,126044,735.3134850217781
4797932,1427474,955.771002221736
4797933,1942757,937.8783310441285
4797934,1195077,747.0668101580854
4797935,1771386,790.0625169928298
4797936,1289121,983.3578100271192
4797937,1623541,347.45272223377344
4797938,855657,410.7302389110712
4797939,1930030,59.50948072727091
4797940,857765,342.90399727116494
4797941,814484,879.9922121728792
4797942,325179,544.7605804821209
4797943,523269,333.01619744938927
4797944,1554015,800.2127186027218
4797945,82934,427.5275090947066
4797946,572042,39.114373599286935
4797947,417934,314.6423548208206
4797948,213910,743.9823527905576
4797949,579439,200.4068733368647
4797950,1462316,714.0316623894975
4797951,1832361,674.6588666516003
4797952,1599022,660.4052008345661
4797953,969438,341.5348690919866
4797954,1901509,575.4170064157242
4797955,1792028,55.564698600335745
4797956,195535,291.1928432639106
4797957,125475,213.35604001992414
4797958,794518,513.4827628651796
4797959,660628,741.0145527371499
4797960,229703,862.1121875806315
4797961,1382697,540.1854164441689
4797962,2474,544.5262944033216
4797963,1226009,273.146296286367
4797964,1792556,642.9256887983257
4797965,1993113,480.2560348286209
4797966,1363684,524.9441527309453
4797967,902779,573.4548855265838
4797968,1414916,733.272217890531
4797969,1504971,974.9678188808389
4797970,1261251,222.40293200394868
4797971,457320,839.1547279675184
4797972,1890367,130.48236845151118
4797973,1727020,7.380134059870924
4797974,102196,66.49402679504112
4797975,772067,854.9648952385346
4797976,201384,380.3496990975258
4797977,844278,288.97022744682
4797978,1458767,707.987468568398
4797979,964374,245.33032134642573
4797980,1870509,648.8583191951049
4797981,694779,124.61864243294652
4797982,1419300,669.0193556535951
4797983,1354043,556.9026727274453
4797984,1489818,500.4903861903259
4797985,1392173,505.59757405715857
4797986,915981,355.3840075387467
4797987,121284,820.1601061917992
4797988,1288839,293.59606515335315
4797989,878739,626.0299762439005
4797990,228399,363.3268784143321
4797991,729087,665.5936962019323
4797992,975631,52.07249185842888
4797993,373983,565.8699825935336
4797994,623127,839.5187964681332
4797995,1339636,864.5787840187645
4797996,1647434,505.0902217787836
4797997,1482435,633.9049550329966
4797998,141974,514.9573821153813
4797999,192510,741.4402018859555
4798000,669782,0.7102011853481471
4798001,616397,745.8195325091641
4798002,1858126,926.5252658630874
4798003,919561,824.689622738905
4798004,1414070,158.85055501926692
4798005,1850696,555.5563449347454
4798006,398932,717.4050742956714
4798007,1029632,222.34553212446173
4798008,308607,917.6512927775234
4798009,1904741,837.4434869155704
4798010,10683,361.20488242908635
4798011,1013917,129.4998911944748
4798012,94338,617.0588174648697
4798013,1839856,2.3650412619118377
4798014,1256135,3.288592653760025
4798015,1508139,803.0159763337094
4798016,1162943,542.957617575751
4798017,122453,451.8065084826568
4798018,1050627,769.7943392954573
4798019,1027400,369.1417793129838
4798020,1164609,913.0368534462575
4798021,1065321,895.4521499097979
4798022,308386,230.4085210217073
4798023,363560,59.027056547100386
4798024,1725765,130.8683347879165
4798025,1728696,988.0305245478014
4798026,1836871,25.208780736616255
4798027,1076515,413.77416818715216
4798028,144543,564.269384235949
4798029,1468625,540.2776712279518
4798030,31932,955.8487533478909
4798031,1388774,542.1047212281105
4798032,1413199,309.33928679564673
4798033,1557000,479.4344086997032
4798034,1633937,650.779044176386
4798035,1861446,100.45343345707225
4798036,533518,973.3210154497222
4798037,1589617,425.56999461319236
4798038,1340296,422.4076626063178
4798039,1103099,958.158113895515
4798040,1554804,66.23312779198586
4798041,94003,646.2848283610364
4798042,1437521,646.4951230178887
4798043,510711,124.96101135010385
4798044,129287,640.292788938883
4798045,630071,49.8926183491708
4798046,1417108,780.5384393608565
4798047,1855717,805.1194483857471
4798048,4337,353.8316581440858
4798049,1098698,368.3758615862389
4798050,1322794,561.5368290929081
4798051,1102304,339.56629910156346
4798052,1411661,943.9229947068841
4798053,1650525,580.8927434822318
4798054,1615280,585.9519754295288
4798055,1446574,264.6956800740914
4798056,1351465,972.476651374115
4798057,1348876,603.1525128300298
4798058,1672537,262.8787353596196
4798059,1442893,848.8854450168911
4798060,510089,334.7858503608937
4798061,1914439,466.4319982821576
4798062,1865879,733.1249570358247
4798063,1726338,279.28685870267344
4798064,692116,688.6363325261527
4798065,924669,45.106353072961625
4798066,1521509,426.2709949250728
4798067,156136,364.27848780806784
4798068,1973816,487.70742667189484
4798069,1049458,523.3595861256407
4798070,1380838,471.9014867301208
4798071,205414,849.3680951255698
4798072,1817264,53.64925980522428
4798073,1752686,673.2113113607476
4798074,210897,970.1874781809922
4798075,1237607,919.5574890759307
4798076,1805762,638.3686187743448
4798077,61759,874.5358221022607
4798078,983553,779.0924716988083
4798079,1164803,389.480007810969
4798080,1259830,983.936288525411
4798081,1732099,769.3052332058546
4798082,702900,555.7395036129836
4798083,1262147,420.8844695429238
4798084,917374,715.8717922307643
4798085,1511920,870.7758303846276
4798086,1014260,955.2195735453772
4798087,1606071,961.7491871313715
4798088,1183094,991.562635442783
4798089,1098799,368.36580919892117
4798090,861204,31.350389969788893
4798091,1918290,424.0596298335879
4798092,1319315,765.0330410824232
4798093,433211,111.8690246780908
4798094,441566,537.3623974734777
4798095,534945,348.4603462695326
4798096,816469,535.0049492023146
4798097,1969151,859.9190975563067
4798098,1811464,517.3050562301232
4798099,936096,738.8995613714301
4798100,1194637,936.5368455444864
4798101,1300849,246.61213530066019
4798102,104737,599.2771904481546
4798103,593489,402.49952035071544
4798104,1498590,473.19251918530847
4798105,730566,981.6889711131025
4798106,840552,387.7156456723704
4798107,1359736,434.8156652162902
4798108,846745,712.581477210845
4798109,1786030,615.8936521550896
4798110,564960,967.6466408156796
4798111,72954,650.3270122117723
4798112,1215156,626.3223178705673
4798113,1203219,816.6894512152332
4798114,876045,825.8059085059583
4798115,554270,784.0240511514905
4798116,365246,197.0161377316082
4798117,1885257,282.61279367243986
4798118,1787373,512.1979427165435
4798119,1581398,569.8551445180633
4798120,404381,313.92626229638853
4798121,1714504,626.180297559814
4798122,258277,612.4436852248413
4798123,1021189,250.7201203710444
4798124,1393162,804.4836526479728
4798125,1370663,626.5235637876239
4798126,1039556,765.2759052496239
4798127,662632,918.2255168027498
4798128,719539,899.6615529662236
4798129,1444964,444.11274610016306
4798130,1307784,557.1446546405555
4798131,1563378,336.1084080058321
4798132,96022,753.7875372141738
4798133,648636,579.1035294142075
4798134,935220,694.0080036175999
4798135,1666598,775.6066914436739
4798136,460644,159.95235270568696
4798137,55047,232.25032346839038
4798138,181973,268.0808399761141
4798139,260759,683.2061956279595
4798140,1524872,632.9550245731501
4798141,272565,752.5268927386335
4798142,1832888,344.9208412265929
4798143,1182325,206.8380533580405
4798144,414742,265.5628093713811
4798145,750463,606.4850482302775
4798146,1923783,24.72792365221266
4798147,1415950,176.68457247166447
4798148,1504917,410.7460925945913
4798149,1976655,657.1773545279015
4798150,672907,2.8910665522901002
4798151,1564698,773.6776790742066
4798152,229064,386.44455569029344
4798153,568810,701.0030918298448
4798154,1570812,377.5691670866389
4798155,320015,446.43353067730374
4798156,1271742,223.4406478910972
4798157,130593,177.5523337971586
4798158,248189,152.31503818156256
4798159,907893,109.22303686434442
4798160,1480368,799.0013260230602
4798161,786501,595.7031437137374
4798162,215563,92.62866584590613
4798163,402205,460.88132109578714
4798164,826679,697.5655091715739
4798165,320234,451.0346081187873
4798166,1294012,684.4363989560935
4798167,651685,901.7933945967562
4798168,1016094,78.76232780941383
4798169,1523224,384.4135067003339
4798170,1853968,470.4706509008838
4798171,1583311,749.6547456053103
4798172,714829,252.64730404176404
4798173,474499,235.59041856053665
4798174,1515310,315.5980502017144
4798175,671180,159.7114758023953
4798176,866452,457.7846327052738
4798177,1409824,657.7916296538781
4798178,304597,721.9617821303762
4798179,867933,18.390874703597238
4798180,614513,348.82239397502536
4798181,1159100,192.855649679215
4798182,1695381,681.8858304673961
4798183,5385,522.0775024664827
4798184,1454489,875.650461422725
4798185,1232509,286.5081138322323
4798186,1840243,821.4428062506653
4798187,445232,252.271400466909
4798188,1027053,776.6395196000119
4798189,446232,174.24437462792008
4798190,1510984,554.849887146085
4798191,1063441,652.0889726324692
4798192,554021,73.89061543466136
4798193,1013267,523.5561770171286
4798194,1147620,622.1569112430027
4798195,1640863,530.1110318446571
4798196,1663663,435.78445964536627
4798197,108661,156.2028457993645
4798198,832798,700.1916648282997
4798199,514018,202.41681110433862
4798200,1711928,280.470365155816
4798201,1243291,660.7232118271456
4798202,29585,28.954995746549915
4798203,1812329,605.2967107247007
4798204,1616156,356.81615929061115
4798205,1320447,204.83531852721393
4798206,860302,837.6714953259741
4798207,1696167,437.09770631054545
4798208,1401154,350.07887024790705
4798209,1378759,633.0278282298763
4798210,632808,935.9113702169419
4798211,1392190,879.9045916858234
4798212,261866,815.117347194468
4798213,1699694,167.3305644072881
4798214,1299295,124.51005794911785
4798215,847030,37.91668524636693
4798216,1945315,308.591140310568
4798217,295868,753.5927158276743
4798218,1956755,746.1016021972707
4798219,656602,532.2700459561795
4798220,1125467,168.0913248681407
4798221,280497,596.9648923204693
4798222,1360772,589.0287870094835
4798223,1969862,93.85963690237043
4798224,386553,886.2350321379266
4798225,676652,174.24806070171883
4798226,1892410,571.9676989051029
4798227,120529,780.3811186910676
4798228,1691132,349.4072886148295
4798229,1710709,948.0703070625826
4798230,1472551,759.1996334401131
4798231,1344130,80.73186398646214
4798232,476399,404.9461867924087
4798233,274221,858.3903806842054
4798234,1183481,576.2640486893569
4798235,1242147,195.8763530281108
4798236,888747,324.8603683073927
4798237,430431,845.4670526555881
4798238,1264908,340.28200257796817
4798239,506474,886.0625990495814
4798240,1887805,438.4284229212262
4798241,738535,753.5242794238894
4798242,1256907,981.3723007853948
4798243,1684905,317.05362329112495
4798244,433310,312.953468269279
4798245,638405,447.9284157259469
4798246,558839,530.9493573876204
4798247,425859,276.7514105730109
4798248,1604653,844.307870776678
4798249,1454725,715.1048136891237
4798250,374929,782.623214685375
4798251,1936556,65.54394890235382
4798252,1527306,863.7032373710948
4798253,1353836,674.7628755344629
4798254,459665,279.6792180176474
4798255,957206,318.52386689091105
4798256,101479,701.099285464247
4798257,874835,896.0146718899064
4798258,1310021,428.2411409441174
4798259,301399,695.9693072920361
4798260,566905,211.60572481713425
4798261,123982,577.918346271521
4798262,1714761,427.5576247854206
4798263,1648038,338.14337122351037
4798264,9503,741.47943829721
4798265,68676,884.655708739172
4798266,1837211,554.5617257688455
4798267,1896555,776.0424054536
4798268,337104,156.69797553167763
4798269,1479472,851.5807486274488
4798270,891375,465.595371529124
4798271,1312194,653.1994236633063
4798272,279544,369.09665068250916
4798273,565195,385.1591492366776
4798274,806640,966.9467097526417
4798275,197695,235.395127695863
4798276,875177,158.63220225211882
4798277,581948,30.25618148228726
4798278,1695707,399.23692095552485
4798279,1563786,376.213095741592
4798280,36325,227.80262849157808
4798281,1986064,991.5384688755669
4798282,1953066,155.69222306633034
4798283,672445,894.7390810864027
4798284,65506,95.01569303194735
4798285,1604431,391.3246888607433
4798286,1146501,240.79479663294435
4798287,366960,336.91485184417536
4798288,618098,133.10972879825133
4798289,1653372,720.6444843286779
4798290,417168,729.3022234136735
4798291,757256,441.4429408162391
4798292,1482160,741.2320455537719
4798293,1402220,293.9069291347427
4798294,719770,105.01447572117829
4798295,369095,562.1216950749791
4798296,315795,774.8490328306467
4798297,1651500,907.6065245433315
4798298,974835,515.8015936861394
4798299,42123,479.8053368200839
4798300,912383,698.6627427248208
4798301,1621553,491.4816680430116
4798302,571562,954.3995280080428
4798303,676863,302.95517097855407
4798304,773706,766.2378506212036
4798305,533581,353.7127403191892
4798306,1417153,214.21361499342328
4798307,1679886,996.3310807120148
4798308,663826,132.83392491074432
4798309,1603247,759.7399793615558
4798310,591912,88.65616597744608
4798311,1279938,290.3517874886518
4798312,885453,694.6202881122143
4798313,1787056,461.29987147605857
4798314,1842468,649.8008858420524
4798315,1914453,37.8016464462877
4798316,181827,817.18420462554
4798317,3635,34.10056574351383
4798318,1671682,616.9920340270652
4798319,353967,339.11810480906803
4798320,1208979,535.1670561186927
4798321,267179,829.0678190589475
4798322,1204017,506.2872985010116
4798323,1873910,613.2683799723155
4798324,697368,598.8076259318829
4798325,376435,820.868098073084
4798326,1559013,507.8872620388744
4798327,859448,149.89629761652313
4798328,1159450,411.46884949436935
4798329,1488800,110.31298254007315
4798330,1926611,531.3039435912775
4798331,486328,59.1843801631825
4798332,1512922,137.84532394225957
4798333,1569464,212.35857828620152
4798334,175951,120.93060394310429
4798335,321736,116.89146996942523
4798336,712532,119.75394218291191
4798337,1371557,879.4097489928869
4798338,294459,927.0317949315134
4798339,510461,211.02711121029427
4798340,1225472,908.5815172915259
4798341,1536428,141.21329693472916
4798342,1676674,936.8719707341584
4798343,82404,452.89068630388687
4798344,1851529,463.8966411450274
4798345,944464,946.0435589163825
4798346,1380051,757.274442714985
4798347,911370,757.5813404243457
4798348,728001,610.5594093894944
4798349,225816,369.21223569331727
4798350,865027,835.0036395741221
4798351,85942,936.5442831232575
4798352,620585,296.12293284330804
4798353,892981,871.9456258471489
4798354,121990,617.0752989200806
4798355,1724211,415.0323756050587
4798356,1582981,217.0582641409059
4798357,1688034,997.536429730661
4798358,1989302,298.7582648121828
4798359,264100,130.06219018850462
4798360,234530,829.6562038060749
4798361,1220223,727.4339705169198
4798362,1627735,746.3039645956652
4798363,270006,792.6218469028298
4798364,938893,515.2523582121008
4798365,1009491,779.0689683521438
4798366,1046636,81.9129371854198
4798367,622296,128.69272257692265
4798368,1877100,236.84110145917282
4798369,605471,61.63770075672159
4798370,1984979,486.7833882070366
4798371,531018,767.979951713824
4798372,458371,701.6422736488441
4798373,1902867,443.6913005837827
4798374,1315271,811.8346541226516
4798375,18368,869.2268520451477
4798376,999527,104.64121506926382
4798377,569023,431.22306977224434
4798378,147955,544.4845118632716
4798379,1778067,98.42275255572707
4798380,562680,611.5199449668647
4798381,608037,661.9795535754383
4798382,67104,817.2294217989959
4798383,480345,158.78798725875433
4798384,1099195,450.6489486830031
4798385,1972021,592.9880929760897
4798386,1488290,947.6869697898177
4798387,1066253,275.7397785856579
4798388,1395442,489.58932611151664
4798389,95523,805.9830667076153
4798390,1899430,793.2103825631683
4798391,583348,603.8788695438717
4798392,322900,365.73390130489
4798393,918072,498.34988229784904
4798394,1433324,885.8221135760698
4798395,822870,415.74376643970857
4798396,397464,755.1025342227458
4798397,619668,74.80280268985817
4798398,402719,971.7082245429248
4798399,1571433,232.66113006372592
4798400,317069,772.0057340711219
4798401,1518259,216.62948469639053
4798402,1243079,711.1177507141176
4798403,522865,974.5616997998262
4798404,1019440,54.61315261969513
4798405,1993131,396.85001163381486
4798406,858600,736.9886122078773
4798407,1535430,973.3946951023761
4798408,1362281,491.1595317541185
4798409,798175,719.5955151853813
4798410,1369213,222.65647524261934
4798411,907551,408.3164526866229
4798412,1238207,811.1458079644906
4798413,371906,474.34439727465815
4798414,377776,455.5862233814856
4798415,1333738,418.5116189245508
4798416,148902,751.068960697162
4798417,1700912,601.4732939299812
4798418,1142440,663.8688014049953
4798419,607432,921.9960715491204
4798420,1096801,645.3856074221881
4798421,1384517,413.63483822878
4798422,746736,322.2841193611205
4798423,400714,80.60420337433428
4798424,1300600,346.46822793447996
4798425,1670942,554.1400653893388
4798426,645101,654.0883129363906
4798427,1867479,305.91162494684545
4798428,414180,148.24265484075516
4798429,1269565,489.21314123238534
4798430,1594732,70.42750508397744
4798431,273375,264.28540508136433
4798432,1852358,727.9478562739314
4798433,1497338,321.08405397127615
4798434,765789,629.1191604388329
4798435,862240,235.53952858654358
4798436,856331,970.3492712662794
4798437,1708599,254.05220914214732
4798438,1870625,422.2164115688254
4798439,1498069,0.005132813353903032
4798440,972979,997.7807659791796
4798441,1381666,379.617812445599
4798442,1747581,948.5265126487952
4798443,786332,155.4474303401987
4798444,1755944,586.3371310867623
4798445,782663,252.03181717304201
4798446,1398574,310.8906011046447
4798447,941761,931.7282411132694
4798448,858286,497.39361075850974
4798449,883129,350.01063644477057
4798450,558476,936.9186899952729
4798451,795944,985.062623020084
4798452,551199,387.1651346912898
4798453,1210805,716.8636705326383
4798454,1327603,9.987813405966328
4798455,1528913,609.8563841535414
4798456,870430,236.4577888924383
4798457,966268,863.9443582210101
4798458,1455088,131.1633864053884
4798459,1747826,694.742878826498
4798460,198375,347.47579170520925
4798461,1009085,970.6319797888096
4798462,829786,198.71480646441364
4798463,1341727,67.51581939457141
4798464,370090,858.1244684796955
4798465,1228516,534.1484244702209
4798466,1472780,433.79893368988064
4798467,1611851,844.575003688852
4798468,757331,932.966060215287
4798469,1709428,314.1644829183433
4798470,718084,428.1105794258162
4798471,790108,246.16075749371845
4798472,931269,288.62273179836984
4798473,1896464,712.4166108333098
4798474,1054095,731.1412083419846
4798475,426050,453.6423943881054
4798476,228748,91.58510454190427
4798477,1594451,714.598114784835
4798478,798435,573.7750011369112
4798479,557695,689.7496751307
4798480,627664,252.77792477270054
4798481,1802044,324.5013551627146
4798482,1090364,803.2096369784476
4798483,282602,499.45813192483047
4798484,1955224,878.7098393631226
4798485,1742570,974.9460712442506
4798486,236811,386.8758597399027
4798487,1839158,78.868790516897
4798488,1296450,222.3566785057196
4798489,1723785,396.72634580417144
4798490,627134,703.3866503369629
4798491,999846,155.51692009196506
4798492,207142,564.9844142490399
4798493,1191163,397.0766661584849
4798494,422312,733.749581442252
4798495,1850638,549.9878637041097
4798496,84064,428.38553163931425
4798497,1445370,886.9019701553901
4798498,1516602,997.1259854988806
4798499,430966,16.49766143482323
4798500,286327,360.59127284824746
4798501,1100193,327.67161228341644
4798502,1372820,842.8645055633139
4798503,566646,333.1652080718009
4798504,290290,833.3375471952571
4798505,179656,566.9505572665303
4798506,546481,341.8234490363
4798507,3815,621.0695558831699
4798508,1076264,830.9492111289618
4798509,1509888,898.3835756854212
4798510,1067501,708.5923703544133
4798511,1710396,98.09444139804468
4798512,1723949,197.09756073866157
4798513,1169360,329.2603117183331
4798514,1627544,741.4976984052514
4798515,265962,821.1114200532306
4798516,651331,884.0332493951271
4798517,1932174,726.5812791904642
4798518,109438,486.3254935593401
4798519,25602,762.8858503289914
4798520,172340,223.1916264418906
4798521,1859208,395.886153879517
4798522,402055,631.1658289035106
4798523,706327,761.482921823838
4798524,1687427,278.13848373458416
4798525,47453,629.0676873734444
4798526,383693,20.19631337086114
4798527,1555415,545.0453137337355
4798528,1568859,779.9232368174495
4798529,1780087,396.25464881712867
4798530,159356,14.337934877935998
4798531,598462,216.26223920989108
4798532,1319212,45.004905273897556
4798533,1359262,496.18848407452396
4798534,1977486,486.9971099031467
4798535,1378034,16.091071279602076
4798536,639362,661.4874270432862
4798537,62235,451.50933407817473
4798538,1281783,354.2647845932808
4798539,676791,451.2915838614326
4798540,391356,986.7228077621859
4798541,892793,836.8519587679509
4798542,323183,570.943287468795
4798543,1395666,456.0587360498561
4798544,1183205,516.7885128348787
4798545,1878307,284.45625126923255
4798546,1856027,972.8775501986024
4798547,1872190,120.62235170921143
4798548,1687862,353.33660833586464
4798549,583372,546.8026848806815
4798550,1490599,744.6281973518336
4798551,788668,729.3218291667002
4798552,1140274,603.2899638778513
4798553,1253430,633.1174623523037
4798554,1033888,776.892180523342
4798555,604792,829.7778936439988
4798556,1921900,146.40482575849057
4798557,199749,674.1207274442145
4798558,358655,578.9058461836382
4798559,1312871,689.0665980538259
4798560,1708117,104.47950522505967
4798561,1180048,701.2453787717345
4798562,1147464,987.9002803889963
4798563,804198,203.53917860883564
4798564,1693706,566.9640141437552
4798565,1020748,284.9320068346906
4798566,1287011,952.2457024535177
4798567,1176318,943.4283788502171
4798568,201303,971.4272100684854
4798569,626156,486.33039334914895
4798570,352377,316.89574858332
4798571,451876,875.000543225508
4798572,785000,746.3585165170126
4798573,168453,864.4051804843939
4798574,292712,372.077674136298
4798575,289865,137.36675299149582
4798576,9391,538.346095551274
4798577,769669,406.93245065786965
4798578,1665756,780.7037684246627
4798579,105516,799.9721250468081
4798580,1740018,611.5022859090147
4798581,1415820,650.322733213631
4798582,397864,158.30514663128093
4798583,1941563,526.355429644099
4798584,1008871,154.20504002621982
4798585,359834,532.3126676631845
4798586,422435,102.65571730207712
4798587,1130909,625.8607722293835
4798588,305656,308.19909808616694
4798589,849498,263.35845613572695
4798590,741803,320.473227791519
4798591,1994986,139.57949579399164
4798592,1068893,216.3613719125379
4798593,1473492,551.3298641904144
4798594,1217791,328.27428519016945
4798595,433994,248.9095278604896
4798596,1370052,861.5646640418566
4798597,1573978,380.0793358342197
4798598,1632631,590.7281435711355
4798599,1140328,394.02818175323404
4798600,413486,586.8442951279586
4798601,127597,764.4029593555294
4798602,1484614,650.9388829421662
4798603,654971,615.8261053138432
4798604,740631,273.75415392548166
4798605,868418,790.1569676965015
4798606,1234339,767.7887683675572
4798607,1044020,707.2813213745828
4798608,883807,260.8399880151433
4798609,1071239,669.9113233096588
4798610,1858784,893.768563759451
4798611,221634,539.8400336486775
4798612,285958,863.7111512248866
4798613,1544466,255.7909545925998
4798614,1259909,266.16490531636896
4798615,407397,806.617364430706
4798616,1759580,445.7199043472977
4798617,1115385,335.6189219291257
4798618,1862986,602.4200756745772
4798619,1288417,573.2407727607587
4798620,189918,877.4240856715304
4798621,1168808,934.2093516293565
4798622,1299448,501.05001073702226
4798623,1096857,776.3791706875245
4798624,1361720,781.1224146032655
4798625,1009140,32.92670185601965
4798626,819404,311.46024350532167
4798627,178927,397.26148154542216
4798628,705915,62.02422312575806
4798629,1594203,596.2211379294768
4798630,858594,329.8399225585483
4798631,1051800,712.9019908570399
4798632,1923608,951.4735898864947
4798633,649807,498.31258108395235
4798634,227197,600.8154928824171
4798635,1349644,210.97612559343426
4798636,1363040,688.4752513926487
4798637,1062943,107.84974761815624
4798638,1315620,77.65863907697069
4798639,581248,21.661175967046752
4798640,112509,91.77579318381501
4798641,1117167,753.0060554465634
4798642,458269,118.24527813595287
4798643,1043403,989.4271738722832
4798644,1626620,165.24066689284422
4798645,1340981,345.70260880579616
4798646,1847730,149.94613392615906
4798647,1045160,155.3809808209059
4798648,1786551,722.4405435589251
4798649,1914771,443.7303285001404
4798650,713123,866.47228279619
4798651,314777,90.64223008375461
4798652,153546,500.4116146647315
4798653,253137,423.32173498106596
4798654,1609925,72.97869551938541
4798655,472770,537.9751557767926
4798656,920655,157.1035875815595
4798657,592201,73.58388146391248
4798658,700573,72.70260250672823
4798659,94391,386.23180709899117
4798660,1589182,231.6560163709229
4798661,1386821,508.9230426018583
4798662,1222240,600.4275187216161
4798663,1934947,279.8197697247913
4798664,46990,802.5511353636317
4798665,1167508,113.24602929015137
4798666,63358,275.8629533205176
4798667,273238,73.34397505903567
4798668,571057,234.3363122353833
4798669,1623825,284.147051533311
4798670,968636,347.6288771502073
4798671,119424,806.1695296200561
4798672,496644,510.8747285806328
4798673,541110,941.7165639291547
4798674,596149,927.199488602955
4798675,88060,157.05808096423513
4798676,493455,364.9100097244038
4798677,11031,144.59390246271153
4798678,1670983,757.7144067916132
4798679,819380,389.2639253818596
4798680,1854547,399.2166554302242
4798681,806191,999.8978550184087
4798682,941799,760.4753531463903
4798683,889347,249.56358802639812
4798684,1750499,984.0619256043758
4798685,1478106,725.0776262685554
4798686,1109377,459.01780301029794
4798687,25730,250.0085084232876
4798688,604368,208.3582594635347
4798689,1481765,682.5653606183178
4798690,1710065,366.69827879648
4798691,500947,214.25503878628194
4798692,503230,129.57119052186772
4798693,489271,152.5070019046688
4798694,1661024,817.1002999162148
4798695,855982,126.28368475907637
4798696,932637,216.86216901363466
4798697,1769239,934.3718428919161
4798698,1943935,341.36857063774494
4798699,1063200,439.34374094857776
4798700,665942,256.6947153849174
4798701,1640390,823.9575657038265
4798702,69442,846.4376712507654
4798703,708285,404.36287853733023
4798704,1305050,668.7185566710751
4798705,1946379,553.2277743194991
4798706,1825184,211.6147232508422
4798707,321706,641.8499581296503
4798708,1623807,207.9445002146967
4798709,34314,711.0171202182468
4798710,530384,316.10052719105266
4798711,1956861,441.30655884113014
4798712,1035713,187.20803710282576
4798713,852106,626.2183757762729
4798714,80624,674.0596114887843
4798715,177396,750.1431620763256
4798716,244159,365.52209268668224
4798717,879139,775.3329828338888
4798718,369722,205.10401006778545
4798719,1072280,656.4256433390926
4798720,51836,945.7633976369084
4798721,1057295,165.96997476652464
4798722,53555,882.6609844822659
4798723,1541838,809.2231295464906
4798724,643906,190.38399123175142
4798725,981071,570.4230136282372
4798726,1834003,842.235866307336
4798727,975644,814.4841409591307
4798728,748122,338.8688814958577
4798729,1030644,11.436278898058427
4798730,39933,582.8779987375954
4798731,849858,289.09362142697626
4798732,1044168,875.9010473778944
4798733,1496597,972.8586030387091
4798734,1167585,958.4423970073585
4798735,1446260,189.06654479903062
4798736,1924402,403.7428611648812
4798737,1334510,504.45037622377123
4798738,1259004,910.9946165036387
4798739,1979440,557.9467529791981
4798740,204885,603.0948983241369
4798741,17852,282.2693195009328
4798742,1708329,604.317044404889
4798743,638256,459.1536688047539
4798744,1805548,189.7417186130831
4798745,1432265,935.4330071966918
4798746,1683177,688.9863494762851
4798747,713081,938.2107831687425
4798748,31388,267.4736834906906
4798749,201113,458.7812117901482
4798750,1189228,612.9723224122389
4798751,1356041,205.3758225462524
4798752,990561,798.267505022622
4798753,1780015,136.29852101971852
4798754,183362,943.4265146518492
4798755,877169,795.6071935840091
4798756,1612316,699.7758414723805
4798757,1588321,101.44289905129756
4798758,1097697,895.3578859534797
4798759,673901,172.83000128939906
4798760,379111,87.79501729811967
4798761,1832540,694.1584916126217
4798762,1159258,566.7281838733335
4798763,1298231,829.1994678229697
4798764,157699,449.3854815367386
4798765,992410,248.41407084148216
4798766,1477821,161.40679059826812
4798767,1314744,57.935420089456514
4798768,1460109,58.49799588743387
4798769,1016625,164.58632127565477
4798770,89488,268.81706276112516
4798771,943453,632.8204364317243
4798772,1353234,590.6866510059112
4798773,146143,746.5828510775373
4798774,96274,25.78948771678691
4798775,999089,862.5225191691686
4798776,495833,293.9718379913593
4798777,52963,112.95447289865923
4798778,950131,968.398723092125
4798779,1775487,569.883068755139
4798780,1104779,511.49687901712923
4798781,734646,85.68678047223976
4798782,1242781,277.39929021000165
4798783,1198053,392.1337659870733
4798784,1906894,295.37374571372175
4798785,375286,706.0274965510406
4798786,1014674,240.68682674835372
4798787,898386,856.944354110271
4798788,1307085,683.4918254604773
4798789,1197085,617.3577229639782
4798790,78764,69.59626116314688
4798791,520245,374.41766119780374
4798792,1400399,94.2137818516583
4798793,1743148,449.5956686606686
4798794,191119,820.7865522446914
4798795,1537694,491.1229787200346
4798796,1865293,263.9817114692146
4798797,661394,940.5502946263862
4798798,36393,357.0225869681877
4798799,1007898,476.643356063568
4798800,1295151,320.9763479759289
4798801,720720,276.69540778254407
4798802,746678,351.2081587853274
4798803,1136684,291.76297572090004
4798804,762861,433.21793925701513
4798805,287338,28.79833542721988
4798806,246949,849.7695225304435
4798807,618745,690.2465656591236
4798808,70369,717.8110914031023
4798809,782067,97.95954286181885
4798810,272522,394.26988600633797
4798811,129458,828.88099371172
4798812,966053,489.060988570892
4798813,866485,29.636916149367252
4798814,789232,425.77676474563
4798815,1879935,248.53461507614927
4798816,1163283,524.8508505749136
4798817,588465,706.2150926174714
4798818,841065,304.3820253241204
4798819,1941611,704.4999815628756
4798820,516305,437.78841598000616
4798821,317567,451.2489099789469
4798822,643946,595.2768557462947
4798823,75580,395.04317584793966
4798824,1362719,326.200459401532
4798825,1557231,392.280606316086
4798826,203371,20.919765358093034
4798827,926765,504.2697262998748
4798828,695964,753.2668298638964
4798829,1830132,878.8272137057659
4798830,958504,824.1335962062705
4798831,530159,444.6762443238165
4798832,889491,669.333066345372
4798833,1457191,99.35043507865926
4798834,1142985,749.3212469134139
4798835,963207,269.43188682268624
4798836,1329094,145.1680410377878
4798837,1334000,824.1210166475443
4798838,1540148,542.0585228914678
4798839,1765880,940.4832109354852
4798840,1638337,459.5158445345587
4798841,77935,672.2877823274628
4798842,1463015,599.8050889352315
4798843,1332856,195.39754487785353
4798844,452664,627.860994678645
4798845,1771429,162.32151932649586
4798846,1323544,993.6741942458755
4798847,104297,283.4028103735204
4798848,1771482,899.6179691307186
4798849,1224351,546.4919174001797
4798850,1891578,174.29625897139312
4798851,1780718,588.1367796197633
4798852,1359862,832.0657300107887
4798853,161152,186.9814821410567
4798854,327472,400.29596313268587
4798855,768805,487.3877942205013
4798856,176744,122.48695787992159
4798857,1470264,763.005789643034
4798858,1411156,822.3888992080362
4798859,769404,178.61925926324628
4798860,439419,203.2962862048403
4798861,1267783,215.47320097988276
4798862,1286741,632.1831545393303
4798863,1362586,350.8726979716259
4798864,760137,355.5442813891192
4798865,1893761,757.6099071957991
4798866,582632,824.8440496453487
4798867,1303428,330.9861465686502
4798868,1934198,127.38078989842028
4798869,13145,113.12916457655375
4798870,1680928,117.99392230321793
4798871,1536076,413.7528710767008
4798872,1992487,782.4224044139678
4798873,1816727,860.7739314366828
4798874,1393666,710.471654918923
4798875,972695,553.2146778868679
4798876,153769,151.31903447151228
4798877,466924,275.8883341836564
4798878,1654186,542.7443429128696
4798879,1394386,112.67478428351197
4798880,1129724,170.46196140090743
4798881,504765,715.6008052602226
4798882,1398915,584.147103043337
4798883,566961,340.35089187122367
4798884,1145731,553.5839406246644
4798885,564025,723.7643624119513
4798886,596640,60.03380425868787
4798887,1311033,399.48913342638747
4798888,213615,740.5366071696872
4798889,5107,69.6087575830735
4798890,1391937,276.2464377550032
4798891,1068956,622.9048188170293
4798892,277239,168.65238842532128
4798893,714692,213.31162258440418
4798894,1100561,32.71753158573964
4798895,108904,886.0982378729863
4798896,702770,6.829672572422285
4798897,1004883,654.9817788930134
4798898,1297734,305.41920414591914
4798899,1225851,244.7015275597908
4798900,311707,56.673869686717616
4798901,1259143,767.3237714077719
4798902,1192908,552.2373375662312
4798903,892564,593.2062099789756
4798904,1297194,744.4615250711751
4798905,1782099,171.2822899026798
4798906,854643,443.62173394967397
4798907,1907703,554.6108355228811
4798908,1791198,190.26144763778484
4798909,392911,70.30798901515168
4798910,1944934,976.7454579536493
4798911,1241631,625.7596756149151
4798912,1953225,993.4764919419539
4798913,1335574,805.197963920678
4798914,1867962,235.17509741656716
4798915,1091473,666.5773702714579
4798916,324251,472.8137661882658
4798917,1871584,446.86260848490343
4798918,737637,622.3973721177615
4798919,1102023,200.25066639296085
4798920,1021666,572.5900081392867
4798921,478546,952.864071128888
4798922,1021922,489.28035606266275
4798923,1920551,454.12823725497776
4798924,310991,373.59049628580533
4798925,1833421,405.3727384414725
4798926,1751743,296.0368311728342
4798927,1718197,601.0210005662088
4798928,309813,838.1537829383034
4798929,1879759,430.38067754761465
4798930,1193708,175.05142208700963
4798931,1800178,889.8436194126037
4798932,638945,727.7845496084333
4798933,1504908,371.6161036486844
4798934,1450682,33.62440497043595
4798935,1989022,65.73099426442519
4798936,224865,658.1817648394399
4798937,1497912,630.1507552320707
4798938,1431385,22.220009188930522
4798939,1000701,850.5636463324438
4798940,858056,989.8287424535952
4798941,304428,152.89046923396631
4798942,43672,427.3197205149882
4798943,948828,567.9979146893975
4798944,1121702,75.23222712098199
4798945,1305122,671.4604447198301
4798946,762705,864.0465921947621
4798947,1771967,670.9905228760425
4798948,1161532,803.5150752061904
4798949,346069,797.8806235703604
4798950,1043767,607.1037883651777
4798951,768961,37.36352745652604
4798952,841601,898.8206422828581
4798953,332087,226.98567456881293
4798954,1396033,404.4125811667703
4798955,163522,258.1729820968811
4798956,1444461,68.2649544774967
4798957,879726,260.4711758695081
4798958,1172900,463.1229834962799
4798959,790840,853.3176792967373
4798960,1410895,779.1478004431012
4798961,1873153,398.5272917347734
4798962,1796051,959.8156985403988
4798963,1086392,454.2706630583129
4798964,996723,514.5418389695642
4798965,101077,644.2164103708418
4798966,648746,169.46192815246118
4798967,670515,44.75719251510035
4798968,1058224,169.543661517799
4798969,773747,846.2946715086697
4798970,324565,105.75602908064563
4798971,1178889,787.8278784697177
4798972,305185,723.5842235214611
4798973,209803,431.58911535068125
4798974,1657851,916.2376965496412
4798975,891070,490.98179931358055
4798976,1933593,477.5252337621857
4798977,1243513,89.97615932904179
4798978,1199833,685.9720532842201
4798979,1428038,661.2028725085601
4798980,1380847,128.95654548770707
4798981,1182540,435.8317840842407
4798982,1188967,287.9762103013135
4798983,960615,794.5941509516246
4798984,872464,904.4593959731575
4798985,1358535,247.04668203511005
4798986,1985996,144.57542472227914
4798987,1998841,640.3702120886924
4798988,1026533,158.91107541092032
4798989,1451596,450.8557921244293
4798990,146562,994.8978675285333
4798991,1476464,627.1116851719796
4798992,1362718,344.3849609517573
4798993,121579,17.227886836467587
4798994,666546,24.250671486228615
4798995,511818,353.79323112241144
4798996,926336,3.7073700762937367
4798997,474174,449.50419798951737
4798998,901676,33.27472320350089
4798999,522569,237.3106102576965
4799000,473868,825.4678171669838
4799001,1608026,932.3618883843486
4799002,280718,336.1006710962393
4799003,1422409,501.8316011950311
4799004,179022,325.93314669298337
4799005,686824,785.5365159989586
4799006,1717325,200.84307422438928
4799007,544628,170.60411077458727
4799008,1547408,642.7432094146828
4799009,942099,854.9896173323907
4799010,131567,46.75545347135912
4799011,1686352,656.3084553857356
4799012,316386,468.9986921968207
4799013,1749376,145.14350415100873
4799014,1682578,738.8896871298339
4799015,370471,930.5974732695173
4799016,914920,405.64539370165375
4799017,336841,504.6802897079441
4799018,882216,252.9357620521091
4799019,1405029,529.0399518909368
4799020,1150359,88.05813016913223
4799021,1574239,593.6148582438998
4799022,552497,818.2015944237885
4799023,1228684,872.6598302923278
4799024,831881,525.8891691009925
4799025,1172220,987.1268506445964
4799026,1207358,385.52093059421225
4799027,1082781,258.71001202689934
4799028,1944184,206.18556939893628
4799029,856236,244.78791221131834
4799030,1637560,966.3748235018164
4799031,856658,987.2410423222547
4799032,129974,866.4221798360392
4799033,674289,546.0761381724668
4799034,1435961,241.3498014401808
4799035,882604,476.8086600740248
4799036,1931761,610.99591169358
4799037,889860,531.9620443924274
4799038,804041,514.1716275535302
4799039,1833437,344.8992844736717
4799040,1292451,947.5424549660038
4799041,273708,680.2085541480309
4799042,913609,683.8688039444395
4799043,1189141,264.20524556799853
4799044,909197,511.79337809774904
4799045,920815,274.6387067372443
4799046,1119951,623.1725460612382
4799047,1143703,850.6188541491775
4799048,1229302,952.4151763103835
4799049,790673,942.0443233391056
4799050,1872192,96.73133773797238
4799051,1168145,165.14365440901656
4799052,770272,221.5734627133915
4799053,242324,126.97486953571335
4799054,1488898,52.167954081385744
4799055,512587,920.4225908939316
4799056,946090,334.1959254526038
4799057,790354,384.86753695979945
4799058,721890,857.3049372327159
4799059,1272223,548.7481861107744
4799060,386273,807.5156482317154
4799061,481183,321.69201452529916
4799062,1647429,99.66538478130104
4799063,1888696,355.5092766148268
4799064,1630733,291.9403729912401
4799065,927912,520.5187240842719
4799066,367184,325.9170349504168
4799067,1048871,96.4032680757162
4799068,1389291,636.0146566622565
4799069,1013547,616.3548132660978
4799070,1428590,540.576692952789
4799071,1791465,614.3201403447988
4799072,694045,723.9544413953824
4799073,982484,474.61277869352483
4799074,260371,795.0806692532843
4799075,1022482,701.7450954018261
4799076,845922,116.24003994056031
4799077,1193582,76.89710030078356
4799078,1918927,821.4510812662032
4799079,869298,89.59815116315373
4799080,999219,866.2996483151672
4799081,1564181,6.8193267702956195
4799082,277956,371.3081870986925
4799083,1705593,237.87853553642591
4799084,1702436,408.09107321279924
4799085,669147,415.27098832370825
4799086,501502,754.2706889480787
4799087,1630628,654.1424268274516
4799088,806802,502.1608761158246
4799089,1192015,327.91869231655977
4799090,1773719,916.7649019258229
4799091,576644,507.70611949114954
4799092,469064,870.9602062348984
4799093,620143,432.03353014270897
4799094,156371,644.5478740981049
4799095,1525436,73.31788396208184
4799096,1601625,754.8805489380321
4799097,1654421,564.0428108950265
4799098,1926994,280.122244523938
4799099,1182391,22.30620984411502
4799100,400946,708.3930087927802
4799101,349345,573.7400334235243
4799102,1662722,318.1916107459346
4799103,1820732,163.56060377428528
4799104,201056,867.2444784566053
4799105,1150921,572.6151894540307
4799106,1412210,357.10889094781527
4799107,1370347,590.1667204263122
4799108,1334650,912.3741349220923
4799109,335763,195.94910170804823
4799110,50184,613.2830138557839
4799111,1396872,709.4135755991803
4799112,295752,927.142037225528
4799113,257781,563.1876064417348
4799114,1559523,196.37827109378568
4799115,209323,301.1979228099626
4799116,690221,202.5214064358828
4799117,712058,651.6459289014025
4799118,1071698,709.0603373589636
4799119,1956532,359.7928886493753
4799120,1018077,683.6860804152778
4799121,275437,546.8446099045996
4799122,1283236,187.15575913440418
4799123,56719,563.5559715425392
4799124,1675804,573.3766549108404
4799125,1667114,596.8364886839669
4799126,1736087,587.85024854451
4799127,471783,17.87053844932929
4799128,211479,642.5251665481231
4799129,941859,440.1301632610253
4799130,890840,718.2922612534549
4799131,1160384,491.11786219159404
4799132,745850,965.9816915355009
4799133,1168501,515.7159343781291
4799134,721495,645.3507702667879
4799135,1527114,367.52084367470593
4799136,88402,418.1607496071972
4799137,1700375,672.2546829571924
4799138,1001430,842.2607773004994
4799139,724265,254.2749950441735
4799140,1825195,115.38026001895685
4799141,158153,144.07725508599046
4799142,1121377,20.982819503517327
4799143,1310898,516.8601283812416
4799144,510498,916.9164417976207
4799145,754878,748.0862618738911
4799146,1811415,742.0206083605655
4799147,584150,43.58678880501854
4799148,918919,561.722025765324
4799149,525292,303.4007289048152
4799150,1970715,182.2080499985539
4799151,1040448,401.76831430944407
4799152,1549663,636.3511864627243
4799153,992806,478.616009597995
4799154,1607510,822.5118975491592
4799155,1055610,754.4562831252597
4799156,1211840,170.17474247851328
4799157,1592931,750.1114646948877
4799158,1455065,749.6668700167512
4799159,1032829,54.530664177805946
4799160,1605323,272.42573102793676
4799161,1990891,596.3527317404092
4799162,46756,598.8445719172519
4799163,428546,184.2121426029557
4799164,1309848,103.4808119664481
4799165,1020972,971.0594575660025
4799166,723529,618.532994341627
4799167,1559142,790.0901376641941
4799168,1914956,732.2579795443625
4799169,1231267,276.7736819397386
4799170,296971,727.9798794197566
4799171,314346,868.9182079802789
4799172,655240,321.55924281722804
4799173,367480,660.716612564049
4799174,703250,625.6728021056189
4799175,750249,36.36567499994492
4799176,301114,484.3385131582856
4799177,929477,822.9279730837947
4799178,1536956,154.6976948445139
4799179,1288206,234.35492309197502
4799180,686010,202.21646600761133
4799181,818540,389.53774975164004
4799182,545531,833.013544923166
4799183,1215604,77.3787476631691
4799184,194395,949.1048682457017
4799185,1613500,617.8952843888292
4799186,465109,990.2975524367605
4799187,1576946,262.4272110109617
4799188,114031,499.64342667190067
4799189,1736555,330.83968603750367
4799190,1571703,52.17940023900092
4799191,1455559,624.6366458075363
4799192,261145,915.0301135792973
4799193,756231,235.9374784375531
4799194,821545,885.7417309043119
4799195,1860873,256.09753356071263
4799196,1446106,272.4927858639451
4799197,258416,847.4406170652838
4799198,1225342,84.56108502689352
4799199,1104674,297.55814536080294
4799200,1069322,577.1326060777908
4799201,1404717,111.19152253616215
4799202,1806061,247.04487145778586
4799203,433888,522.1571467482128
4799204,75083,432.92002335201306
4799205,1343113,837.9564514453383
4799206,985052,881.1182342089829
4799207,1868457,994.1273355750317
4799208,988687,680.3969156175999
4799209,174569,534.6005506684139
4799210,1114549,129.99942726344293
4799211,285256,668.5199643078554
4799212,1755118,594.4065630373966
4799213,1209867,780.9693556421098
4799214,1630991,341.9137702316714
4799215,330013,913.0544817240751
4799216,1588363,165.4827870677672
4799217,889745,753.635837445189
4799218,247349,311.77161472070924
4799219,1247147,925.4226924854106
4799220,967262,593.6175674095198
4799221,1730324,874.6313898348911
4799222,1316022,877.3090305624943
4799223,1929983,356.7336596117463
4799224,1713367,314.2963440723412
4799225,105582,907.9829855675788
4799226,1901875,630.9039146017616
4799227,241429,606.2051698515546
4799228,1364429,16.927454097699357
4799229,39495,533.8595229764841
4799230,1604121,27.299507061815163
4799231,383924,893.9959775315524
4799232,455869,235.43747225836287
4799233,1863519,21.599936855432155
4799234,683815,3.803832416089614
4799235,420548,719.7767379816744
4799236,1217107,80.91405146434494
4799237,1902503,372.43616940327894
4799238,491756,866.4083809340029
4799239,717582,91.14611503012593
4799240,78418,323.42280926947797
4799241,1259561,81.48177811579438
4799242,1356921,427.27039402232526
4799243,547222,148.85153869338885
4799244,1903924,3.223717343813215
4799245,1817472,759.542839014358
4799246,424669,820.0120794009389
4799247,499888,672.4863089290491
4799248,1987527,736.2964941506926
4799249,942168,72.26906763650199
4799250,660666,525.0098079646241
4799251,1989943,734.5521007325686
4799252,955397,14.026409172339548
4799253,123484,977.2349658181064
4799254,988435,156.64472519525884
4799255,771216,895.4906841999713
4799256,868093,230.40946258755667
4799257,1194779,521.880588558559
4799258,1831136,224.97325998931362
4799259,414976,397.4037045909744
4799260,1464548,686.9431419464962
4799261,1268657,364.06115090038526
4799262,1119398,171.11806991987422
4799263,303008,674.20708932003
4799264,1716655,413.8616526317759
4799265,1412570,246.26415664912525
4799266,1892789,47.47153902178136
4799267,1821629,762.493490078098
4799268,394560,364.224438594921
4799269,1296728,706.4514950224254
4799270,1448937,542.6444625187521
4799271,1672386,457.0300413854629
4799272,1492700,803.8902219877419
4799273,549913,646.8676506151054
4799274,1353483,148.9639321823556
4799275,944339,723.5658094669421
4799276,1083759,601.2877748783795
4799277,1529771,754.3107230379051
4799278,1132487,965.652575345117
4799279,1582153,309.4485120313758
4799280,981058,302.25448938242084
4799281,1088592,294.97397132935356
4799282,1189063,211.656681309214
4799283,1382552,206.77904485679034
4799284,1047288,139.33255466968762
4799285,547911,488.87122774667637
4799286,955673,624.5343893929411
4799287,1629852,431.8751583733721
4799288,900547,314.48600140742957
4799289,732676,87.85588663913457
4799290,1825088,663.8482391106838
4799291,185220,839.3937865924388
4799292,31334,966.1937777312555
4799293,1891743,785.6010080099279
4799294,343376,979.1447936733434
4799295,1901064,15.671934552015209
4799296,1277411,676.5441592606973
4799297,913599,961.808846024024
4799298,1600097,862.757969303917
4799299,1079968,320.3911981900632
4799300,112896,0.12476148936024778
4799301,915993,700.5187365974587
4799302,1803737,104.51237165521698
4799303,817817,395.14272732368147
4799304,1546607,304.31519069074295
4799305,122099,415.3556815252146
4799306,1853900,922.5427351839908
4799307,256399,212.42863493316267
4799308,1799420,492.832410973683
4799309,1229198,503.9283858572128
4799310,1983291,355.1561436019514
4799311,1873329,801.8775936042015
4799312,1978878,162.47729571056922
4799313,652996,802.7527473352675
4799314,1626788,957.3553204282443
4799315,1464680,340.63835094569237
4799316,1858289,813.3876813772996
4799317,296299,801.6253155919184
4799318,1094519,899.4763995765013
4799319,1840684,269.7567752237653
4799320,541244,909.1695863230465
4799321,1451270,263.6730541871245
4799322,622225,760.1019877119563
4799323,541329,693.48847406746
4799324,492620,374.6228181853183
4799325,1460572,998.9402610597825
4799326,879206,107.45766525581435
4799327,728751,240.5897930477672
4799328,225540,194.81199730311627
4799329,52753,540.4954483052454
4799330,642856,752.7915626278728
4799331,1115147,473.4263911828713
4799332,1082225,545.6102198349341
4799333,386026,704.9576852849514
4799334,942762,102.19481741693559
4799335,338483,228.72608242345993
4799336,952972,899.8901508031902
4799337,1582869,510.65885330654993
4799338,1822604,541.5243394520613
4799339,1454649,123.36472687327759
4799340,61761,265.50953077334935
4799341,1093402,972.6819245804008
4799342,483765,445.36873518322216
4799343,1423859,818.2392412029379
4799344,28747,455.95963971855537
4799345,519412,805.4523990748814
4799346,1439439,82.63062105129937
4799347,307170,656.0927813159158
4799348,258798,275.9294106614829
4799349,231284,124.04324195790618
4799350,446598,713.83702440701
4799351,1383626,172.16542015448078
4799352,736516,932.4553099793517
4799353,1882162,172.78645611395748
4799354,1569278,41.73039555056279
4799355,935783,971.773328006234
4799356,1334986,903.8042463919095
4799357,138595,259.40254904477024
4799358,1857729,899.0055276139288
4799359,1444816,579.8698599838258
4799360,284727,292.19192383457823
4799361,901185,390.61408715402615
4799362,185283,892.336741343982
4799363,1997400,179.04182122221368
4799364,1141235,545.8194113291869
4799365,1556127,108.96850234152456
4799366,1780026,908.4700794813729
4799367,434914,786.8077463972653
4799368,1974791,52.66558965620183
4799369,876435,436.90512887473443
4799370,1197814,720.832980953113
4799371,260827,144.83625885545405
4799372,4142,986.1176946385266
4799373,106325,683.2473750520559
4799374,307870,386.9788136013548
4799375,755253,928.7649347070258
4799376,130536,639.5295770991213
4799377,760360,770.9402582876126
4799378,1452900,189.09681086699405
4799379,1215984,116.90901189967673
4799380,1304889,618.6470312210777
4799381,291749,763.2124592371974
4799382,606446,354.7515259810906
4799383,336304,385.75132898514465
4799384,1104744,147.659108517041
4799385,861819,634.395196672193
4799386,126890,433.8883837008666
4799387,1907567,359.58556910923545
4799388,1990354,3.396270608987062
4799389,1257997,415.3202380939874
4799390,1745661,616.2673897094023
4799391,835842,749.4433259080147
4799392,972096,671.297827208104
4799393,1842585,157.04891935940634
4799394,1292273,659.7642317305741
4799395,1638748,608.1120840124388
4799396,546303,651.8173387866372
4799397,283103,760.2053392736228
4799398,1341832,494.49546730327455
4799399,370729,146.9354279647902
4799400,379448,363.64185943411275
4799401,196478,28.593743921851544
4799402,1958087,746.4009460354488
4799403,1753797,893.741682306126
4799404,581749,714.2070553547342
4799405,516252,482.1352258767002
4799406,1409184,137.53844302341778
4799407,1879743,879.8608583815655
4799408,1983035,519.5193357063403
4799409,234678,521.2987429107025
4799410,545437,722.3774513800608
4799411,1673133,563.0269859048391
4799412,734304,741.8432746382355
4799413,48205,164.48720535997708
4799414,1959139,406.28394878489974
4799415,1520859,792.9802165038592
4799416,939029,595.7814425936538
4799417,1570787,837.7124923402887
4799418,151414,140.50148582479005
4799419,870639,694.3616864448729
4799420,1088340,458.9507787591323
4799421,1566820,118.79627298388496
4799422,220552,154.5702765603566
4799423,1588835,301.3819227617269
4799424,440350,808.6275568995624
4799425,1428981,4.898160265866203
4799426,520165,44.43619820375944
4799427,232959,151.76874817121754
4799428,1478919,818.6526371844412
4799429,266220,780.4707400149716
4799430,762010,45.93417083214146
4799431,878776,200.15054355221085
4799432,817586,343.0171240545086
4799433,203227,255.52272002693311
4799434,330373,512.3779879522526
4799435,1185523,876.1216625884811
4799436,1957488,800.2587818793136
4799437,155680,699.3352825323649
4799438,894772,706.2709808502168
4799439,549399,396.7710898714871
4799440,879871,769.3705849269469
4799441,1525735,236.44657176998118
4799442,1867569,537.3640007023079
4799443,185688,536.9265963806565
4799444,1064562,391.3237689323316
4799445,251047,728.7419636273057
4799446,1445374,577.8562559589376
4799447,1718371,827.0062309893838
4799448,426856,700.1454305133072
4799449,1677293,533.39379202915
4799450,1420581,287.11090585329913
4799451,855316,398.8060006307217
4799452,979389,594.8529030462632
4799453,1152340,635.758532267137
4799454,1344790,996.0369405267378
4799455,1316353,746.5221208587255
4799456,1645514,686.2548398403989
4799457,211095,987.7603965570909
4799458,1016678,566.2564540205001
4799459,927831,209.66610637113104
4799460,699740,985.7675734532706
4799461,282589,484.6536248727484
4799462,1165476,200.49857341327882
4799463,1255960,805.3180355610131
4799464,1930381,969.4270330221186
4799465,526150,878.6190179603979
4799466,131814,312.33844593242435
4799467,917632,493.40115472219924
4799468,569727,913.0160593072478
4799469,1517529,389.3558191053442
4799470,1226246,170.69551137042583
4799471,325387,784.7132347211871
4799472,998347,647.4767284555251
4799473,1221831,595.3646549289638
4799474,1786937,850.2154065659537
4799475,1404609,98.47366033393557
4799476,468063,31.02754841174482
4799477,823672,394.16813974370257
4799478,55091,806.0355809512697
4799479,259300,771.7283682855171
4799480,860172,21.15165284233589
4799481,887021,723.8108747872623
4799482,1182149,690.8813106575926
4799483,33275,181.66246682438558
4799484,1151745,788.2074364401732
4799485,578814,289.31785458809753
4799486,802709,319.48723657192954
4799487,1258300,270.74347200553206
4799488,487436,137.50978329196707
4799489,995435,317.4545900131055
4799490,437049,543.5719133092434
4799491,1063431,337.9371036135826
4799492,620893,620.5156128840301
4799493,50917,626.5675362353674
4799494,518297,730.0124750708164
4799495,463029,192.85552399088502
4799496,1525407,351.73178719751917
4799497,1888446,334.86026702433026
4799498,767411,167.39945333830687
4799499,445501,510.03874968692963
4799500,1604142,406.8769036847828
4799501,1242499,934.8554030742409
4799502,1228034,188.2682539690691
4799503,281179,297.9491960653492
4799504,1870893,604.3705169024897
4799505,1792988,818.7094181192895
4799506,87788,902.8625981018074
4799507,149857,51.5785664103906
4799508,1167289,332.3570181263635
4799509,649118,676.8527160116793
4799510,840889,228.50177996821864
4799511,670037,727.0813710384497
4799512,696284,456.89694856606
4799513,1813458,997.6916861535403
4799514,1131054,172.0649502109156
4799515,1111639,677.4565705460013
4799516,626108,971.0734672284016
4799517,1771692,21.978583089883983
4799518,711899,804.9685975888935
4799519,435396,463.7604453847668
4799520,725960,93.13741891935223
4799521,770499,64.05198689643632
4799522,886032,486.41287740517237
4799523,1632125,560.4952657120376
4799524,548823,181.98282052626158
4799525,1574562,536.2176955144814
4799526,538773,276.2526923927637
4799527,974067,146.94353170677644
4799528,1783143,468.3343702382504
4799529,492353,244.9048364254136
4799530,1351409,228.9784697764442
4799531,735343,94.5317692283869
4799532,316842,319.6996787501489
4799533,205494,355.12743207708985
4799534,876173,609.28151323568
4799535,211040,237.70472832631785
4799536,1958203,644.7601927803272
4799537,1366272,177.15076793722662
4799538,954001,958.1184418536436
4799539,1590803,0.7598592563659023
4799540,368567,461.2425457142552
4799541,1657565,576.1865848012819
4799542,571698,113.7102192107039
4799543,391589,546.3978833936018
4799544,1525263,584.3611284588428
4799545,1102615,810.6774292381028
4799546,1003771,947.640367053611
4799547,537917,714.8346565554699
4799548,1508787,908.6029033905209
4799549,16107,80.3804595227815
4799550,1163075,601.1743920214132
4799551,965666,800.7431212147493
4799552,1274697,63.681685375178155
4799553,1162865,39.8792354419969
4799554,691546,656.5986474304274
4799555,925681,631.6896285532262
4799556,910149,107.28719249125163
4799557,1875594,948.5052487030115
4799558,1718345,769.6557670682263
4799559,1417890,879.0283016570415
4799560,1434441,647.821899614469
4799561,276429,883.3907560908798
4799562,1036800,423.65487407539695
4799563,1476108,286.9646873596371
4799564,1739290,465.09295627984426
4799565,1855551,654.2889668513194
4799566,1157225,552.9548205299282
4799567,810283,177.86670210976652
4799568,858336,737.2321435080815
4799569,1993992,900.3817784315194
4799570,1249064,154.45223659943463
4799571,1168622,311.0053150535124
4799572,1446101,907.5185317940903
4799573,623162,257.5033766519999
4799574,1289409,11.201890981672125
4799575,1171807,283.8987676162027
4799576,86105,191.75150508887472
4799577,277677,828.5821835140931
4799578,1649095,957.3813067329797
4799579,1189302,2.996804439104106
4799580,1199573,273.470297088932
4799581,490097,737.9763313192807
4799582,1374885,984.9421601020738
4799583,1741247,192.4934491403224
4799584,702914,45.68426275695714
4799585,21721,95.05919457745027
4799586,321524,860.301993427419
4799587,326106,956.9186664264163
4799588,832489,747.1593371985084
4799589,334198,663.1311726150794
4799590,1759157,840.2846933765023
4799591,1373148,528.443760201761
4799592,302090,371.6927197988893
4799593,514600,931.9223497844649
4799594,729936,627.0959231973649
4799595,576190,516.4958669327739
4799596,1417413,578.1398029534186
4799597,32041,860.5219079980275
4799598,1112357,790.9268951717166
4799599,323034,496.45150680232086
4799600,289528,267.2657889420793
4799601,292211,670.4726993411423
4799602,1165793,754.1373686299868
4799603,506461,624.4232176847966
4799604,1236903,127.78423979492514
4799605,15458,10.873630059539563
4799606,675842,139.06168728716372
4799607,1881121,753.365048276608
4799608,124065,222.80253194935185
4799609,1777130,730.4694360682967
4799610,232605,803.7889586318591
4799611,1248633,226.4865623468467
4799612,741777,527.4101968637049
4799613,80606,259.364469530738
4799614,1271566,233.19486382434417
4799615,1902763,636.0713533770135
4799616,1514088,953.113071022856
4799617,1162748,760.2076977234755
4799618,1556786,324.26973806221395
4799619,1968517,893.6750412963783
4799620,853928,945.3444606074398
4799621,946839,616.3572059055521
4799622,1777971,303.6258099081809
4799623,1698186,476.8145003227623
4799624,535212,631.1820961278233
4799625,533873,626.2198229363164
4799626,835912,887.4511945482794
4799627,1712310,853.9347255328655
4799628,342522,134.2897985206032
4799629,609442,562.9677350573139
4799630,136658,467.8123854924877
4799631,720280,212.3830563454222
4799632,980751,778.7432422410341
4799633,1347922,752.1930558904908
4799634,588746,140.78889412566343
4799635,1624348,962.9221084038704
4799636,816815,828.2148163216162
4799637,673702,839.5437336918133
4799638,585907,396.1414280828383
4799639,1913211,284.05625608513253
4799640,1639996,824.7058319553095
4799641,1329046,753.9149691695113
4799642,478846,595.041059913039
4799643,248666,179.3416960318507
4799644,501735,665.2018452929879
4799645,1693011,73.45841199841885
4799646,1634562,709.4250359149491
4799647,1087617,772.98939523461
4799648,1965795,766.6147113690922
4799649,578389,495.8564998617848
4799650,514633,357.16140004147354
4799651,70994,721.9080059962345
4799652,1766520,990.7077072293772
4799653,759763,343.8010920534235
4799654,566139,29.457901447316193
4799655,1084221,237.10950812395802
4799656,952169,868.2093371742567
4799657,1520645,588.1106776844097
4799658,1775883,649.6908769584376
4799659,573571,298.2321650875751
4799660,1792947,875.0939193471568
4799661,1979899,500.1222586824608
4799662,1958180,255.30481312610632
4799663,644645,16.858630542346155
4799664,1909517,797.8341195980606
4799665,616577,507.96809961129753
4799666,1510875,136.65935453466494
4799667,1261300,207.39057325553912
4799668,1614912,874.3842063027239
4799669,1321616,796.3549589149238
4799670,1323177,397.85444627887733
4799671,410877,392.01020475020476
4799672,1143155,711.9029721070676
4799673,1798413,183.44670404392116
4799674,1765511,928.981703830822
4799675,1885455,43.7471304817415
4799676,818916,568.402947176607
4799677,889751,846.4710150554135
4799678,1186016,895.3786276002307
4799679,704518,516.8369413539582
4799680,1400329,215.95665788112362
4799681,1441344,38.91148136420042
4799682,1270301,900.4928609181608
4799683,1387077,555.7537469713964
4799684,1441758,697.976616078149
4799685,1029651,580.9222978992066
4799686,167397,860.9064795215535
4799687,1458539,387.8653214018828
4799688,1827946,806.9624434335252
4799689,1567850,76.34394182038207
4799690,1569816,947.5347011445617
4799691,440976,548.410974695297
4799692,1910908,792.0363259485144
4799693,1020418,52.16830026445329
4799694,102259,570.4295674508501
4799695,1876342,874.6153161093022
4799696,1602840,777.7084574803483
4799697,1275376,71.50945515362206
4799698,1894359,705.2718706311765
4799699,1629111,842.8511308835095
4799700,1787771,4.322658426601844
4799701,206923,350.27523195099377
4799702,1834236,805.1369750818892
4799703,1350017,884.3785484345765
4799704,1838531,887.4875495141374
4799705,9107,663.7287953706559
4799706,1455474,903.6124010972618
4799707,1311459,681.5597382191985
4799708,29027,522.7925721828263
4799709,862918,715.7166578902437
4799710,1385012,292.59682555164824
4799711,304953,491.186928730746
4799712,977159,768.708621270612
4799713,1540555,356.3101178560432
4799714,1149008,499.206335212123
4799715,808562,226.28739758635896
4799716,1178214,527.4497255407296
4799717,1662228,629.8804749497062
4799718,1383887,42.928704533341076
4799719,121677,832.8139885188797
4799720,1971514,975.995021128271
4799721,752888,141.95155142595328
4799722,857039,219.28425823416143
4799723,812423,168.99246276527057
4799724,492697,677.4745540203658
4799725,839086,829.5619355230602
4799726,1863316,296.2757842103175
4799727,686262,650.1425578212858
4799728,1340562,888.4474737936741
4799729,1354817,25.88274760393261
4799730,872406,834.7363696170038
4799731,1376205,340.07350169260894
4799732,532333,630.3271441167932
4799733,1480185,482.99290288509957
4799734,50412,329.27583443458974
4799735,1520191,452.6294597504523
4799736,1756232,702.6695514127945
4799737,310419,929.0462111337913
4799738,1520211,987.541805477866
4799739,1686076,390.878696693748
4799740,1877065,495.8518369356
4799741,649343,594.9327040653453
4799742,433643,748.0508213851734
4799743,1367169,665.6568748610702
4799744,307051,391.21519676199347
4799745,788855,214.87591150964536
4799746,1225031,170.5030637411391
4799747,116266,103.48525977831935
4799748,1237292,70.17549058288941
4799749,236433,804.5809438797097
4799750,1792273,737.8343078590914
4799751,1480140,888.2610692721763
4799752,1002034,477.76383934955936
4799753,1918449,938.8574795210315
4799754,1636408,15.480728748068827
4799755,1002972,66.78168447433796
4799756,274764,72.59853954964134
4799757,128883,713.9435606544114
4799758,843805,620.6986224100644
4799759,1349407,646.0755684555473
4799760,990320,713.5296351482672
4799761,560653,0.024830203319003985
4799762,448272,409.16282931318926
4799763,1257493,311.31961324376454
4799764,1527749,978.1981188816543
4799765,866407,649.6372630518982
4799766,1909587,42.94687541214903
4799767,47370,520.3821212848475
4799768,1409709,832.9438730807907
4799769,937661,911.1436591829126
4799770,1160854,252.50327994464695
4799771,1931566,501.05246818401696
4799772,663883,435.06298095594707
4799773,218258,79.37209847008542
4799774,1755405,613.0646872373202
4799775,1004078,516.1996984723545
4799776,428251,552.8374646941257
4799777,1705073,568.5143863647311
4799778,1309667,70.44887217147999
4799779,527083,108.2348932391175
4799780,420325,971.9127332558078
4799781,1732249,220.50372912031557
4799782,168644,173.34585460065054
4799783,35490,618.8782898329081
4799784,90076,811.756297502754
4799785,948117,973.5178709940373
4799786,1780764,816.8758765444427
4799787,926016,424.7647937367934
4799788,650401,803.0599824971334
4799789,1563092,354.35254693334116
4799790,1774716,256.24246581408204
4799791,1951093,721.5301404196919
4799792,1481411,471.6113214203479
4799793,33618,271.6631030120834
4799794,1312688,681.9120622675944
4799795,1269769,265.5553288181228
4799796,1660530,556.4359891443764
4799797,1620873,958.001278780353
4799798,601955,148.4995261927925
4799799,1162810,376.6428426365928
4799800,1166791,907.4660447994128
4799801,1369051,82.4532594359646
4799802,1219222,945.0986514456894
4799803,579291,499.7008305487339
4799804,1904602,633.6955662647315
4799805,802503,152.45397933431758
4799806,170337,80.43673388106932
4799807,1093063,110.48311074970418
4799808,789013,827.9143673039036
4799809,1653228,960.1346973287991
4799810,1213806,36.98486853786886
4799811,1755355,577.0981013511904
4799812,973025,29.834503094277487
4799813,269476,273.6678292535496
4799814,727908,727.7533686547296
4799815,513544,716.9249831943317
4799816,546003,555.7779202620699
4799817,942362,703.056495815299
4799818,88298,806.3138605057427
4799819,1416633,646.0126650907794
4799820,680093,553.7828449610114
4799821,194775,679.0929402039479
4799822,1264943,117.47545664152214
4799823,1483473,475.98598717603966
4799824,1620114,451.9195900085875
4799825,1645465,700.1603454781705
4799826,991385,155.70360053541233
4799827,1911282,225.43478724930577
4799828,1071452,116.3580512737855
4799829,1199839,106.99160677788345
4799830,927324,422.9106865655489
4799831,571451,868.7085140284213
4799832,1992963,882.2468394915293
4799833,372894,659.7287295149681
4799834,809614,67.4642407515792
4799835,8251,889.4096172516878
4799836,1458279,936.9042388919622
4799837,1994265,561.6089376266455
4799838,1016156,293.0752766485061
4799839,1722425,896.515230562451
4799840,1528730,421.2625756380917
4799841,1760552,481.97883594684623
4799842,1916523,757.5921354258971
4799843,1573394,286.7633546144416
4799844,269170,610.8555454888962
4799845,85500,147.1591924164609
4799846,1133154,747.9324848004505
4799847,1938967,747.720729370349
4799848,680567,280.6344572380356
4799849,1909304,733.5452125311708
4799850,1893348,951.9601226242222
4799851,1806805,957.5062323059453
4799852,1744700,150.73994980428918
4799853,1824862,17.891110183489765
4799854,1510264,923.6663226901328
4799855,1485488,41.35559660346766
4799856,319405,945.0562676044468
4799857,1342408,104.81906826247078
4799858,1210434,356.9371576334608
4799859,1619184,455.2552892968467
4799860,1730288,648.8667688150992
4799861,189675,715.3958829681789
4799862,1824689,602.2179244465888
4799863,394682,978.4883767422001
4799864,681254,671.0382454342829
4799865,1377544,769.0610777993284
4799866,992231,760.26462579656
4799867,1470657,158.71473019539096
4799868,878213,48.14751714670884
4799869,603647,533.0853123253277
4799870,1595415,708.9350865113626
4799871,1132763,793.6381839762921
4799872,1419967,812.7701505100362
4799873,84778,840.0888725548698
4799874,590613,748.6148157277155
4799875,1249915,383.0640589917602
4799876,582399,679.3078422787889
4799877,1363953,453.87439831806955
4799878,844995,860.5585705933256
4799879,53227,870.1789285791091
4799880,438264,718.452255075235
4799881,1844672,215.39408386342086
4799882,1288481,51.514765289105924
4799883,301649,47.58806726326925
4799884,898794,3.5178679412533054
4799885,118020,346.7669955593766
4799886,1439616,496.1604142519989
4799887,1464297,965.1396398400886
4799888,1775449,939.638212219436
4799889,845733,137.93571815237527
4799890,927879,934.1010484628355
4799891,1835296,633.8292804062149
4799892,1551010,596.8151523953395
4799893,1238671,801.8390833232946
4799894,849335,891.4512512474992
4799895,536540,950.34586302847
4799896,1255017,374.7601075773744
4799897,1910902,424.04558717507314
4799898,86735,725.1541507249601
4799899,1238937,455.3780347633829
4799900,1084247,858.9035456808307
4799901,1473050,772.7751971129961
4799902,96799,854.1303513204318
4799903,126840,691.1065633143735
4799904,1477180,964.1609717241112
4799905,702153,417.3225556847414
4799906,337634,576.808640890926
4799907,1395247,709.0682073783223
4799908,1130630,388.73987625993135
4799909,1533557,405.4167148728793
4799910,341077,197.99750748368817
4799911,1661620,831.3170302261655
4799912,1345207,806.6164683733753
4799913,982342,513.527762556199
4799914,528816,546.0814481123873
4799915,487370,938.0141404441549
4799916,908082,747.8328583509282
4799917,491580,885.6622965646716
4799918,1702073,272.72913284421827
4799919,1462563,589.4562020655749
4799920,1774544,47.29917478418155
4799921,360242,237.27195480954023
4799922,1843414,589.2671290515176
4799923,1059703,977.9630079485452
4799924,1517764,690.6660878602803
4799925,656840,363.1671974996853
4799926,1403968,887.092603048073
4799927,1526840,513.087668095524
4799928,1850165,104.64896614082708
4799929,1551540,642.5176091866003
4799930,1225564,198.75056474908104
4799931,1121922,894.0127958603034
4799932,946283,867.8210252460852
4799933,1695962,341.45463295504095
4799934,137747,789.3600727045933
4799935,1681647,665.1954012843438
4799936,942506,165.33704294829388
4799937,684452,435.35753894676134
4799938,688035,82.32551472480243
4799939,1722240,791.8991647163023
4799940,1987943,11.630972289540686
4799941,1668308,888.8335435070335
4799942,485887,158.87433810132978
4799943,1886965,677.272239107593
4799944,457082,547.1430499116137
4799945,131573,643.4678610378068
4799946,591205,933.1006938204215
4799947,176414,839.4726434929162
4799948,890624,463.57124748173726
4799949,1023379,129.78784302815706
4799950,313025,73.45010791257356
4799951,1241052,994.0583534281102
4799952,1133119,393.4667123991772
4799953,1685778,494.5138333303739
4799954,1040577,41.71859549042611
4799955,1104500,505.199214802758
4799956,57198,528.0327251926273
4799957,1190219,121.33383961897593
4799958,1199804,936.790761181679
4799959,1113193,43.95184176032729
4799960,1976324,221.4699936113699
4799961,1862511,59.80579307095213
4799962,1566765,524.7054600115837
4799963,1807134,215.54859059686993
4799964,883897,648.6722485101901
4799965,676826,601.7173370130535
4799966,177851,456.0714261760851
4799967,1656421,16.22246370713798
4799968,1067739,986.0825326955495
4799969,1930777,767.7262185170694
4799970,1102199,123.59102668693822
4799971,181803,160.4766874581728
4799972,1813274,829.2817675990926
4799973,307648,660.3558069653378
4799974,424254,799.3173441102535
4799975,133678,214.19596514362084
4799976,1564382,962.2302912228589
4799977,316839,528.2964320148457
4799978,1410599,149.62767558296463
4799979,1121805,777.2464883629694
4799980,151851,917.2243078613225
4799981,607856,699.1335342390537
4799982,1520579,261.4417049855567
4799983,1087342,70.06798663894142
4799984,370872,677.9979022692157
4799985,399820,672.4876967480367
4799986,1228768,652.5692322592568
4799987,395683,204.88366592345585
4799988,938327,194.74356853349795
4799989,787581,31.372882712598525
4799990,1862452,10.788773649855976
4799991,1090466,798.3549399161667
4799992,981238,664.186825338468
4799993,911878,745.8551264939515
4799994,1340249,161.24543036907025
4799995,1279090,27.118429918206346
4799996,384463,121.66065625369438
4799997,1941322,281.72078447461934
4799998,1195790,49.73367202724932
4799999,1969906,189.67901602114833
4800000,393423,252.05390299464125
4800001,237906,718.5880931335681
4800002,1004433,295.6115291517596
4800003,1565844,690.0079940973245
4800004,1547489,791.8048072519379
4800005,1293945,486.81770453769246
4800006,1631412,249.70342702611802
4800007,289180,818.9307085229027
4800008,577508,495.29157523201894
4800009,1760955,674.2007919187882
4800010,491108,646.4778289490582
4800011,620379,3.357004757521098
4800012,1059109,119.92657336983892
4800013,176133,840.2231962473754
4800014,1181354,426.1408120736381
4800015,587834,681.9751342074819
4800016,688537,129.7016537499852
4800017,294475,511.38819372649624
4800018,1129766,602.2677321236167
4800019,1214079,396.9574406050701
4800020,945263,795.6756415703097
4800021,1437607,532.0673813885426
4800022,1967673,781.8426486345152
4800023,43679,880.5574555295356
4800024,990191,928.9272587909883
4800025,156259,722.7448063084711
4800026,991961,129.06544114238838
4800027,17127,287.8603207246224
4800028,1302065,972.3889644143978
4800029,359998,67.05876075179617
4800030,25131,97.42053318514255
4800031,959374,875.8610242767774
4800032,293479,823.6493203493749
4800033,557743,40.323904930236296
4800034,475841,108.42252970082843
4800035,204328,51.07040709853528
4800036,1797089,632.7990757752282
4800037,404384,319.52623737139663
4800038,1180962,748.7893505223376
4800039,493789,68.20570505127688
4800040,145685,418.78696216207277
4800041,1347839,101.66553567586145
4800042,939120,778.3505024530691
4800043,1255225,710.5320741051443
4800044,1058755,465.37845962937416
4800045,524432,640.0588145133353
4800046,1933248,525.4109669121036
4800047,840455,937.3630891551456
4800048,1056199,436.58280255475455
4800049,1597944,608.823536489621
4800050,553413,461.61619284109577
4800051,261712,293.15873836801285
4800052,1899201,723.1544827687501
4800053,1182301,3.2328835918468135
4800054,509305,685.7359548714378
4800055,1238603,119.79783529577092
4800056,1568561,997.7770201123883
4800057,122496,625.7364419849982
4800058,22164,925.5338091806096
4800059,264892,591.5181466496583
4800060,1471760,251.0216498261093
4800061,552971,206.62722885192798
4800062,1019138,204.6551811566273
4800063,844373,342.3602523824092
4800064,414570,967.2621064674553
4800065,1664486,223.05787434809776
4800066,641210,612.0174389179316
4800067,620855,631.8381594759909
4800068,1164023,756.59282099715
4800069,535766,993.0121614701835
4800070,973617,984.4531270113738
4800071,1544509,338.88010564325333
4800072,917892,403.0140609043824
4800073,1313814,880.8706516526821
4800074,863022,296.94813651792964
4800075,961831,561.022046604864
4800076,1817282,610.291494096458
4800077,899643,516.2695530655806
4800078,1212281,579.647267270035
4800079,1510056,12.293249925988903
4800080,385270,29.925853312597674
4800081,1206638,959.0287059273816
4800082,1314089,874.9864289077776
4800083,563031,971.9668428064069
4800084,1609521,774.9813276921823
4800085,1178805,183.4103813470095
4800086,1117582,264.5057965129618
4800087,1382969,204.85192555331443
4800088,687373,505.63444450312045
4800089,1811703,595.9047709027117
4800090,251735,648.3168292063941
4800091,827137,71.619986600155
4800092,1667742,655.2797148651457
4800093,415654,88.29052650977253
4800094,1437374,687.16876199091
4800095,266260,390.75192223543854
4800096,1975221,225.60278429046886
4800097,1474532,730.383825237497
4800098,1006824,945.5846708986141
4800099,1953031,580.5705446844553
4800100,1465078,166.03229468561852
4800101,342131,475.0749836269975
4800102,1313214,579.3199919122236
4800103,1809919,628.6090519276584
4800104,814155,576.5152396626601
4800105,830336,892.80139187137
4800106,1324903,410.9655439596254
4800107,1786620,333.6037891656697
4800108,129095,824.0732061402305
4800109,1039346,385.9985969049239
4800110,1304292,357.27636637954373
4800111,1882317,651.9744742219636
4800112,1899515,141.05432699949293
4800113,297092,904.5913446434826
4800114,1269634,247.33839106473843
4800115,549654,457.84763052597964
4800116,1537329,817.4500522324123
4800117,1103143,232.52261259220563
4800118,238003,8.062395794048216
4800119,1715522,329.40580082063855
4800120,707184,313.09671359096126
4800121,1647540,539.9806447630832
4800122,722304,902.935112066488
4800123,1788810,741.9075639722507
4800124,1521974,290.4556418688059
4800125,4399,426.33702867642995
4800126,1123791,699.6531713519406
4800127,1898797,991.8438899206083
4800128,1258046,837.3512480068198
4800129,835334,893.1470543682427
4800130,520861,508.9619079193659
4800131,1181367,151.17840954681571
4800132,145978,379.5137425093171
4800133,1097920,672.820997924272
4800134,1939764,800.8893473448983
4800135,480114,906.3707121110475
4800136,689821,578.3392623085498
4800137,1832474,417.8811487502472
4800138,1485119,692.6132049223152
4800139,1872687,558.7167941090345
4800140,1804150,252.85154902771467
4800141,1829653,709.2469603235872
4800142,255420,750.5161290815622
4800143,1062209,539.752670876905
4800144,401007,370.33021597437164
4800145,198965,935.940207092833
4800146,208719,406.59985266144827
4800147,771876,282.90432312161937
4800148,820944,703.4161680730433
4800149,224729,895.9569311262244
4800150,779309,905.7868964620377
4800151,1709354,449.3032513517764
4800152,480892,900.9624292122704
4800153,890599,58.60953841187633
4800154,1167863,925.5077596635251
4800155,1120499,19.93884954824665
4800156,395229,157.26904873847346
4800157,431224,29.211049472293915
4800158,1628287,632.665749008695
4800159,1482299,613.9163623957642
4800160,1898847,63.98071298060082
4800161,1255447,876.9337508810984
4800162,1013371,999.7786911926493
4800163,508941,455.9136402684878
4800164,34224,966.6402014363781
4800165,1623040,494.09808807678326
4800166,1311621,750.699791500192
4800167,64609,865.4466294281705
4800168,137150,460.86802537681837
4800169,1562587,533.9656688459346
4800170,1705029,981.1770151980955
4800171,653968,418.2582439806398
4800172,1298317,678.1536857341304
4800173,897674,692.800417485397
4800174,1435841,853.332332974482
4800175,1608041,32.82325622179349
4800176,1418412,57.89607490977866
4800177,1432082,81.59309847326479
4800178,1233311,129.51524386492952
4800179,355159,440.14143532283265
4800180,496948,864.5618724035166
4800181,264108,899.7131259384853
4800182,1860138,761.0118016977599
4800183,1104674,469.83754157534196
4800184,1897218,785.954949595624
4800185,110400,931.5491009506899
4800186,1422527,161.35305566751245
4800187,1970883,716.3106468804946
4800188,340835,653.1496759014896
4800189,1993151,778.6286473602595
4800190,130098,48.42414852680432
4800191,1693352,182.02897306697173
4800192,1515766,988.5583199197281
4800193,1606494,66.44019815376578
4800194,231288,56.31118055460382
4800195,1588439,474.21493930050417
4800196,162419,794.9453100858783
4800197,223715,228.41249517414676
4800198,1003653,864.8601933561159
4800199,1010648,601.4026702460459
4800200,1265145,505.9841188287857
4800201,15479,842.0562350820151
4800202,1028975,607.5744222016287
4800203,42204,630.0675169951843
4800204,321769,178.27321005588436
4800205,1626062,479.7292791072274
4800206,52492,696.4226355545301
4800207,942008,62.399698820894024
4800208,422485,52.489113407133914
4800209,1524929,289.258143941697
4800210,1842158,179.0535543481764
4800211,513181,108.3195954586772
4800212,445865,367.6069389780272
4800213,116230,992.7569846428601
4800214,1830626,521.1673030816851
4800215,798262,421.14945343306806
4800216,834708,631.7807060978333
4800217,910756,840.0261229042368
4800218,361178,822.194081691254
4800219,1100714,444.6753723633499
4800220,1324740,834.4153634471625
4800221,1270394,336.7508441502172
4800222,1384265,910.9476557084761
4800223,1591183,220.04842730986795
4800224,1076744,989.6015933249929
4800225,552749,95.86119497421831
4800226,644171,906.7005712589106
4800227,21741,859.9781722635738
4800228,1409926,26.064379296691477
4800229,622127,787.7571965263819
4800230,1401280,808.9074534206435
4800231,1601178,333.71328017063274
4800232,1905197,641.733891775476
4800233,1904583,256.61998143485744
4800234,782334,41.38426164395559
4800235,1903930,687.0929181738552
4800236,1259300,292.206428005909
4800237,405819,537.865068907315
4800238,11895,74.77591714722377
4800239,166283,32.03072329038803
4800240,1702654,841.465892550191
4800241,1231483,296.36559567768296
4800242,612049,588.6131738234095
4800243,98011,663.7745864648034
4800244,650035,451.7549173332205
4800245,114213,487.9969214983066
4800246,1373659,374.1210889608738
4800247,907082,710.914032552944
4800248,1727799,564.3824383875203
4800249,1956590,134.5089376211195
4800250,534840,754.6782738592892
4800251,1721197,948.3234492531726
4800252,226827,68.45846041325598
4800253,1204905,173.38082054785397
4800254,1008396,115.54803279302561
4800255,885879,756.255871878945
4800256,1343153,350.905278335127
4800257,1763215,270.5452822470252
4800258,1965980,377.30812699989445
4800259,1299244,988.6417820885131
4800260,48853,885.7785503572592
4800261,1600942,345.24448637820814
4800262,1487497,397.1817727490926
4800263,1711421,526.9106735588005
4800264,828925,145.14356904225923
4800265,1285076,936.8021843139549
4800266,356706,710.0114695839924
4800267,1693430,16.39001705226084
4800268,776955,385.205489919999
4800269,1286101,205.70320789417596
4800270,1405469,200.8890623425369
4800271,1849736,329.4654508823421
4800272,323124,874.6616690534903
4800273,1945163,237.00719729452823
4800274,1398172,459.0558233616886
4800275,626460,986.6432331024454
4800276,1208245,623.1791968249603
4800277,1157252,211.79828680811198
4800278,1858502,218.58213166717533
4800279,1689484,589.0369170533601
4800280,1373528,653.2032440386023
4800281,117122,697.4261793494555
4800282,824904,2.7189966268743593
4800283,573366,340.4889971703208
4800284,1269529,359.6413824170127
4800285,998436,674.5913255275123
4800286,920175,620.5565582789318
4800287,226033,174.2634414811818
4800288,176641,193.83637210945116
4800289,1919338,807.5610912368252
4800290,979372,423.1114879629918
4800291,1753258,164.425871522066
4800292,278709,387.88906502321487
4800293,197470,627.8540371558748
4800294,243884,844.9884392416216
4800295,1954448,511.482620485985
4800296,567333,266.29852976420153
4800297,110615,730.8565717574696
4800298,1098778,792.9810189878933
4800299,843378,520.7756288588224
4800300,1176021,484.4013892731027
4800301,1060447,252.67137717153742
4800302,349690,621.9373209216269
4800303,185778,325.0959924338899
4800304,1008722,194.44285671652383
4800305,379005,9.048615222594702
4800306,551083,410.32533296033955
4800307,201562,183.93032940697563
4800308,486459,124.39908485221795
4800309,895510,931.9014461629671
4800310,1791362,834.4853166541088
4800311,1011284,674.0124517361718
4800312,88689,112.87093320818575
4800313,459060,258.415288535811
4800314,1832710,384.71331134469654
4800315,1084735,982.1114400186678
4800316,1857380,73.33594948718081
4800317,434545,224.25701364754414
4800318,1181653,883.1196942682348
4800319,1910757,443.31954728642086
4800320,505603,257.5022758783906
4800321,509622,431.3859479006977
4800322,1882778,89.56649273897422
4800323,1579346,917.9496858281273
4800324,22984,192.05980957935776
4800325,1773476,232.34317906114876
4800326,319279,626.6926719773006
4800327,1204231,158.3397330403854
4800328,134118,714.2439831113132
4800329,1948445,260.9094355859227
4800330,1890270,948.7535755946695
4800331,118611,933.5780162267937
4800332,1010073,114.67051034046372
4800333,156899,992.3062549833692
4800334,1640375,724.2686991487561
4800335,1029578,914.9858923970756
4800336,1497104,793.0886566553984
4800337,37478,17.678217689419462
4800338,506902,823.7034712084536
4800339,62424,597.0629883995188
4800340,1647361,873.1409498516336
4800341,1750564,634.8192374649915
4800342,857020,296.8960583643463
4800343,613749,365.8395425080625
4800344,1949009,531.8824941171508
4800345,1435953,691.7498642904982
4800346,603279,908.8429248542523
4800347,1882628,116.88148696349987
4800348,1211367,51.556352551050956
4800349,1274590,157.94942756688002
4800350,11128,266.8163112699998
4800351,1480126,65.63139046249233
4800352,1393428,764.6694489689338
4800353,1091967,160.3031308334417
4800354,1253857,528.5165298527953
4800355,1652432,939.784269103176
4800356,1144361,655.3660278879603
4800357,1328333,712.0242296291023
4800358,303184,513.8514312604002
4800359,1234574,62.81287389779233
4800360,915997,713.9317399863338
4800361,1991154,822.210879269281
4800362,469419,557.6490787629483
4800363,1683911,754.7691819173504
4800364,646113,577.3311517918315
4800365,1813164,324.93153263949984
4800366,984720,114.68531511404146
4800367,296894,425.6646675347856
4800368,1831115,184.2105088483693
4800369,698769,567.8076248067055
4800370,125016,361.2610183997017
4800371,345410,12.020377104988267
4800372,1479971,331.89073322376385
4800373,16250,993.3609343270127
4800374,251826,400.4827896166818
4800375,1329117,411.895915890039
4800376,1105494,146.50515915582673
4800377,730371,808.6747001175913
4800378,1685471,164.5496107175499
4800379,216113,70.55248228242638
4800380,393660,613.457539431805
4800381,830262,31.313017493506678
4800382,1759382,381.7656005134963
4800383,1437800,229.94598216381368
4800384,439440,808.5135526692818
4800385,1853776,617.4612064318305
4800386,973181,625.6004003789667
4800387,1386706,811.931819251595
4800388,883188,211.69407174504883
4800389,161572,501.7739676653398
4800390,1613641,246.6918305628165
4800391,29585,798.2080985855451
4800392,1762470,165.18916004575368
4800393,206244,821.7046661864379
4800394,1686140,86.89423213731662
4800395,1937783,999.8289867171728
4800396,223179,888.1087784523841
4800397,1958662,460.77246252613423
4800398,1063873,139.86159363773766
4800399,570617,585.1522689830681
4800400,803806,517.2557617846649
4800401,384012,158.3098613294769
4800402,533870,529.6276103561632
4800403,194117,826.2902513208522
4800404,1306686,983.3506435151804
4800405,1963876,615.1075893895328
4800406,46238,273.498020561592
4800407,1570167,508.83261828849004
4800408,885209,532.2341634857826
4800409,870327,326.7906854500533
4800410,558833,646.4649535745341
4800411,1810545,965.4984713650372
4800412,1148673,783.3701228725631
4800413,497862,835.8551182613054
4800414,417129,611.3298754773512
4800415,1479247,988.5217037713534
4800416,926418,103.19934312983537
4800417,58294,979.574037606124
4800418,665835,683.6934876611296
4800419,350465,54.42601350395504
4800420,269765,25.153223087948206
4800421,96501,779.3310333117207
4800422,1562199,897.7280560396782
4800423,251900,574.2232745680602
4800424,184284,534.9004124107261
4800425,474173,356.61092397029404
4800426,802125,782.8525787799682
4800427,161426,837.1659051671719
4800428,819314,369.0245519514307
4800429,970430,645.5110960646693
4800430,1759110,680.625135668573
4800431,1366248,131.5711788117253
4800432,1486246,455.0405985428887
4800433,1608289,409.2348809662928
4800434,1406163,474.7611990688354
4800435,1963533,245.86001629341592
4800436,1506924,204.5540746677037
4800437,1284784,217.4776786148479
4800438,1568070,800.3844622114125
4800439,690886,92.37035343889666
4800440,61115,531.0362306020045
4800441,1600017,715.0162100320209
4800442,1884822,82.3114700035572
4800443,503613,897.4296985532249
4800444,1797245,576.887855854536
4800445,941499,380.5045324194688
4800446,1446086,139.28468931119653
4800447,198047,780.6790982515545
4800448,472725,357.61841714325027
4800449,1724124,380.4012423936949
4800450,1596330,978.9782523237108
4800451,1552974,624.5755873662968
4800452,1723239,773.071214559177
4800453,1937353,64.7541984596438
4800454,574722,785.4010628261805
4800455,1768601,172.41223113056802
4800456,635769,664.1347721555758
4800457,1991654,994.8224138889943
4800458,1137875,64.28531542472982
4800459,1647589,642.7426245444411
4800460,1365471,242.68155855372143
4800461,1424791,725.826317453194
4800462,80841,375.6795525228717
4800463,577595,507.8487095591758
4800464,1563559,533.7002264405984
4800465,1993048,649.9184097788349
4800466,1730007,281.8392536172788
4800467,1292470,896.6613728931228
4800468,703354,429.9049790351365
4800469,1797849,894.5556735702548
4800470,1741944,707.8301246187679
4800471,804817,905.7102987190052
4800472,1948750,818.747812063425
4800473,1342629,13.047826616760961
4800474,1218238,351.08513194685287
4800475,823727,216.2827122206805
4800476,967917,669.7848014998164
4800477,1681746,54.23368066320688
4800478,590609,736.946326285492
4800479,1104699,947.8556328929836
4800480,1642197,107.04898965415788
4800481,519534,43.34873857185595
4800482,1670590,6.173500972198598
4800483,1424707,285.44551414383193
4800484,334731,443.8479000753724
4800485,1560669,726.3454087294126
4800486,96875,217.65101885266324
4800487,1530015,421.63756122394904
4800488,110431,230.46927625894432
4800489,249654,138.31547741648777
4800490,1517143,302.80948727020785
4800491,540490,176.3979560660749
4800492,34284,659.7472240863849
4800493,208842,741.4470876306958
4800494,54855,710.6736055330241
4800495,1925594,786.4487822621344
4800496,59924,973.344571370559
4800497,263652,397.19522047098985
4800498,246443,380.58135674629443
4800499,439233,751.4585307867964
4800500,422596,866.4830715791101
4800501,192395,611.722794094006
4800502,1502301,849.2307987813143
4800503,1519881,683.7735929387643
4800504,1832755,721.4021437145863
4800505,557246,5.631468819558116
4800506,1769570,609.963518362767
4800507,643222,636.635965837506
4800508,1721634,782.4310564468369
4800509,153170,94.12539039035383
4800510,570286,873.0685069454066
4800511,1541282,375.71546104458577
4800512,565917,299.78230424590834
4800513,1868960,604.013917210241
4800514,1988900,369.4841460053603
4800515,1302750,854.9198367585583
4800516,67406,270.04875202327827
4800517,1707174,636.8579730968469
4800518,541270,193.12957462382286
4800519,1200543,933.6077636861901
4800520,663655,729.2620106953514
4800521,237482,93.7156337906726
4800522,1672102,392.75858808345464
4800523,680804,994.8003626662404
4800524,1190508,240.6738318902496
4800525,1504906,99.12704982057075
4800526,663140,950.2003621176997
4800527,420144,83.39347811509879
4800528,706127,979.4668145695032
4800529,109356,828.9848914606308
4800530,1906327,617.4925030668084
4800531,538842,152.5038466522981
4800532,611791,252.24521744186768
4800533,448915,165.41116819541423
4800534,367801,977.1633405580108
4800535,1489763,829.326479729481
4800536,1592852,345.9117021240166
4800537,1959558,485.10917779550323
4800538,249073,375.0012317908271
4800539,341007,734.4383283608558
4800540,1834168,927.7577874388547
4800541,654987,933.396168956363
4800542,1829968,619.0015838312391
4800543,1591398,667.3032428155617
4800544,1453903,225.9653077152015
4800545,1472896,569.3756335942243
4800546,320135,673.7418156691933
4800547,581782,707.2199665692522
4800548,743448,719.5130173229195
4800549,1187380,954.5848090613694
4800550,951720,391.59409296462064
4800551,363462,712.9273277690447
4800552,875639,122.36678555107994
4800553,1561482,917.3705660835105
4800554,1557479,497.13124131636033
4800555,854581,959.9354642387617
4800556,831905,558.7839773525469
4800557,577983,968.3879157675499
4800558,601676,117.48506957696026
4800559,1000229,101.72071146705453
4800560,1106248,792.7168097419506
4800561,1711404,794.705556015229
4800562,16828,634.2380381388331
4800563,1790022,286.36739655228547
4800564,1907563,749.3339192338988
4800565,1008405,612.7395864608883
4800566,755304,834.4185576388574
4800567,1647222,688.1437423802872
4800568,500927,247.0959237817597
4800569,1744581,780.3681712029874
4800570,554718,625.0909909098579
4800571,60889,570.7580964759796
4800572,1337520,696.3311381971952
4800573,1158487,577.5311686118322
4800574,1107936,506.4420661332664
4800575,1388530,33.27471071981969
4800576,1338003,457.9883143416906
4800577,788795,382.52659930562874
4800578,291248,939.6324328738458
4800579,351868,523.5433744456425
4800580,1061670,156.75333034754445
4800581,1680494,841.9659837475023
4800582,212867,127.89988589890211
4800583,543495,556.9804445066417
4800584,1296020,621.1771489274995
4800585,1972267,950.3339399232876
4800586,1527433,694.3683436889282
4800587,1228577,308.8409684115431
4800588,492323,276.1533832094374
4800589,717897,206.53016882242093
4800590,1661216,946.7078366357342
4800591,41392,297.919086103234
4800592,919917,756.9641301706739
4800593,337862,642.6298335198874
4800594,370190,231.32180874423636
4800595,1565537,323.4361293225247
4800596,1311151,259.69540838418857
4800597,211472,729.6946039277383
4800598,1937569,240.54376021018854
4800599,1454321,987.7462974933917
4800600,230535,954.0376214937156
4800601,1581496,742.2034533505813
4800602,719023,748.1890136466301
4800603,776431,949.861708406715
4800604,1607171,989.2796174452112
4800605,1189861,870.4654161967673
4800606,656516,417.1062076948291
4800607,1581758,619.9965465555762
4800608,42091,472.37946845295477
4800609,1390110,112.64500385179332
4800610,1119205,609.561963620694
4800611,875643,723.755302092018
4800612,768882,292.027898132893
4800613,1707014,634.9241266627585
4800614,1793378,65.83353007818049
4800615,1389374,215.64674448634725
4800616,1343859,332.3895254643181
4800617,1666074,391.95215645628434
4800618,971922,119.59088578010069
4800619,1837017,236.6811218718202
4800620,401333,888.0244205512059
4800621,1533513,765.2951831114613
4800622,1985689,484.4244740582173
4800623,1539290,728.1522296012732
4800624,708839,978.5204843913966
4800625,1652246,518.2423569630064
4800626,1027329,977.5184208479583
4800627,1839608,397.8846282724192
4800628,853885,286.50130916569236
4800629,645973,467.17297337925044
4800630,485477,437.6865597910058
4800631,1332185,558.0523218877
4800632,1570480,781.6420779819024
4800633,138748,171.30705241670063
4800634,1975943,555.3478817038083
4800635,398591,852.3784118400395
4800636,165272,543.181997430202
4800637,1420704,759.0615552534982
4800638,1351315,385.28814256728936
4800639,111222,804.5420634057468
4800640,1032022,523.6382667997834
4800641,1435360,993.5824084048658
4800642,975281,9.45277541815026
4800643,652447,547.8384016405993
4800644,749900,868.7746674214327
4800645,78092,862.1653715737957
4800646,429613,297.1401115272852
4800647,1075308,447.5636497888259
4800648,979550,228.0801268641871
4800649,1684455,607.6783274752337
4800650,1551796,126.63419918556862
4800651,715039,333.459268357608
4800652,259079,509.6865348795224
4800653,1936026,150.2601563892051
4800654,727935,368.9286160477131
4800655,67077,139.10532186135904
4800656,1723024,678.609846230158
4800657,388003,351.1434929277335
4800658,353266,453.42672049537634
4800659,415934,826.7266838641704
4800660,673489,340.7525876037539
4800661,1244620,890.9503071958677
4800662,686345,633.0441647350913
4800663,848390,541.4318474140533
4800664,751771,212.90600011194806
4800665,735476,844.3651620694068
4800666,1802271,457.7184953891881
4800667,1719225,153.54179066331042
4800668,607862,28.111339074779472
4800669,999580,674.0010414038304
4800670,1925977,323.9953570263362
4800671,1075969,967.7994971155483
4800672,89858,959.870876152744
4800673,1999520,72.36112518606109
4800674,544918,959.3127008700221
4800675,1947242,579.4159254596998
4800676,1432548,608.1765055661471
4800677,1621786,655.2104754764046
4800678,1186164,140.3617171017506
4800679,1871862,465.23737991985683
4800680,1619318,876.8918176761943
4800681,953471,644.2340805567396
4800682,474861,265.64731640503004
4800683,1848624,930.6991254033612
4800684,1272913,135.53208640651005
4800685,297004,820.0104028385452
4800686,1781193,563.6663463989656
4800687,1140779,115.47870809547067
4800688,941296,423.48079553354165
4800689,1684444,561.2521016513084
4800690,9604,19.09918426465007
4800691,48799,451.9092219503268
4800692,21278,531.7081850735932
4800693,582778,681.2334947227868
4800694,1781036,581.9679691024703
4800695,161514,757.9619855629728
4800696,1889112,159.67067593992024
4800697,736591,222.27170037374722
4800698,114698,146.4461442995837
4800699,360585,252.31955205481094
4800700,1282358,502.6381538545225
4800701,1005648,691.6283308636556
4800702,807920,872.1053668184384
4800703,1851429,148.42073990083938
4800704,1563747,114.69974117169679
4800705,1134235,575.9383444500348
4800706,475921,253.80567062420045
4800707,1702556,83.01337903235984
4800708,1242034,628.3976654223306
4800709,1358210,16.230070726107048
4800710,1061436,12.234136829022745
4800711,1585165,722.0139245117656
4800712,51230,824.2444193261034
4800713,1010738,665.7784860538795
4800714,1034470,382.6269574223573
4800715,1271404,298.6686163332648
4800716,1692891,247.31999552341378
4800717,310542,273.3311346663505
4800718,1913042,497.20302885023074
4800719,317041,844.0868009260514
4800720,1370395,618.3608335463497
4800721,1926218,771.2853590614181
4800722,461984,123.2947454915081
4800723,1473618,66.77830791810635
4800724,272680,272.247902897105
4800725,846213,330.1127766355022
4800726,1015297,328.3084192170316
4800727,781146,956.0197529465156
4800728,47706,172.15181329024375
4800729,335155,765.2403465330003
4800730,1876161,227.70163673737787
4800731,1057113,691.9424927409234
4800732,1404102,905.7663246049916
4800733,687530,241.3747893170104
4800734,1183556,865.5623758067658
4800735,359913,290.50377448869625
4800736,1376680,991.6077678084683
4800737,30815,953.3724279318685
4800738,826409,734.3020303154414
4800739,1677094,912.9570194476503
4800740,1288089,618.38616999984
4800741,46554,846.6110940988541
4800742,536746,974.7167651642649
4800743,14020,546.9153961038675
4800744,1427214,340.187434224266
4800745,1208520,721.4251902605279
4800746,1780359,48.42917834710736
4800747,1643628,384.69125837413407
4800748,771956,72.7243687806709
4800749,1554052,361.42343273206467
4800750,1875070,69.5219797351485
4800751,965214,695.124373154004
4800752,1670391,790.0816407427876
4800753,1185694,936.9447735513869
4800754,1861247,636.2738113622887
4800755,618992,49.86804010909152
4800756,937198,752.8691604219166
4800757,127409,749.3096589921141
4800758,141227,1.359333545079111
4800759,1971196,808.1727528040758
4800760,504676,467.74587666641065
4800761,601090,905.7805317995019
4800762,1849906,981.9797916072098
4800763,1487104,347.8836560756966
4800764,795489,456.4082693902328
4800765,704339,950.3781588176042
4800766,1115477,613.4373800748234
4800767,1979310,764.7018591025546
4800768,767633,670.5949592516483
4800769,389739,589.1169645759951
4800770,1716375,459.9283557285573
4800771,1192577,437.3981313440007
4800772,1580071,126.19329624775366
4800773,44226,231.4321192301666
4800774,729088,342.891217345937
4800775,1965346,899.7524777026712
4800776,529656,256.40063645527
4800777,1860544,614.3264580821476
4800778,392375,110.94371651539925
4800779,351052,561.7951088377675
4800780,1956690,427.1630719459928
4800781,394799,391.22304935508413
4800782,1662136,248.10741666151137
4800783,228814,471.0613465074376
4800784,1908735,720.4891552781729
4800785,676278,447.6036001726078
4800786,956831,905.4703412449575
4800787,434353,997.236294926762
4800788,1555912,50.435454155922876
4800789,962374,961.7112462238779
4800790,1466607,604.0248722025583
4800791,19401,935.3994146718808
4800792,355217,246.66405057934892
4800793,278813,488.07340271558263
4800794,954481,444.2100556282386
4800795,1472553,763.475087919377
4800796,1514196,415.80024098206337
4800797,859758,436.0640241589855
4800798,187386,71.70315311774378
4800799,1155480,145.83964864081267
4800800,164709,787.6502851370545
4800801,1005080,372.86627363658454
4800802,1071701,367.00965422364874
4800803,16023,726.4950138743712
4800804,1694809,562.105347925963
4800805,262717,140.7193369206894
4800806,1264254,16.974517538247635
4800807,799772,943.2575765324272
4800808,141043,174.4329447702888
4800809,716420,477.98390679595025
4800810,1845277,555.2045453638345
4800811,947850,921.290507903274
4800812,1237159,933.7968626988762
4800813,343514,673.2447154781453
4800814,841883,141.5698636192205
4800815,1242505,8.155071069885667
4800816,673562,120.21380869018172
4800817,1630329,402.7060369345351
4800818,849944,804.3141828385674
4800819,182338,997.2386238693808
4800820,1204405,453.873042993717
4800821,1406901,0.07189452642442085
4800822,1309970,537.303277170895
4800823,295809,64.012211380717
4800824,919706,559.4964851079543
4800825,58028,884.4094307310778
4800826,41628,605.0841568338548
4800827,66720,71.53153550796176
4800828,536674,780.0869678610134
4800829,914759,206.87757749630597
4800830,652732,47.572451670669366
4800831,52274,741.1320234324372
4800832,1098960,566.6171326163642
4800833,1327669,606.6612184891285
4800834,1841867,184.788557011066
4800835,919789,949.8180799367761
4800836,956909,420.19590291892774
4800837,877316,500.8983731523331
4800838,805183,99.42288958386281
4800839,82452,888.8373391810763
4800840,1572748,259.0467862394412
4800841,25339,67.85640196858044
4800842,1406756,53.98408319167702
4800843,561659,715.9474162094264
4800844,94345,74.76402530998794
4800845,19573,866.5940586812047
4800846,1648766,674.2865845589514
4800847,1885701,672.0390571636601
4800848,1975128,26.21870950176275
4800849,1101309,773.8613458355443
4800850,863176,831.5947083597969
4800851,135630,63.932746215090376
4800852,697387,401.41817147467043
4800853,14274,584.2392498876862
4800854,617378,782.5519636010655
4800855,114200,112.26261213844735
4800856,180245,840.7273835157579
4800857,1932767,860.0874935190427
4800858,1019974,489.63026027074363
4800859,242344,717.0492101173669
4800860,1641545,32.7887185991953
4800861,1592952,489.61444607656944
4800862,929138,695.0905050279426
4800863,476221,253.62018297198497
4800864,481762,782.4922785305741
4800865,1013614,890.4643574981196
4800866,1803184,444.82807653360726
4800867,1091916,554.8425496475032
4800868,1062492,826.5535552104421
4800869,340131,219.21891743366595
4800870,142379,523.2654798041428
4800871,800407,579.4352574265635
4800872,362683,586.6868471315689
4800873,82957,356.9656366250432
4800874,685762,106.62366026104075
4800875,380393,209.79948140250747
4800876,575452,199.21346324784517
4800877,1329217,566.7404156701674
4800878,1125235,277.1710100361343
4800879,1202218,506.06266825222355
4800880,693217,775.5267137644591
4800881,1304723,168.41747466866997
4800882,5644,536.8299925674971
4800883,1102891,812.8424305834196
4800884,1653526,116.90480524074287
4800885,1302889,37.82083653143664
4800886,76481,173.00687895490262
4800887,1076793,985.3340591584357
4800888,1078000,131.52205526352878
4800889,1249454,201.18537436370076
4800890,935790,146.98531932094693
4800891,1146169,412.9219265002874
4800892,1424202,159.1327549379249
4800893,31373,291.45976035020703
4800894,1345532,689.5990089446191
4800895,1838515,865.0372877056252
4800896,1176764,541.4129815387862
4800897,1235177,782.6626570944281
4800898,412900,914.5827889503421
4800899,1935295,453.6488150903988
4800900,402770,131.12229046802827
4800901,347402,262.5388041819371
4800902,346430,101.37953942566035
4800903,1945332,269.1016602005436
4800904,977506,632.1743831113437
4800905,979741,610.2882026543509
4800906,1905433,183.3746575414671
4800907,1778381,609.8987557900194
4800908,63131,345.035633473043
4800909,722840,512.2055855496935
4800910,661893,404.5565222269205
4800911,1330799,453.5973471800082
4800912,1809265,183.4577434950425
4800913,1581646,523.8372463884658
4800914,708532,470.6478054898974
4800915,1337606,647.8964417826843
4800916,462145,802.1481092522938
4800917,571694,971.6901230227639
4800918,1092512,272.2450313593565
4800919,110515,679.0966223754077
4800920,38150,126.15122505284259
4800921,1276307,829.2317634358388
4800922,1359585,195.80172661302575
4800923,59521,454.35626107910286
4800924,1574380,381.7222453467233
4800925,68943,853.4486676584249
4800926,388922,393.9969177519814
4800927,1795669,931.1785168969006
4800928,281221,150.59361487647527
4800929,1081946,151.2729350444807
4800930,1537466,418.3351600275661
4800931,996393,532.3589081505403
4800932,1985038,162.95738704896112
4800933,525506,743.0240050060364
4800934,612658,683.5652278191162
4800935,181190,378.56929157741683
4800936,378454,778.8867050635481
4800937,36094,875.0673344610387
4800938,138774,80.95907273297831
4800939,743981,328.6233130059987
4800940,1998552,112.94397469190831
4800941,28868,174.7554676806974
4800942,1449424,835.3177107848006
4800943,1404738,812.2085311142993
4800944,1710704,669.7197996317425
4800945,773494,127.72322075607123
4800946,1351796,266.1600945103698
4800947,1911724,91.60357315472855
4800948,750025,388.49218644495
4800949,361818,168.60095435604094
4800950,1229968,519.9352157804194
4800951,952704,484.63182164674015
4800952,463879,299.46407572465415
4800953,1467978,417.04902666120427
4800954,1056987,836.931080216387
4800955,822167,991.804212622181
4800956,195586,675.7657359586826
4800957,555030,25.675490792314903
4800958,1186193,480.1048942756271
4800959,1314343,961.2835506492511
4800960,908512,724.6946385635616
4800961,156573,883.2850886594301
4800962,1414257,936.0170929467328
4800963,583684,914.8584030723174
4800964,1886639,389.2888464295694
4800965,961432,358.16931685395593
4800966,864581,648.4176350613706
4800967,1667227,656.8671692858821
4800968,1251348,811.5821770275901
4800969,762736,290.6301808573262
4800970,1027949,72.98708789205621
4800971,645564,977.8811877223571
4800972,184587,12.744079731705881
4800973,207925,478.9946366335681
4800974,1503398,365.2145926892805
4800975,1436646,44.31071439287959
4800976,26799,523.8031618620339
4800977,1483215,46.49779714104951
4800978,1370771,476.76825949166624
4800979,1087527,336.61696112225815
4800980,1356627,928.7692352084479
4800981,31289,427.90712321402367
4800982,1678104,205.11455876104478
4800983,52150,286.49724128049905
4800984,831367,463.39347200202917
4800985,207912,327.0503972380556
4800986,660813,678.7999584775232
4800987,1435732,674.2997832933155
4800988,46329,722.4432509894792
4800989,1199950,487.9961888350205
4800990,1769704,761.4138349734963
4800991,885505,374.3654535766506
4800992,1012003,548.7417163467396
4800993,1590931,410.0261862477976
4800994,1260952,556.7359389414827
4800995,1623080,55.904059046038014
4800996,1364715,722.3707959554108
4800997,1426185,273.68869744783444
4800998,984909,661.7983770723504
4800999,432402,108.74920907625429
4801000,1621143,687.2356500835025
4801001,1452100,150.9261332797319
4801002,1327065,363.2577532068063
4801003,1737431,216.7022864618069
4801004,104918,511.5514033088601
4801005,1947512,578.2434986577106
4801006,1413320,601.5608769550809
4801007,957223,199.6138060850059
4801008,1179284,874.606527048027
4801009,670058,792.4989347400691
4801010,1277320,501.7814842579782
4801011,387006,160.44650760225622
4801012,95410,557.8474941512197
4801013,665184,162.80032027100833
4801014,515538,87.43345643583777
4801015,399483,27.708661612606655
4801016,1067640,933.3309326687289
4801017,859190,723.8864900405325
4801018,1855655,299.6425030585725
4801019,88779,751.1157971614218
4801020,1830896,24.451716316476137
4801021,1978832,451.76212767526323
4801022,1114686,189.77688024144567
4801023,1794175,766.8419524625423
4801024,1760938,902.0912585690902
4801025,607275,594.5987107608714
4801026,867104,288.15298284150293
4801027,1663363,669.4666814479224
4801028,1290882,945.4473105685746
4801029,1134538,628.9927759536907
4801030,1135866,280.530867314589
4801031,237243,542.3566392278589
4801032,713328,331.87631482368715
4801033,1702865,813.251225728894
4801034,1255261,347.7937810899729
4801035,1348907,846.4686660992602
4801036,727152,783.2463814821418
4801037,1528764,690.993828583219
4801038,1564779,999.3569838629066
4801039,1155553,948.4556680381983
4801040,981841,457.5457048051764
4801041,1328376,947.5929873480941
4801042,266104,900.9029251825468
4801043,1977453,94.48014293531493
4801044,212763,375.2614196948665
4801045,63864,106.32919668848228
4801046,1941629,152.79375062011547
4801047,322057,167.7002253958445
4801048,816704,555.4789130400458
4801049,46548,424.57028992541177
4801050,1767359,163.86901275621668
4801051,1770589,149.03369861132433
4801052,1721540,670.8478771528727
4801053,508457,352.23416370009585
4801054,1518984,422.3467261847907
4801055,122923,240.04748573296862
4801056,1803232,613.2897034428237
4801057,46319,544.2758045213014
4801058,1470057,475.37603494804813
4801059,1313451,587.6809420119666
4801060,835357,719.7172554881076
4801061,923769,611.051322112494
4801062,446028,109.9736109836934
4801063,706998,809.3927996994818
4801064,1625621,87.33350326059697
4801065,471545,370.40868835329553
4801066,1197145,151.1662310094738
4801067,810486,540.6565874102635
4801068,936299,109.2303123909163
4801069,438136,392.95932230453667
4801070,725000,503.68327760798604
4801071,1552521,971.3529519997594
4801072,651233,424.29023827157266
4801073,154189,682.2274442353562
4801074,1854075,502.6295029628707
4801075,62102,35.771017666766156
4801076,919233,252.42996584080558
4801077,1503898,297.2855990604617
4801078,5436,952.1783947177731
4801079,44762,520.0550705634573
4801080,1457577,985.9856655124474
4801081,1161410,288.41703519349073
4801082,223638,726.434836559338
4801083,1851746,830.4549704663764
4801084,1749942,328.53867420710145
4801085,1250970,551.6542521795163
4801086,311978,986.4716377355131
4801087,1024256,435.86741990317313
4801088,799145,143.48003321553549
4801089,816704,906.707787935745
4801090,69682,474.01131167670206
4801091,910960,129.83729824598043
4801092,1021802,931.9209735351388
4801093,789879,448.0352897110707
4801094,1427745,629.4210447282237
4801095,1736238,463.5771436265596
4801096,1001681,917.4531088346855
4801097,635141,849.8564909379473
4801098,677547,149.79435275178588
4801099,368880,719.4325975984111
4801100,1399357,34.46137829901441
4801101,1832864,292.3446566019543
4801102,513357,69.32740087243839
4801103,1720950,83.3237945816393
4801104,427068,708.2687825199608
4801105,461978,265.5308240618783
4801106,1711004,652.5421685790154
4801107,1716326,442.2899456556801
4801108,1176110,407.2781310215068
4801109,83798,186.20727634450384
4801110,108754,542.0828069258381
4801111,1009397,293.1956056634015
4801112,1942160,219.85594111029062
4801113,637762,663.0206987309703
4801114,1388623,387.54684945138985
4801115,534311,189.18931416078877
4801116,250816,270.0156008664387
4801117,1233931,479.5972133584149
4801118,804567,719.0553473773299
4801119,1818739,339.71895601887417
4801120,1949176,881.0116827354213
4801121,1495093,795.1590717369653
4801122,1574796,342.47146778521375
4801123,1625175,286.33053200768535
4801124,7509,809.097576493433
4801125,1485010,208.75947107163006
4801126,442226,835.462559393577
4801127,1943075,318.1229887942122
4801128,1006392,985.188066186712
4801129,1551264,995.1785204545065
4801130,915690,513.320318728817
4801131,861275,193.6830468676922
4801132,578289,965.3194945209415
4801133,1865630,559.9281656135048
4801134,192629,365.35268523537343
4801135,1812548,788.0490733819398
4801136,1795566,718.6056502568264
4801137,1775171,936.0252685909828
4801138,1189964,200.93563608927101
4801139,1274101,544.7754561994706
4801140,1028489,254.6237840770408
4801141,1929085,633.8995018015064
4801142,1707384,763.4403587919882
4801143,1162821,32.95152538373314
4801144,1629512,564.5126365306246
4801145,886326,948.4265215896744
4801146,674493,997.9664750776196
4801147,1771968,979.2465023264892
4801148,553879,350.52174828372927
4801149,343472,536.0231281623088
4801150,1301927,708.2057948898928
4801151,20249,510.6380135796977
4801152,1191766,360.98706039043384
4801153,726232,470.33165982169055
4801154,1423679,498.2614232353915
4801155,274810,68.36434267734471
4801156,1660130,572.4253457169508
4801157,612752,867.4239805440338
4801158,714474,214.66904576131307
4801159,1988406,251.41154040740787
4801160,1500150,915.3312230597475
4801161,742661,420.3449559142138
4801162,799271,403.31219982885193
4801163,750645,27.73641415350403
4801164,163484,476.46157130075903
4801165,1361326,37.42160850447674
4801166,1995306,465.9735827307318
4801167,850457,757.0849338425634
4801168,1901874,382.8256203679242
4801169,1949945,389.3719884008403
4801170,92515,657.0407931780518
4801171,795421,331.9147903327858
4801172,697769,502.00345598268757
4801173,60863,269.9053133428168
4801174,1011356,452.9782422010934
4801175,292136,682.3034799198261
4801176,1199417,690.086482120918
4801177,1692689,443.3559275908585
4801178,763430,719.6371673461354
4801179,292192,125.26657732611146
4801180,750452,892.9624892507106
4801181,784384,434.8342809923847
4801182,409452,361.1896671890273
4801183,1439889,903.5738485246852
4801184,357320,25.936205421270508
4801185,414412,909.6279327820024
4801186,1104224,680.5251333985286
4801187,1298708,572.8238036311118
4801188,373967,26.341509286460397
4801189,361420,816.1494417423742
4801190,1058174,668.8848457621572
4801191,750570,349.2203917835369
4801192,169508,458.39532485275515
4801193,1889078,213.2367724124701
4801194,1024910,173.41495727500356
4801195,716881,9.696403637266204
4801196,516987,883.639583069924
4801197,518080,87.56515671126076
4801198,1958306,144.3368541541691
4801199,1067009,261.6167576755707
4801200,247735,146.65858248489994
4801201,587612,845.7370627754531
4801202,1732815,82.43295794613859
4801203,1567908,478.0752508976166
4801204,1523432,154.95359533259
4801205,1228329,980.5409224969177
4801206,1711921,198.218858139649
4801207,1427756,661.3877484525589
4801208,105795,648.0672347379345
4801209,1234778,701.9558123954439
4801210,928353,28.60140424092661
4801211,1656049,548.3283180107834
4801212,1974250,118.66204886786869
4801213,1557387,40.627640515051525
4801214,1799868,446.1848979932811
4801215,1950441,847.9277789485329
4801216,1982505,354.0301359778232
4801217,238521,274.0086380258533
4801218,805278,901.8203838912983
4801219,1733938,509.49117998094573
4801220,1936642,725.337028351574
4801221,1403021,851.7884898278505
4801222,1084974,123.78184500073519
4801223,1827336,930.8341793979588
4801224,588952,337.5606118170532
4801225,585176,588.9667209932957
4801226,1337486,994.2204088298577
4801227,492962,19.37440959681469
4801228,1117829,958.7888748441861
4801229,665802,352.5125160070168
4801230,865292,594.0054591557486
4801231,705117,828.7966526295809
4801232,293121,671.7291443677373
4801233,443129,878.0469843929961
4801234,28289,332.9896545600216
4801235,716480,143.62421163639948
4801236,1927598,323.6054522461258
4801237,573274,906.407421221252
4801238,149417,231.69805863602767
4801239,1963723,719.6075335635136
4801240,626130,438.6124011885941
4801241,1225802,941.8073708472949
4801242,1167770,150.2290054035391
4801243,599092,449.36717299033245
4801244,1074153,947.9072440066575
4801245,457589,762.8393458909204
4801246,905275,690.0041102565768
4801247,1905576,539.7718420251866
4801248,1139141,946.9612692494356
4801249,1905485,921.8008015648277
4801250,1945923,602.4753009124582
4801251,1581350,929.5162995838375
4801252,1742414,926.0614629937224
4801253,926421,199.7358169637784
4801254,844329,458.10144664054684
4801255,1002872,21.538083872183144
4801256,631676,518.6573305726918
4801257,1447186,518.363689426295
4801258,320175,92.51578423486295
4801259,1749457,262.7279821947469
4801260,423184,434.10295467233163
4801261,927769,740.1591964903084
4801262,1355498,701.4424730679972
4801263,939954,591.1602527186021
4801264,1784260,112.14161439106573
4801265,95491,559.0190042698392
4801266,422160,479.9955605732149
4801267,1159879,553.2627373679586
4801268,526103,104.67370337704519
4801269,1353257,252.15178287358208
4801270,1905852,316.7554537380785
4801271,627309,703.2165741615559
4801272,100110,310.05208279892094
4801273,1161085,194.2595463201914
4801274,1604092,590.9267232348551
4801275,1832283,996.8059010955959
4801276,376162,675.0898224853082
4801277,210954,452.60599858615967
4801278,1385907,886.6793229999344
4801279,562772,735.3629932260309
4801280,1177916,838.1513637888279
4801281,807097,567.4393416639698
4801282,1485679,558.9638023824068
4801283,676339,772.9982303694316
4801284,1347129,246.3401937760895
4801285,1438143,86.15775022730699
4801286,365032,407.2366938777655
4801287,496847,943.5692527756183
4801288,1299701,636.3007459421203
4801289,522626,874.2131725364192
4801290,187513,172.96565686529007
4801291,908490,99.53234853288862
4801292,582793,824.3932807327792
4801293,383828,632.9341180723787
4801294,88749,138.84638019688566
4801295,1680716,725.8752284920911
4801296,120034,683.418216248396
4801297,1461081,601.2095882452509
4801298,1000301,226.5950175116933
4801299,1814265,962.1931076358082
4801300,1596403,282.4577920388993
4801301,1845573,645.8827641725361
4801302,294317,302.8863881473857
4801303,371475,92.69332106340788
4801304,368543,509.3786875532007
4801305,1806221,978.9879494657603
4801306,498926,919.5605541612689
4801307,893390,764.524365413148
4801308,283934,106.8995939553743
4801309,1490105,668.0524430868307
4801310,1289848,820.844196595729
4801311,345158,958.8323923169521
4801312,913692,817.1541280660956
4801313,1167645,476.6358441923313
4801314,564980,379.7260725174969
4801315,975631,914.2371721055664
4801316,1778904,447.44454375889643
4801317,1472037,860.7978901490607
4801318,1761392,948.0148947215465
4801319,994136,298.35380488997885
4801320,1935368,914.1412968329395
4801321,1803874,840.7450052060609
4801322,37281,913.3918946799718
4801323,442340,226.00466217496208
4801324,1799065,489.6558934488071
4801325,862985,192.9489955501469
4801326,1293913,183.46042226808035
4801327,986695,283.8610117850746
4801328,1791211,906.3334025007568
4801329,1646269,893.1563220134732
4801330,731295,983.3369614602025
4801331,405420,357.95274558076073
4801332,859384,802.4398894907148
4801333,1705791,455.8003987316298
4801334,135968,689.3480452613614
4801335,408125,43.44498856785517
4801336,1048833,366.66948486680076
4801337,1449763,858.2912655465046
4801338,872282,75.30051008939054
4801339,1068721,455.2603163342144
4801340,1767495,772.4891482251551
4801341,787101,133.11370981428837
4801342,808583,119.92216070353257
4801343,1209826,423.25394016927385
4801344,210483,528.587699538197
4801345,1358904,771.6599675597606
4801346,1913283,777.5741301785532
4801347,1658782,994.2605396660182
4801348,297906,810.828878995862
4801349,1092570,130.95080251491908
4801350,171853,583.750499019606
4801351,62378,993.1159140917526
4801352,1432125,244.70521682712243
4801353,382890,317.52981536209944
4801354,973241,884.4873025579598
4801355,1416710,760.2366831941619
4801356,269938,977.8615348554013
4801357,1290472,428.674470231998
4801358,1042440,962.0690402727778
4801359,1396326,824.0146004734762
4801360,161221,798.5233536267558
4801361,625070,67.22408737413154
4801362,1207564,607.3021865641323
4801363,533620,522.9289729622673
4801364,459480,831.1291984916239
4801365,226890,191.51102429147682
4801366,493179,196.20550519157575
4801367,525725,933.1673837592579
4801368,980958,222.06845221818105
4801369,181079,955.2171334691977
4801370,1339938,837.8716330757404
4801371,1267821,962.5178904180581
4801372,1108857,637.2118303815815
4801373,361750,729.2388174390899
4801374,936078,773.720906360523
4801375,1475726,541.94599541871
4801376,1186508,128.67037413491224
4801377,1447748,750.8288004481859
4801378,383790,488.0627987662756
4801379,410992,492.2722799181891
4801380,1372831,290.5485110927517
4801381,1706586,455.3063142432161
4801382,575868,855.5029993218842
4801383,1074686,607.982366347922
4801384,1066516,46.80353587045305
4801385,1385173,752.5477330086504
4801386,1875399,579.3607106241934
4801387,482027,49.186306261965406
4801388,109554,795.3840819353838
4801389,411868,768.8884861351053
4801390,1309952,224.94878058130897
4801391,527347,285.3613136554194
4801392,414484,118.20820244058827
4801393,1293544,813.4203450725907
4801394,254937,478.7067979910408
4801395,251581,616.8841168810861
4801396,1239024,532.2494221165439
4801397,1829436,175.5371485246101
4801398,858622,116.17340266348964
4801399,1190910,989.0362041087956
4801400,864702,861.0851349433399
4801401,952344,314.52480844377453
4801402,1819300,551.7836777140514
4801403,1695064,524.2495482485759
4801404,440594,611.5872496579608
4801405,1338277,178.75846100965043
4801406,1071428,872.9291148472188
4801407,1506030,959.9217909306418
4801408,27618,221.2773028145798
4801409,1037552,326.76916026113435
4801410,1620642,526.134287514862
4801411,1073461,77.54094366426945
4801412,1628386,634.9137748867278
4801413,594989,44.52406768504158
4801414,1708235,221.08709003034943
4801415,1636021,837.1296217619869
4801416,862975,42.491341901185194
4801417,704456,895.4266834016128
4801418,1539508,683.7629290231832
4801419,667464,456.4339119822702
4801420,1277064,657.0553927281609
4801421,491836,380.8126457107047
4801422,1283885,715.1054948788818
4801423,267930,872.8341597914845
4801424,857219,882.6399288678125
4801425,638862,98.94250799924953
4801426,1968403,136.59301735983064
4801427,833985,957.1679898647988
4801428,1401681,922.3965352344607
4801429,553457,470.8140045760484
4801430,1797329,794.8506739663296
4801431,1923243,44.5136869832804
4801432,1054472,633.3591884251236
4801433,908895,892.9320332762412
4801434,663980,142.78757407235508
4801435,1362339,721.6740418750067
4801436,189989,145.74781925561865
4801437,874174,357.3852239081151
4801438,1108074,108.37057039265463
4801439,45222,528.6857103874365
4801440,1257473,563.8285677766531
4801441,970645,684.6028508102678
4801442,432092,119.6760889381896
4801443,1147609,744.6139714047376
4801444,1839339,78.55574940418863
4801445,585424,259.2913912703657
4801446,178223,218.73778631122366
4801447,980140,283.4372648639558
4801448,1936062,28.853492939473146
4801449,1526634,79.2387063213853
4801450,1280620,541.9887221527752
4801451,745557,50.427197989824975
4801452,890929,818.082195442219
4801453,1418868,74.29945787931503
4801454,343333,730.4992510652033
4801455,1491103,407.71554277504185
4801456,417295,843.3062853119434
4801457,509219,245.70253715592227
4801458,200206,366.38472142413735
4801459,582993,837.9852698749659
4801460,1387638,74.04386911864502
4801461,585518,187.63846555214414
4801462,1978818,294.5677870949065
4801463,955293,214.13646824819543
4801464,962789,337.9191195604677
4801465,820848,66.3165803297533
4801466,1365321,845.3884120080842
4801467,673777,494.8537029458957
4801468,668654,617.525968282032
4801469,426296,957.2646920168578
4801470,1004682,220.72442352029177
4801471,311636,82.01293343822091
4801472,911272,363.2875557383498
4801473,1507466,477.8606499228378
4801474,221401,599.6981229904128
4801475,56661,247.62540113440346
4801476,54978,951.0862728721498
4801477,633648,786.6177867023509
4801478,1157719,106.40002585530361
4801479,749992,635.4043879833852
4801480,1114813,175.11013626540117
4801481,1328483,732.9828887038216
4801482,1622397,237.6703837519235
4801483,691049,629.795496983633
4801484,147770,886.7801150760015
4801485,416029,50.03078788183157
4801486,251457,515.415071376701
4801487,1012978,681.2300613509308
4801488,1815162,644.7313244368636
4801489,1462405,620.5971242446373
4801490,841816,794.4858186110204
4801491,1579107,810.8247619430228
4801492,1519981,957.7586083676672
4801493,913380,51.23850778590511
4801494,1429307,723.3354167746322
4801495,1981729,783.1726803702367
4801496,1389319,307.42743372054457
4801497,1664040,8.917142782778553
4801498,821377,369.83824814134556
4801499,740734,323.39837678750314
4801500,1019027,99.54318090578651
4801501,1852268,31.34845609019321
4801502,129220,6.191365775929603
4801503,1253972,142.34590704392537
4801504,1533326,67.05994929638226
4801505,616094,290.3447031742411
4801506,1476539,364.74453092603477
4801507,187226,708.8069215573516
4801508,28264,646.448145919458
4801509,1699562,58.91828444612113
4801510,765253,292.2021321437631
4801511,698192,201.07881481815937
4801512,913850,662.9937517188108
4801513,1098781,611.545565869976
4801514,225876,649.3884488016664
4801515,1737125,739.0584178974133
4801516,180870,94.75778643110499
4801517,926591,125.39001909915149
4801518,455113,106.40058431831267
4801519,1842031,167.45149559750516
4801520,1748050,590.7949254546623
4801521,962246,871.7035529941984
4801522,1946173,901.0005752910015
4801523,1060092,856.0284128455022
4801524,1476867,264.2398951787127
4801525,693116,872.2346973931418
4801526,1018561,830.9823073129908
4801527,266627,716.1476482668277
4801528,1135049,704.0915767518576
4801529,512004,455.38397818454257
4801530,105448,208.7943892174563
4801531,15804,371.3874356026413
4801532,836999,605.4765253218372
4801533,60667,119.96775929785208
4801534,870199,987.117327113392
4801535,674599,723.6759161572207
4801536,567731,730.2752672486528
4801537,1279765,321.57387908998294
4801538,1707279,766.7636875071265
4801539,1802834,626.1559704696858
4801540,536714,6.022358587454035
4801541,333611,61.89532790837748
4801542,111570,521.9288804325363
4801543,1237487,869.77609491283
4801544,1087380,225.15399429832317
4801545,680780,77.11479648703911
4801546,1611657,861.7344556823348
4801547,1797767,993.659765653678
4801548,1232442,880.4939138769611
4801549,1700524,125.20066455261126
4801550,1325053,559.1466463081056
4801551,964128,162.42166298693695
4801552,971560,84.7164120183973
4801553,1686424,502.2917408661797
4801554,1266599,552.1725820587255
4801555,1743871,319.37910652906567
4801556,520268,667.8823259915139
4801557,1879443,997.2309361819695
4801558,1318072,343.9612172037535
4801559,1269524,499.3141041652324
4801560,1448178,27.22763166944975
4801561,1099266,455.5941664887181
4801562,1277390,887.5338461425583
4801563,1297660,602.8255238950844
4801564,9858,394.26892432423546
4801565,1710090,328.681730905799
4801566,437436,443.7347982654309
4801567,852392,575.7798184114238
4801568,1662048,90.78860283954371
4801569,658767,721.2724681996265
4801570,1542603,820.3606090324658
4801571,1361255,511.1947931200498
4801572,1581313,421.5896335839945
4801573,1118068,792.3472742418008
4801574,625211,133.65075255396485
4801575,1333014,869.9186682534331
4801576,1076070,807.9139442567702
4801577,335121,273.3039986532363
4801578,1576643,79.042576202355
4801579,1422386,230.54508559302712
4801580,554374,953.220236364267
4801581,1879663,157.1900268305897
4801582,918457,13.292622022959666
4801583,450928,330.64233680800817
4801584,390063,939.2764833404533
4801585,1785945,231.68169744156953
4801586,1576403,877.5285271581115
4801587,216242,389.4126395074362
4801588,272982,193.14152060439548
4801589,1226785,286.8553903036616
4801590,413719,341.4762145192448
4801591,516218,595.4400682630014
4801592,1917623,606.10698201109
4801593,918665,285.3314155532587
4801594,1128119,261.77731165759764
4801595,1184586,174.5437531238787
4801596,63006,950.6477512399609
4801597,673432,442.65481992903375
4801598,1969640,470.03768151449367
4801599,1119825,216.38656294887494
4801600,641423,110.36355141619558
4801601,1020256,149.15150352518492
4801602,366229,873.552055424509
4801603,944212,16.64278185110213
4801604,1826676,922.3459308800861
4801605,283850,57.70096661268409
4801606,672978,155.05749530924385
4801607,1791049,848.9791940644213
4801608,395970,457.00213706613033
4801609,1836917,598.6112753779338
4801610,199715,28.23806139237184
4801611,1168412,51.43542521480804
4801612,1771130,460.5854788345017
4801613,1356331,984.4755511263638
4801614,1749309,884.1464874691795
4801615,1475880,896.0941922973733
4801616,59182,154.53390091361862
4801617,1822628,72.02114253009539
4801618,373341,773.8904459368609
4801619,1858858,407.84242100140665
4801620,1746776,484.38471003151983
4801621,1249177,805.0632599019995
4801622,339599,251.38253010848345
4801623,359700,942.0610601337644
4801624,961113,748.5775020446578
4801625,207570,914.112895405856
4801626,806271,96.9032978802279
4801627,773392,600.4023132153441
4801628,753055,800.8528458412886
4801629,1116959,287.84228363748963
4801630,1388213,844.1999500439389
4801631,1417379,58.58740396816442
4801632,1229220,876.1989920044124
4801633,814664,259.82092422887115
4801634,1044631,962.1568745738319
4801635,6091,452.6709290557723
4801636,662223,367.5357778412055
4801637,1258826,259.5620684176054
4801638,1581317,641.2328127113536
4801639,1600772,692.2547843178309
4801640,610866,907.415361299456
4801641,17970,974.0041281746687
4801642,1839269,297.6346176199269
4801643,1471854,160.8580824401936
4801644,1356909,161.72595294043978
4801645,1299589,988.2226339817564
4801646,548375,621.139959014772
4801647,588002,746.7584742717288
4801648,341347,27.812278145577963
4801649,858001,507.76527392260715
4801650,1866671,985.0785399483091
4801651,665346,503.7060313559687
4801652,1532499,726.0901925584848
4801653,1009820,776.0076932025275
4801654,829652,374.10723291070803
4801655,1974924,337.59989135292057
4801656,1646586,41.903394522113445
4801657,166758,40.703733089881176
4801658,1315537,435.11888152094116
4801659,364172,468.89729032845884
4801660,1006087,553.2744266584174
4801661,755373,377.66531817906866
4801662,1221970,528.1095626534243
4801663,1271364,452.34725824584774
4801664,554180,64.26012280136062
4801665,15935,807.7960258922853
4801666,1071400,672.4168658999452
4801667,1160125,334.52642065223637
4801668,220752,955.7747193921591
4801669,1536646,327.16508385346845
4801670,439253,441.8718565531694
4801671,1516322,646.7790564278268
4801672,1301957,936.0283162016444
4801673,1039297,673.3858518456836
4801674,1312439,628.005854983729
4801675,450790,176.3836577383947
4801676,132185,959.0560832380031
4801677,779557,244.50091587450706
4801678,1876565,472.95283724684833
4801679,1814754,933.2039255943295
4801680,229224,767.2575512729516
4801681,1064881,2.1405447067804895
4801682,1029991,677.0933034617507
4801683,1941306,127.66690938801261
4801684,1672408,732.117593588941
4801685,1298062,850.3009225598962
4801686,1057689,772.8339516836764
4801687,825304,42.01137225141471
4801688,700089,521.3278011189387
4801689,1255700,159.35832826887508
4801690,432344,179.09982371333
4801691,1494128,3.256959942746218
4801692,367846,781.2111848477712
4801693,1118341,574.6607440381194
4801694,1002726,371.63012453060287
4801695,1816831,502.84151404115585
4801696,417876,914.0105978770663
4801697,48922,185.76000592819776
4801698,217659,22.566101807033778
4801699,254274,410.1384895133028
4801700,1002846,354.95812592610156
4801701,585805,260.4343925096544
4801702,1145737,84.34870106158232
4801703,393310,825.8687759159004
4801704,658043,882.1438911881871
4801705,1430879,715.5836173313064
4801706,547450,125.58222326048374
4801707,607779,890.1734966238241
4801708,987240,685.2333345788649
4801709,1018047,94.24782249163188
4801710,1141169,179.83739931424515
4801711,633851,259.6856253320604
4801712,677960,216.07442817398547
4801713,1536322,506.11189558955607
4801714,903004,685.8851650866404
4801715,463929,127.11309457706399
4801716,683930,725.1119223613852
4801717,1908689,66.6419997831218
4801718,927382,615.8640499107713
4801719,255732,747.5010414261067
4801720,1435083,931.6957927243419
4801721,1167746,552.5551679368419
4801722,1868021,393.855726138245
4801723,146797,759.9920913834319
4801724,18922,825.707896678843
4801725,1265565,598.5079753015424
4801726,1059575,240.86022771931925
4801727,1405371,32.05524046153296
4801728,1358633,660.8501289335992
4801729,1973810,497.46700414160983
4801730,1824151,727.3780694192817
4801731,124598,378.18420524108234
4801732,1705677,296.5138982339991
4801733,793351,658.5304801907803
4801734,1988230,169.5913474377011
4801735,514206,261.0829751783913
4801736,1881453,100.41273784363358
4801737,1338500,45.13488820974298
4801738,1741318,139.70655030419366
4801739,643025,579.15323321453
4801740,1496620,395.6054454641362
4801741,1072463,176.97768744744468
4801742,1275296,707.1392127675865
4801743,1215221,863.7270823677418
4801744,1851576,311.6527820093411
4801745,1765642,567.5179152941662
4801746,729851,731.612846964315
4801747,1216969,438.8806924299189
4801748,484597,783.147664229165
4801749,1175858,404.5183849856417
4801750,1150800,861.7342913226269
4801751,1902224,574.6908190477562
4801752,1253183,262.77264984760274
4801753,685725,475.8595871080794
4801754,1560705,274.3407527102494
4801755,232993,90.48924569504058
4801756,1272532,864.2201773775157
4801757,740603,59.98725102744551
4801758,570325,498.7686649404158
4801759,1381130,731.3550321658679
4801760,388940,963.4764265011858
4801761,1109906,54.302041974556126
4801762,1634789,335.87964483163535
4801763,994061,205.34437483817237
4801764,1303008,894.2771658096689
4801765,789470,169.30325646337252
4801766,87702,943.968074400056
4801767,1513042,506.10478251590183
4801768,1905750,717.0653656437897
4801769,1839805,962.1705878976471
4801770,1602995,152.44864358284494
4801771,1337778,334.2387809617151
4801772,1430624,446.4148536925106
4801773,1793114,30.31718688168239
4801774,65362,247.7445333620505
4801775,1126373,599.4518956961379
4801776,356416,992.155835212176
4801777,380575,449.615188493703
4801778,1825658,0.7917110600159649
4801779,1654410,585.0857634055853
4801780,984607,35.31607309624229
4801781,1165546,286.5534473685927
4801782,81421,233.03567867072417
4801783,1410326,281.57641220763185
4801784,1656552,442.86434389448823
4801785,1370031,592.7586849344905
4801786,581892,122.07956409336151
4801787,1884910,648.9980669968807
4801788,1520345,577.7974156000713
4801789,1026839,331.4096661292606
4801790,1679903,114.64348292177695
4801791,1006352,960.6454767914663
4801792,230400,780.5118353032958
4801793,1228075,70.81882555325991
4801794,415223,20.623587669684753
4801795,435645,272.4351932333885
4801796,1407034,24.691412785627698
4801797,283068,546.6283304908136
4801798,1230898,645.5987891539787
4801799,831044,961.5344841317068
4801800,487159,694.3188367891981
4801801,1795451,339.71068042534847
4801802,1354891,56.87564786252508
4801803,1511723,113.28896820551071
4801804,625071,914.8149568928255
4801805,707456,141.17316053991547
4801806,133317,168.83193848065503
4801807,1293296,410.5655975280088
4801808,1888981,109.41470915244622
4801809,111644,96.67858374647598
4801810,83083,810.266435888875
4801811,151986,317.0225504150297
4801812,950660,245.27905268811068
4801813,229620,179.6853358546081
4801814,97368,890.0447231527853
4801815,1587741,370.19504700197206
4801816,1671393,706.0515174091104
4801817,1933621,390.29259127937434
4801818,185307,525.6019458494497
4801819,18047,105.69517468999211
4801820,1278959,28.63352897128191
4801821,1275436,796.0476309147726
4801822,1349809,992.0800085051152
4801823,1939635,690.5388499086977
4801824,1722458,203.16262537930263
4801825,1513802,59.47256055235239
4801826,1782847,581.0079011333565
4801827,820207,890.5204025668697
4801828,252565,994.5108416474258
4801829,250946,38.75827421868561
4801830,1683174,364.5884746914014
4801831,15059,84.59210327930555
4801832,1137950,94.48093887225895
4801833,1617372,586.8172662949427
4801834,1872615,197.09101612646785
4801835,152912,696.1244404389714
4801836,1281632,43.574030551511655
4801837,747108,553.1933258226471
4801838,1982725,80.81650349534664
4801839,1272781,693.9998029231823
4801840,1806913,794.1846007729384
4801841,717709,336.0836121848405
4801842,1770781,4.110570543299441
4801843,1264850,990.609021273412
4801844,1651794,768.5797898602661
4801845,493303,257.39386865828385
4801846,712046,359.9855468928969
4801847,54890,716.5875865492394
4801848,1287451,106.43029915046087
4801849,1389400,147.32740994259896
4801850,1309935,323.676672433855
4801851,1637007,914.342189577406
4801852,486795,761.7222141966598
4801853,1592767,611.2405217642131
4801854,981454,413.5918538837959
4801855,1914183,471.6130159404799
4801856,356865,975.0016601554554
4801857,82812,317.4519183298294
4801858,1007635,873.8146998260063
4801859,498388,312.44123765675647
4801860,1541506,415.0660527183001
4801861,1464739,467.13087317741065
4801862,1450584,490.7501131945382
4801863,450961,738.663631845725
4801864,462209,2.2679933221427806
4801865,457144,47.44149442471357
4801866,1161516,656.701466462588
4801867,1316704,742.5039071977798
4801868,1858252,438.26602455739504
4801869,61421,922.2943469205754
4801870,28684,506.0501094758548
4801871,1218119,321.4206892882385
4801872,1062688,665.9435138943498
4801873,1203983,661.2369631075782
4801874,731269,534.0626210055618
4801875,363427,660.9255129700038
4801876,476371,556.7986966195758
4801877,325896,860.458284174362
4801878,1148914,444.8419094672544
4801879,588029,209.79356460104825
4801880,406434,806.7368948421823
4801881,1460486,669.2202531505221
4801882,1711446,916.1038859066377
4801883,1651584,464.5295438411586
4801884,849951,347.0969844074278
4801885,169921,133.27393088561058
4801886,1585502,288.7170328461401
4801887,1779604,875.0621025028398
4801888,387521,125.01969849756311
4801889,164450,621.3461094804825
4801890,1671038,834.5757602496624
4801891,1039500,959.7463057776439
4801892,678415,251.8920393916154
4801893,1092871,63.35674228465437
4801894,318893,595.5544787177259
4801895,1668867,112.54734772431041
4801896,190315,535.7791847254995
4801897,1468575,499.7308973337946
4801898,1932292,103.85205838778877
4801899,1281830,528.2107258569874
4801900,1629356,498.46463008847087
4801901,350204,931.6379465596381
4801902,523553,535.4899755711913
4801903,1467289,416.9868721767327
4801904,1132081,807.3814724792849
4801905,1654212,557.1591947915663
4801906,1848638,899.9128785757393
4801907,944837,147.71173417228033
4801908,1575240,782.2972438147805
4801909,938562,76.66397491371357
4801910,1089333,250.55952348209587
4801911,403926,546.3353185603112
4801912,717549,874.838602224038
4801913,162023,743.9737785901862
4801914,347111,903.5704844846139
4801915,1316411,297.80880695649205
4801916,1626454,61.43452810712036
4801917,548787,13.251889876897627
4801918,465860,975.2351547793293
4801919,1374294,187.24941218868685
4801920,1338911,23.47778679800472
4801921,338689,241.3560766173559
4801922,1740838,479.4887601759733
4801923,354362,112.69922758201467
4801924,217688,72.85592047731126
4801925,862258,969.4207521191511
4801926,849059,595.6827295077561
4801927,1149946,678.6110439821231
4801928,451732,868.377232588248
4801929,1425883,660.275708237535
4801930,480674,669.045674959772
4801931,1085914,996.2047760408886
4801932,1938939,722.7648485020198
4801933,376105,188.6729912531261
4801934,357149,990.5957742365092
4801935,133066,585.3430954063044
4801936,270046,845.4073197549942
4801937,1417036,199.36107463317532
4801938,1406550,794.8479707499964
4801939,1798265,637.3891080933233
4801940,335075,309.35517734111096
4801941,1812582,531.1017841467278
4801942,1841682,829.605203707466
4801943,1585939,107.27934295843689
4801944,1491883,84.74984611087855
4801945,1355579,89.38456124450688
4801946,1532368,380.06065070755903
4801947,702981,702.740005485595
4801948,881030,624.474406121523
4801949,1575688,411.14025601687564
4801950,363238,994.0316306805178
4801951,298394,88.0567605798368
4801952,1366533,436.12656411324434
4801953,828838,266.0258555874094
4801954,150178,655.1643640582764
4801955,131303,782.9100194736089
4801956,333680,37.956462759529906
4801957,104651,221.2235924855659
4801958,1784367,934.0612283624619
4801959,1865046,273.07439402235144
4801960,798217,368.54601561293697
4801961,67366,217.77605798075018
4801962,502162,477.4093611937029
4801963,1508421,838.9600046574768
4801964,395303,28.11780382276041
4801965,352371,627.6740688562866
4801966,1638534,341.16311340046093
4801967,1829086,205.9461043501577
4801968,1667860,484.11366520183
4801969,746718,514.3376183182819
4801970,85741,868.3080847099653
4801971,220583,164.0285037473531
4801972,1973132,709.2556467902016
4801973,1419382,88.86555280709685
4801974,5526,834.6212750131685
4801975,279009,514.9947650240915
4801976,51805,121.77515143609308
4801977,845084,732.3846902884338
4801978,1348432,368.1127125450736
4801979,521883,454.2480694266953
4801980,1895244,305.68415113436777
4801981,1375778,27.433262101978052
4801982,107771,762.2347909169489
4801983,743738,840.8726892112923
4801984,565861,539.6964646913489
4801985,667656,492.6324683144042
4801986,417131,351.5220400163851
4801987,1805142,763.9454237624583
4801988,143284,789.4082008401299
4801989,1833596,514.4077101423737
4801990,301903,832.3745011154159
4801991,1587418,326.78254996539425
4801992,596347,377.74286357328333
4801993,478142,1.7938712283004365
4801994,31783,336.0793967259579
4801995,1335199,938.2805623223271
4801996,1963683,271.89236185925137
4801997,800049,785.723587560559
4801998,1410943,289.95442410363336
4801999,462456,877.2735274390578
4802000,1871000,615.882540302852
4802001,506637,741.8517432846091
4802002,1967486,690.5636006208562
4802003,1062716,26.63589124111798
4802004,1015057,610.4925396805307
4802005,1406032,560.4437932601409
4802006,594779,459.33339865740396
4802007,465530,295.26819955559955
4802008,729514,174.90823327412053
4802009,1185979,863.7816506842673
4802010,478732,945.2458320865584
4802011,607191,396.22122013821416
4802012,373124,312.1913995934702
4802013,1866120,571.5646440566095
4802014,1726354,838.7231362227327
4802015,251294,237.8893228266108
4802016,364783,556.2875683817342
4802017,1936217,497.2568662533259
4802018,209911,486.217944147892
4802019,456481,686.4693977584644
4802020,436356,663.103838134155
4802021,1999513,312.42873976087606
4802022,1983756,484.6680062656158
4802023,220168,834.2475509555122
4802024,918357,614.7336331821921
4802025,1825734,82.28862215038035
4802026,1486289,142.41348692537025
4802027,1266493,41.26701537978228
4802028,55733,278.0765348636045
4802029,1736825,80.57993710383016
4802030,132473,307.863717084928
4802031,1389325,280.3075212857259
4802032,1825367,895.2049735833183
4802033,1516239,830.4994631224298
4802034,563295,591.9720622023927
4802035,1516576,635.7350868677443
4802036,1618502,684.1541722786928
4802037,1397465,291.14510384201054
4802038,1226712,777.3225651879061
4802039,330345,166.12240187580173
4802040,549079,771.2736648735889
4802041,1083243,557.0859792166082
4802042,48582,12.486989914571867
4802043,1565840,148.4950052601871
4802044,194573,755.5962134133157
4802045,814927,912.4500821550182
4802046,1112772,508.6003446163002
4802047,990847,799.9577940926016
4802048,770519,404.1111120510055
4802049,1989660,605.1982934256981
4802050,915191,122.54989783964743
4802051,1091202,386.7594487048805
4802052,591087,274.1971317365249
4802053,364973,220.641156197678
4802054,1805174,78.37280283800862
4802055,654095,771.9881772940028
4802056,882648,32.81010570379428
4802057,867766,863.7187977741838
4802058,1805918,724.3659135892384
4802059,317996,960.1601388500126
4802060,196092,197.2238608256437
4802061,990073,67.89571470599975
4802062,182781,201.04606896301058
4802063,469110,433.95035368816605
4802064,431337,530.245339755624
4802065,836254,322.4191945386596
4802066,640800,877.3105729099043
4802067,1810885,831.3560471899758
4802068,250415,673.9017602005449
4802069,379560,846.2193663909733
4802070,1871492,368.66462344880256
4802071,1991413,301.1829642611992
4802072,1664735,11.547496190501327
4802073,1207180,92.339609350094
4802074,173278,398.80393404723645
4802075,1386953,205.78804665000726
4802076,419114,592.9456091462831
4802077,836836,907.2952065234764
4802078,160911,17.64510832819799
4802079,925553,451.75631623276126
4802080,903325,45.8116646279243
4802081,862666,120.36372977108634
4802082,386671,105.43530031431159
4802083,481971,845.2666387619627
4802084,654077,208.10210690135466
4802085,1476167,33.08072121106931
4802086,860092,331.07015527539994
4802087,1116334,447.32030090564166
4802088,1263308,147.40102969424441
4802089,991091,113.09571752023805
4802090,423080,997.3110097578354
4802091,247618,887.1490016210304
4802092,1863775,858.3969752260616
4802093,1154975,572.3565780981891
4802094,1770117,497.1905622029672
4802095,1123860,156.7432228571073
4802096,1884962,239.80877328398876
4802097,416181,190.02820055402546
4802098,1796629,472.386483001383
4802099,386870,216.68252389931496
4802100,261618,613.2563839875863
4802101,598615,478.8957290931506
4802102,1571231,945.9773183992136
4802103,877862,912.1490084774758
4802104,1252130,397.3720177014305
4802105,1182871,457.19834093134136
4802106,1764148,529.5571935263893
4802107,597579,311.80450701224925
4802108,1375809,394.9414148493173
4802109,1340774,478.1440997244728
4802110,141271,2.535188806167654
4802111,1250235,40.46856492067064
4802112,1254515,728.925960812569
4802113,1937649,940.483284441654
4802114,1432618,377.81501328014934
4802115,201628,168.08312707804762
4802116,687642,97.17557196574755
4802117,1644588,650.5029956386319
4802118,1745904,597.8246552662973
4802119,872707,120.97995716869403
4802120,1749791,918.856174980738
4802121,1068860,381.2174825752555
4802122,740390,446.1322357944563
4802123,835714,787.225520336913
4802124,1340035,966.1738994350138
4802125,1634704,356.6558873635639
4802126,1474242,847.0319427734527
4802127,1768915,707.6462478054482
4802128,8869,918.5257921901488
4802129,798051,265.9489551464955
4802130,149904,193.3407350432892
4802131,1553053,468.78505607223076
4802132,1735755,448.1569789263216
4802133,1221866,221.35425238428408
4802134,859912,654.4846889895108
4802135,771100,691.6780616029317
4802136,1071508,929.723511538967
4802137,560978,582.9743702880814
4802138,1694940,414.91785879393774
4802139,1875130,102.52352324899317
4802140,256975,865.758745197537
4802141,950820,184.92369369669925
4802142,1629222,189.69271935885047
4802143,387143,235.91424181547293
4802144,620480,160.44663670409008
4802145,1677524,497.5942874026258
4802146,364657,460.49644873638664
4802147,1796804,522.1941321130057
4802148,1439535,240.07978086902293
4802149,511978,472.6416634281828
4802150,9895,432.25428129489484
4802151,1850632,549.4396926614781
4802152,825734,280.3520492572823
4802153,197380,297.7347016638435
4802154,905491,901.3827051999522
4802155,1280308,63.6105502524702
4802156,1975916,603.777660882134
4802157,95132,603.9140218298236
4802158,228054,227.61116213365818
4802159,947117,430.956681611657
4802160,304022,409.1806835132905
4802161,521786,702.3413382147236
4802162,688280,935.2841309904964
4802163,594290,431.4527733559721
4802164,1001522,462.18681134755855
4802165,1147670,647.7425665234587
4802166,1322427,281.0591275263935
4802167,236729,239.7159665511468
4802168,1218170,220.204250821043
4802169,915986,514.8154821834063
4802170,168865,965.8289239260541
4802171,1775659,800.6868696244776
4802172,1219742,268.5345031260278
4802173,939022,792.7511446812847
4802174,131247,834.5459158246966
4802175,551071,579.0638338147307
4802176,164744,981.2975887435073
4802177,1210061,364.4582187103973
4802178,1239537,837.7513382454756
4802179,1341384,204.13434889436132
4802180,1808696,794.2667792692816
4802181,298190,153.2990214264529
4802182,1900384,789.3152947163924
4802183,273832,923.8329033289574
4802184,1742141,446.90301520437146
4802185,183864,614.1576300538869
4802186,1978315,503.4697557984955
4802187,809326,806.798811328094
4802188,692608,663.6632616456417
4802189,491181,715.5161699452774
4802190,12061,100.82607020020207
4802191,1931667,832.5641559801838
4802192,1136967,160.66855911783097
4802193,131926,993.9729732027148
4802194,1122580,231.96250541177776
4802195,618721,145.71657477063516
4802196,1360651,105.05197635326246
4802197,1487755,397.4712855847691
4802198,1892386,841.3249041965818
4802199,1908851,625.5939345750555
4802200,447454,915.2959383095906
4802201,1834217,199.3399263613762
4802202,195520,793.341778479081
4802203,130434,919.3422158235484
4802204,1203723,17.82436233382956
4802205,1658794,6.997323688448742
4802206,1597136,187.5495651929644
4802207,1013065,352.7333715295963
4802208,315748,425.02387908542073
4802209,1872234,280.40624799554604
4802210,413627,731.0030312025025
4802211,921063,647.7909784225272
4802212,1144949,918.8339430599581
4802213,1400427,859.5959610776283
4802214,280783,668.8970508032274
4802215,867983,780.2690087781366
4802216,1928663,827.8943005061958
4802217,1973429,280.85268287396724
4802218,41335,562.3832871668079
4802219,838454,659.9108799888487
4802220,469953,78.11327689128011
4802221,1797091,757.2876641106179
4802222,1711522,901.0750072148018
4802223,1606897,135.31343538249374
4802224,1192410,246.95940214836497
4802225,1882833,155.8402661524627
4802226,1326801,357.6778132847018
4802227,1292024,149.72980171137507
4802228,924457,508.99320154899294
4802229,1405633,400.1497098398823
4802230,1427243,795.1313574319121
4802231,1284604,13.339601857804695
4802232,583313,953.1269237435833
4802233,1058268,608.6798074334938
4802234,152049,287.67572997633573
4802235,828476,130.59377899369395
4802236,1760879,260.2956295181336
4802237,859599,513.1884826391823
4802238,1357173,354.5894805226739
4802239,1266703,792.738248259362
4802240,1021523,290.9517486292649
4802241,1425994,104.74180290352086
4802242,1282404,237.2814736361113
4802243,1988839,789.843338081854
4802244,769059,350.13318793718287
4802245,1934674,100.80056959751738
4802246,1068594,755.8089015511023
4802247,690220,81.28153355264212
4802248,642427,501.5197789820409
4802249,891203,286.3548124395561
4802250,1784947,307.7696177360465
4802251,1007442,639.9621772566522
4802252,1143579,631.9151693189185
4802253,1870301,412.2254205374958
4802254,488198,822.2993444869895
4802255,361041,694.9139239134738
4802256,582585,591.9952221597193
4802257,1717919,824.0441522736202
4802258,1305926,387.04726739321126
4802259,698588,154.53294873423872
4802260,1696925,265.2799120639319
4802261,357863,666.879385087199
4802262,1067167,222.56039513092762
4802263,930154,630.7038649360425
4802264,1063456,242.092406006986
4802265,1630685,916.4774014815087
4802266,210662,274.55854196463025
4802267,139094,482.5203212580728
4802268,1464607,472.6864090515721
4802269,1968628,479.9154324525422
4802270,1556932,26.706051255429685
4802271,1357158,287.3674782251022
4802272,58420,699.6687096422049
4802273,1702833,66.38186190777573
4802274,594096,67.32597145823316
4802275,154338,742.9333167460392
4802276,941381,976.9298390121205
4802277,1150996,574.3813642700733
4802278,1163154,785.8480741611664
4802279,1288392,262.6252885760337
4802280,551857,378.490025751137
4802281,1931416,278.9418395695421
4802282,317564,115.97800990365337
4802283,1220514,706.6013777677451
4802284,1990028,917.3824580846083
4802285,1886544,26.019736552999497
4802286,602615,871.2946513872489
4802287,127144,981.7261515271807
4802288,709645,293.6095386320178
4802289,626213,441.2149687701479
4802290,1646677,187.64755349784156
4802291,1798189,584.9604699305718
4802292,1602832,827.4137573833387
4802293,1819532,273.7993833460207
4802294,1872756,349.6413664047999
4802295,823810,580.2388924910533
4802296,115354,924.9127489565916
4802297,1316651,932.0836105915037
4802298,1818884,658.6155608567427
4802299,1262238,294.0219353499268
4802300,764829,743.9615208182287
4802301,1383338,255.17707740582063
4802302,498364,879.8227734774987
4802303,1830057,315.74723992322197
4802304,644497,492.14201455031105
4802305,1836980,556.5713733701398
4802306,1001141,63.893693959567344
4802307,664238,162.10114733017377
4802308,1589686,90.7279800654408
4802309,1544092,444.25046637181475
4802310,218026,314.49667314121564
4802311,242960,553.6478005336241
4802312,1393746,912.8552431070741
4802313,1732959,408.0440481536979
4802314,871955,153.40737337008892
4802315,942358,211.28213861092192
4802316,1392800,435.78706159981573
4802317,947904,869.4394025042546
4802318,104787,965.2173999690026
4802319,1710744,269.3856521537208
4802320,687820,800.0944135615697
4802321,153608,999.5871097579368
4802322,735509,155.43409956143995
4802323,120397,278.33056176389306
4802324,364579,755.0110999895014
4802325,1636192,707.431248284695
4802326,1737405,258.4653563369058
4802327,419259,509.67369096764713
4802328,850513,195.34613878088035
4802329,1247617,885.2161022731856
4802330,1053357,45.464554690357595
4802331,559501,939.0912292430654
4802332,1386347,51.33657421434135
4802333,1735611,935.8147047681717
4802334,1480850,486.12292928054393
4802335,1878448,317.6441713581264
4802336,1811246,114.36244490447078
4802337,1731023,559.1530327490487
4802338,89778,607.6250764409791
4802339,931225,777.0178003590444
4802340,677196,485.00420861445446
4802341,923018,289.0724815036658
4802342,1860812,713.9560532750534
4802343,1120819,696.08168986617
4802344,1622018,688.6634183646594
4802345,1409336,767.5801139431978
4802346,1393443,746.8484604761711
4802347,1213559,169.39287158846494
4802348,1253076,540.3022182764531
4802349,1133171,708.5041837617208
4802350,1461665,147.74594927532047
4802351,454626,465.8158720780061
4802352,1952511,834.7406722501347
4802353,1210600,814.005218559901
4802354,1440727,519.5468545792619
4802355,1921676,558.4842924833615
4802356,1577448,563.3475977378881
4802357,1064670,119.15857565944165
4802358,457257,359.9615219868503
4802359,1070910,354.8248171681477
4802360,594344,943.4609881158394
4802361,1419453,958.6829584953455
4802362,934733,301.8508014302207
4802363,570582,383.54335404800133
4802364,4577,428.15590715561626
4802365,784924,398.15544849959696
4802366,1753134,719.8542749470863
4802367,1081044,12.570418525294947
4802368,703531,812.9555233252656
4802369,1462176,112.20116513778844
4802370,121473,361.48801514419995
4802371,1784951,616.2690132308097
4802372,689912,772.9348721329986
4802373,1989533,395.3275748874171
4802374,1024266,473.4952134459717
4802375,1650822,465.9205211801806
4802376,272166,779.9898676091025
4802377,499553,839.5157000515026
4802378,1446139,623.5641482362879
4802379,302393,194.37140337464342
4802380,1369284,111.39735586431965
4802381,320265,863.5555578697692
4802382,1617734,5.401282299763999
4802383,1697945,886.8480625756296
4802384,1711063,814.6820146368938
4802385,375283,988.4183787279034
4802386,1355309,880.7489832933724
4802387,44871,340.3842530384119
4802388,839812,878.3686397234934
4802389,430771,357.83979046876414
4802390,251229,214.32799480676024
4802391,1937670,243.31892998386172
4802392,292296,15.131671016612835
4802393,1900892,332.11642946188323
4802394,1008793,714.6920462155568
4802395,1816811,12.536910976192583
4802396,998874,423.21079328082556
4802397,1773159,148.39077724652438
4802398,1808999,222.02958715994103
4802399,82935,595.2935063503156
4802400,815701,263.6047040377322
4802401,1829924,861.465863715953
4802402,280092,662.1778331689572
4802403,707044,311.63166107867954
4802404,189836,300.5433659547807
4802405,353296,41.52537265690847
4802406,489012,478.5442742789562
4802407,1877242,55.40262030892662
4802408,1445864,804.0403127550145
4802409,877411,340.8020534657524
4802410,1717693,758.1213242404556
4802411,221624,37.24939552528228
4802412,593492,717.8316235400397
4802413,1398421,359.31755922153764
4802414,1150596,260.35958821683016
4802415,1705732,73.62176216960292
4802416,977080,274.62791714101496
4802417,340584,990.2907689392932
4802418,1145702,775.841633547477
4802419,87038,645.5211897996609
4802420,537146,809.1637208846424
4802421,551013,862.3335940181
4802422,964234,208.52047094313053
4802423,281429,814.5694746207215
4802424,1526523,181.38553433401805
4802425,774835,885.6931554454505
4802426,657964,273.22254053323
4802427,1803116,637.0359183537316
4802428,828795,630.6693695862211
4802429,1895179,29.849435054038587
4802430,1430034,870.6755019328273
4802431,558497,611.2390908546561
4802432,855949,86.73602689191739
4802433,1925839,609.9509289560808
4802434,586259,432.55335077940396
4802435,229554,178.34687194775424
4802436,28671,584.639862320678
4802437,600131,205.1103043602822
4802438,1261766,841.1388709879404
4802439,68033,573.1361507990114
4802440,885435,432.87410126285386
4802441,881384,771.279468593246
4802442,1975580,302.49536722585304
4802443,844368,54.40245243432595
4802444,1256641,290.5615537900499
4802445,896559,159.7893194701363
4802446,1725885,317.1876203202254
4802447,1589234,595.9787225591961
4802448,470885,679.405874798764
4802449,1571638,123.70036889023028
4802450,225572,196.5836636500129
4802451,985893,660.2740894959672
4802452,1473300,951.8731518505193
4802453,1450859,353.9464309854069
4802454,343056,626.8447115711398
4802455,1581455,255.69399448509378
4802456,1625573,824.1809209005809
4802457,1186433,708.3835456307096
4802458,1576290,8.65605632086619
4802459,895509,100.23757735741923
4802460,282084,663.4381851073988
4802461,1420855,910.5668360926
4802462,1186524,105.96243305051745
4802463,1182614,246.4461165864975
4802464,1644307,94.45055104127908
4802465,320988,113.11727279060435
4802466,1427737,381.39042246576616
4802467,1962637,646.7207603609494
4802468,1742723,161.10777927239917
4802469,1171981,838.963622145151
4802470,1592872,236.88420972013768
4802471,688398,18.33728390052036
4802472,1604224,153.32545902505746
4802473,183957,298.27985869944206
4802474,215536,169.75747493110626
4802475,1544832,689.1535912651684
4802476,1751710,437.06739329800246
4802477,1129691,1.444832299651977
4802478,1875032,629.5337667420213
4802479,545878,653.6288065664475
4802480,1882303,432.5253964074645
4802481,1452373,340.79199920492
4802482,291815,75.16029821437742
4802483,1915208,492.6667927068812
4802484,1593682,664.0222388810022
4802485,795009,172.46854202660822
4802486,799647,470.2439356395736
4802487,1572740,335.42567696227974
4802488,1869477,497.635073734372
4802489,1210041,34.85779413444856
4802490,924104,691.5508597482595
4802491,1740824,576.9580763581732
4802492,1262861,90.21202650199223
4802493,1225475,358.92355650357234
4802494,892221,472.5185254690288
4802495,15291,580.4491621784205
4802496,1500222,617.9988433662749
4802497,901456,756.7956965297298
4802498,901697,466.51915178365743
4802499,1549266,626.1113457958687
4802500,1990154,101.74408103759669
4802501,1958476,382.1675837977447
4802502,1488721,208.57882400934434
4802503,961687,178.37012212149804
4802504,400570,867.9463851217116
4802505,1749590,870.0600885996067
4802506,1362319,45.39661787376581
4802507,1809500,258.160066616379
4802508,1115283,345.43487787829685
4802509,755351,728.5884281844433
4802510,1790544,486.4961188884545
4802511,1754046,722.595411539377
4802512,1781863,17.950569135617656
4802513,328914,65.98042373766866
4802514,1706091,385.54073206521997
4802515,1252155,437.7228219042516
4802516,1774415,384.1888575323852
4802517,242613,137.39282191960245
4802518,1295208,923.0007340655461
4802519,57394,986.7442749155055
4802520,1545083,546.3677575186924
4802521,152640,5.747051277523507
4802522,1545830,167.25852152224076
4802523,654974,605.0835503979749
4802524,860359,237.80875542533798
4802525,1169583,310.9634747971578
4802526,123127,23.144986472043772
4802527,1645028,578.9240420284832
4802528,1964920,327.3842164443466
4802529,983263,768.9797053669053
4802530,321167,855.2027170369199
4802531,1858090,67.85173667089872
4802532,671734,132.54083071427593
4802533,135765,238.47724805590133
4802534,626966,554.9445699276641
4802535,1806045,337.9055700864758
4802536,562785,888.9236395101402
4802537,338625,975.3994565446997
4802538,904708,537.5806057977641
4802539,531343,656.620667525464
4802540,526845,661.9266362026284
4802541,1304636,399.2282837558301
4802542,309670,198.97224543252557
4802543,609868,755.997737748034
4802544,1234833,930.8692250375896
4802545,1982359,966.4243407633264
4802546,1558342,814.4017172609208
4802547,920991,202.47157830201567
4802548,298719,166.40923611387936
4802549,592237,652.3253404564796
4802550,792672,904.7745524842735
4802551,605083,161.88900787725314
4802552,1465083,617.5405792527872
4802553,515020,92.57902279086217
4802554,1437496,313.34833884464473
4802555,605210,359.75103002766963
4802556,792138,757.1370969360096
4802557,366867,900.1064787764977
4802558,1882187,708.8826877153123
4802559,1473385,778.621413536997
4802560,1718726,142.76982316550746
4802561,1965004,907.9779107504879
4802562,1117783,244.30348640978949
4802563,1468512,176.70022378861628
4802564,822262,379.03899929715044
4802565,1518802,260.60934490603915
4802566,1469146,698.0346633657801
4802567,1320077,350.0542071149889
4802568,1837184,535.5362922201723
4802569,1881491,225.3472201081229
4802570,188055,589.6739147314888
4802571,1513000,933.7153816959947
4802572,312687,926.9996602114281
4802573,309539,27.51277440601885
4802574,459374,805.0984791912434
4802575,1502472,954.0280961108795
4802576,1102927,927.1611070116173
4802577,209593,459.2980391907444
4802578,1953669,191.11841007933506
4802579,716407,57.65596334034662
4802580,1835447,554.9383616586415
4802581,1281399,242.71093723023495
4802582,1670251,354.3418304956324
4802583,1079256,161.19941700958594
4802584,1452853,997.0952877196434
4802585,534918,437.62410072212833
4802586,815107,348.1361862634043
4802587,1730757,206.0505359200825
4802588,525110,283.34210347059616
4802589,1160920,27.21359965106562
4802590,1453865,253.5922417432397
4802591,1322038,287.4876179215554
4802592,836142,200.6658255197452
4802593,473742,422.5718333847213
4802594,1149290,53.064210588082304
4802595,1500526,861.8895381091471
4802596,238948,70.36260806326378
4802597,1716940,526.2353203374253
4802598,309750,282.0213488456544
4802599,369486,622.6505843547984
4802600,368193,758.3183925942354
4802601,212934,804.9008289166735
4802602,1813538,847.1615933036625
4802603,1645101,621.7588540501404
4802604,1256241,920.081771715838
4802605,723179,508.0238385883199
4802606,1409647,926.5616162703687
4802607,139826,19.101202140606954
4802608,748863,356.2294899065723
4802609,344968,903.2553186175215
4802610,10926,417.76401659454933
4802611,675258,797.1593166024459
4802612,1252932,900.8750980259679
4802613,269247,679.1076150029251
4802614,889471,153.12422072357535
4802615,1683868,304.81006243649324
4802616,1137635,251.44847414617823
4802617,1945288,577.0055613535043
4802618,611551,639.3316102799843
4802619,202078,77.43557105702415
4802620,793494,710.7475219366983
4802621,1088099,393.27912625195006
4802622,1810994,997.431550619306
4802623,1371443,34.43550672769224
4802624,1945170,596.8174335000933
4802625,816938,48.875447171059186
4802626,581550,718.2749551587775
4802627,604826,476.4887914029233
4802628,44012,104.88272096820461
4802629,85993,400.1040183198712
4802630,1352477,877.5400134679921
4802631,1027656,62.175136909953025
4802632,1009791,541.7616964369455
4802633,379663,311.096309746437
4802634,625959,203.9596649645794
4802635,1446644,764.2973303668526
4802636,1489685,428.75521685407693
4802637,1901794,219.3819278208673
4802638,1364607,270.17732455347755
4802639,1918664,234.06858093327665
4802640,38024,317.3697835050694
4802641,1691482,302.8418127917941
4802642,1064492,889.4667491290958
4802643,70881,42.113695691395
4802644,1469559,876.7044790029978
4802645,244198,37.16247185938304
4802646,1410275,327.7725560512341
4802647,826536,624.5495502056594
4802648,1674198,745.5853856505618
4802649,692841,297.1967115803138
4802650,190467,796.014575769956
4802651,1766325,926.369371659907
4802652,1503436,167.25885920615647
4802653,1300680,935.2225196374989
4802654,31510,285.59895676381564
4802655,58389,308.94178520513606
4802656,741046,511.46908449814543
4802657,1827674,966.7376835685175
4802658,1154050,863.3026539894144
4802659,1764667,108.57685739199584
4802660,865308,958.2620838478489
4802661,1378681,298.19227624157105
4802662,438225,44.78146050457554
4802663,37803,730.361992969504
4802664,711124,406.70483117336164
4802665,583174,59.056857881400134
4802666,1757931,706.9888338485821
4802667,1973217,969.8572630674382
4802668,236437,242.16708502433815
4802669,79159,75.80861798993178
4802670,423052,749.1795275732206
4802671,788453,719.7349784719095
4802672,1304054,782.7524926280323
4802673,1442743,948.7481748611744
4802674,1547001,489.26575676163964
4802675,1236963,524.5092416845096
4802676,1272235,385.7759800001823
4802677,507925,713.4690482876948
4802678,1481207,261.03564025176775
4802679,348872,318.4816678152722
4802680,1253007,507.83023305539507
4802681,898395,455.40979389737345
4802682,1826424,903.6120944208913
4802683,1281231,890.3466479383642
4802684,540456,139.57701807346567
4802685,1143079,651.1392104522951
4802686,902448,447.09806588691026
4802687,948114,830.8788863088805
4802688,1539860,761.1771767711214
4802689,225657,465.7078958484427
4802690,1209675,40.00280396759226
4802691,1817586,508.54955214904794
4802692,1549472,936.3598652750482
4802693,1696636,555.0803600174236
4802694,1114002,53.07662780031119
4802695,386692,703.184073865978
4802696,1064675,218.56505008931293
4802697,775032,723.5467456423278
4802698,739281,582.4966436415958
4802699,1158980,462.9082956806865
4802700,979764,54.001895530041196
4802701,1597909,881.0933123688224
4802702,1255030,237.41631742147695
4802703,1611707,14.658694263479543
4802704,240543,93.8749629147746
4802705,758626,920.0061764207026
4802706,350748,109.023538070803
4802707,490173,990.7170719103457
4802708,1433871,295.80740378284906
4802709,268559,917.7993374600967
4802710,1610239,992.6985875536476
4802711,1879138,99.98611073647024
4802712,568941,424.2200434449683
4802713,1246640,605.6099425761732
4802714,466197,516.7907574786987
4802715,1075475,382.40927160383245
4802716,1440052,467.4077191415382
4802717,749076,968.3841517318543
4802718,1747446,744.1834493637396
4802719,1990079,218.68157571445613
4802720,279744,499.96397185097044
4802721,1913384,30.438439164552577
4802722,1843594,534.6122619270933
4802723,1797079,768.0293613273434
4802724,898073,82.69670213296865
4802725,1071517,146.99569731060237
4802726,203429,6.685064869488944
4802727,19313,933.7009015765508
4802728,1487546,208.45108015605695
4802729,1282412,49.15633598006907
4802730,1433905,285.33789709669145
4802731,384960,91.869046678138
4802732,1178812,579.8068252884499
4802733,1831858,817.501772937516
4802734,917180,977.5545603641227
4802735,1944729,25.54936098275562
4802736,1562614,208.71436287570256
4802737,1334599,119.37286454241868
4802738,1706732,231.39289390962568
4802739,230782,132.04493853338283
4802740,233571,582.7079259731485
4802741,1985088,563.0605509093332
4802742,1066503,339.9772375760126
4802743,1224223,870.8245159632447
4802744,358152,963.1092691952091
4802745,18268,577.0016848031353
4802746,1344383,64.13854445336553
4802747,775666,856.2359956511971
4802748,1362424,380.84865492861366
4802749,87185,21.282240576693145
4802750,998838,681.5463240720671
4802751,1806456,659.9906286622105
4802752,290721,639.1955434005982
4802753,1309549,721.7561046097046
4802754,233114,681.075717654326
4802755,1496701,98.22724531907001
4802756,89601,305.2117662936458
4802757,386664,657.1147174260077
4802758,690187,378.77799897091114
4802759,926355,372.98751105050457
4802760,1487061,404.79703348408367
4802761,1665793,286.11349280051667
4802762,1999381,4.084625887742055
4802763,992792,516.509859366936
4802764,411799,257.1486589208637
4802765,761638,825.4065555465851
4802766,883961,549.8376696815608
4802767,1625515,307.7283217417064
4802768,1982264,988.3379995632579
4802769,886425,800.255833798474
4802770,1909911,893.6927319661147
4802771,7766,943.1105080315923
4802772,1360076,228.96353429415618
4802773,239479,769.6198004795486
4802774,339927,869.4076162598324
4802775,1883495,258.87362144908445
4802776,127511,249.10489659975732
4802777,1051959,877.8827576330824
4802778,821884,8.273152441310327
4802779,188006,394.36796175705405
4802780,1995824,569.0882625743619
4802781,1752879,715.6974068304119
4802782,951019,559.4575406750707
4802783,852373,880.916411035907
4802784,731963,40.60672906787089
4802785,266463,213.4930887157056
4802786,1195611,188.34274736159318
4802787,989290,54.49934517158817
4802788,1448486,629.9039432416428
4802789,1042650,649.6508205017575
4802790,1338317,321.8975452816476
4802791,354108,971.2925102320232
4802792,716780,883.5594340418634
4802793,412483,58.22771925001646
4802794,1221001,607.6169574012662
4802795,1007269,449.84336398661253
4802796,757205,898.642937456807
4802797,1195681,750.5310909378915
4802798,815619,701.0259600445555
4802799,1378752,75.1410295093461
4802800,1011685,424.5048465470447
4802801,996237,65.08830278129297
4802802,280072,866.709288163342
4802803,428236,387.34418689589165
4802804,1822024,304.96349728846496
4802805,333750,555.0935630179583
4802806,1042247,643.3279388976933
4802807,770938,25.97419561436043
4802808,546237,845.2413896382463
4802809,154605,752.9622526194129
4802810,1167148,673.0188412035608
4802811,1006006,380.7606414416117
4802812,876360,495.50367601294397
4802813,820885,579.2798879068584
4802814,1735307,631.3965915400291
4802815,1726341,786.5643380956581
4802816,467640,270.273952263545
4802817,451646,632.2896951276288
4802818,1096137,721.2751967125043
4802819,865511,785.9169117657062
4802820,1450553,526.9321789594633
4802821,1175203,669.4436129916589
4802822,140388,153.171020425126
4802823,600272,487.07204505427194
4802824,1747066,916.9099297871628
4802825,1356398,800.3599971052445
4802826,101365,143.80500245901374
4802827,151956,922.4524654632021
4802828,642700,538.4820355864091
4802829,995886,776.4689797327537
4802830,1450788,528.5208826314173
4802831,1444857,604.3963353083624
4802832,213130,981.4069000002194
4802833,1483175,357.1130004787004
4802834,1588368,770.8357246247822
4802835,76261,149.89180247268587
4802836,113348,922.9640177042704
4802837,73531,564.034194423348
4802838,1537659,10.859265015517373
4802839,1929546,287.374639683871
4802840,287823,400.3697174516513
4802841,1062883,860.5330103726943
4802842,740610,389.2673752730934
4802843,1087594,859.7358520531608
4802844,1518683,206.73077133873275
4802845,377989,969.4916614340274
4802846,1578750,12.034003205457777
4802847,1760869,392.0335191894728
4802848,1844141,22.104257349527813
4802849,1804980,608.1084314670235
4802850,69829,952.9152919109836
4802851,1270830,34.69759171014375
4802852,1551001,198.91729044663919
4802853,728330,707.0672686328356
4802854,999117,910.948652615191
4802855,681798,23.448118634836757
4802856,169524,500.00893651550916
4802857,580636,679.0519295500247
4802858,941276,311.63212315604363
4802859,456678,307.9033940023507
4802860,185122,925.9789139621496
4802861,288431,812.6195539527866
4802862,1061829,708.2532963729502
4802863,1573543,35.101987481291566
4802864,713651,757.819547773668
4802865,1057173,892.0002062215991
4802866,616550,512.6947944624528
4802867,892847,249.2802865896101
4802868,969640,364.52046436094133
4802869,734538,902.5240197730816
4802870,144112,630.4941864282265
4802871,1693724,530.3822211672305
4802872,526433,645.2630231631756
4802873,692661,532.85478286897
4802874,1989789,552.9526182702182
4802875,19211,80.79172140693203
4802876,1389006,803.9289523998272
4802877,1971269,980.641170380294
4802878,1611125,18.632078061483483
4802879,548774,767.7232448689696
4802880,1265734,233.99091244001002
4802881,424058,104.49108093047366
4802882,961767,346.44803592822194
4802883,952738,9.256434929532764
4802884,558817,193.92359569575402
4802885,1973986,707.8495268127599
4802886,1469532,785.8259185845409
4802887,369602,119.83313294859921
4802888,601110,552.453428163404
4802889,1498634,69.84482362076628
4802890,1628455,287.50972567293564
4802891,1604341,258.54125074371717
4802892,131721,795.4288572904071
4802893,504306,507.4335279702309
4802894,338209,689.7881658166468
4802895,352229,235.2588907410993
4802896,578867,106.57701652460227
4802897,1126780,151.842022405282
4802898,125920,726.9024863108909
4802899,868456,626.4066768309901
4802900,1697940,911.9227796965494
4802901,1827155,571.3979672563423
4802902,521066,539.6847670071337
4802903,1326878,403.9142367693657
4802904,1927693,144.81827379400136
4802905,1981894,322.18860866176004
4802906,286080,764.7837850127067
4802907,1655817,767.919984081818
4802908,1073979,348.3398176621578
4802909,326769,53.38766508935655
4802910,1319495,614.1907865974156
4802911,96014,146.2521694876462
4802912,1664524,461.67798646587863
4802913,292175,173.33196820239004
4802914,1585325,770.7677168263311
4802915,1074829,125.2584158114305
4802916,33653,464.4705133669922
4802917,1984482,566.8666598719363
4802918,1474924,482.7964916796288
4802919,878886,89.29232258348696
4802920,1425354,508.1460441230441
4802921,1828995,441.84389424096327
4802922,992167,664.2945263417113
4802923,69614,36.362829617824886
4802924,1996321,678.8315790464701
4802925,573884,166.8205377335562
4802926,1573997,215.1678936503725
4802927,1284721,486.57680906874555
4802928,635698,701.8117034196644
4802929,194455,865.00757800762
4802930,1594855,845.4911293310746
4802931,1102397,964.8810672426407
4802932,1914724,72.17062346257941
4802933,1434738,436.255515160072
4802934,113632,533.1962746468671
4802935,1594346,879.8954290100943
4802936,1608818,643.2835913553347
4802937,1515646,520.6743836818653
4802938,1070615,249.00495770545504
4802939,111780,635.2788463754449
4802940,1006814,513.4753206528135
4802941,385444,438.8207111113278
4802942,1345526,780.5109148620999
4802943,1936859,346.31166262541404
4802944,376155,854.7146488325718
4802945,1941316,95.77983793547484
4802946,1053896,573.6681364573162
4802947,189360,678.1292152289768
4802948,922361,212.0459013573187
4802949,654317,465.57855748245004
4802950,1198000,39.77925182033493
4802951,1118914,847.5985006084171
4802952,252706,453.7826859159687
4802953,1580175,236.85921940675792
4802954,530778,640.9309043637219
4802955,983847,842.0706767202158
4802956,1743294,523.4893734304175
4802957,872256,774.8869853473711
4802958,1096022,496.729054161689
4802959,1116064,929.9789120017407
4802960,1410450,359.2155191773957
4802961,1742663,249.3023433989393
4802962,1170270,239.02943988400682
4802963,1947285,649.5375927829662
4802964,285319,100.49394327085326
4802965,1572342,958.7789276543099
4802966,503303,609.3082915916254
4802967,1008319,624.4555747804504
4802968,849903,486.5598379337315
4802969,745307,437.64656777144563
4802970,1584909,903.0223778269166
4802971,1243457,259.2199049009843
4802972,1220406,749.973758037744
4802973,1654537,247.19278784974597
4802974,1553792,429.6903054194993
4802975,1034476,796.3577441863094
4802976,27912,975.4576209720776
4802977,469634,325.93637863393053
4802978,1941167,987.9108187919319
4802979,34978,693.3432734245798
4802980,64263,820.073084327541
4802981,1906668,850.8978890247739
4802982,1323837,920.2510625837795
4802983,1510426,588.8810304450977
4802984,1814878,224.88056816360358
4802985,725219,351.74563469922435
4802986,1679072,494.71751855928517
4802987,959759,676.3015964217374
4802988,1027263,392.70114964891224
4802989,716168,158.4278604462932
4802990,999614,627.7810897861536
4802991,279307,753.3842298998009
4802992,413309,844.7610185899025
4802993,1453164,327.67860728976274
4802994,945690,333.7386556517726
4802995,1602238,321.56287574582245
4802996,532933,117.17386691133147
4802997,1591818,772.1125743679771
4802998,985,99.34895070171757
4802999,422665,760.3819045175062
4803000,1105645,400.25840527376266
4803001,1765776,798.6655876949148
4803002,1857693,659.9323736370081
4803003,524022,77.6508638561747
4803004,1292351,610.627476392021
4803005,1693137,682.3150719193557
4803006,1377287,627.1546970581087
4803007,1761202,474.78196320651824
4803008,1075343,613.8990550286693
4803009,1608531,503.9096230205161
4803010,572710,103.93684964295569
4803011,1949774,86.9079373373276
4803012,1672231,62.44981403267224
4803013,1068998,335.16499621909844
4803014,122805,846.8756490320254
4803015,185847,885.628515579986
4803016,1572683,575.1331688581057
4803017,85547,11.156847903881717
4803018,841799,443.31921437502865
4803019,960484,421.7515301650385
4803020,1338215,985.0047446490154
4803021,1448223,107.17082431307567
4803022,851992,267.3612437267245
4803023,840888,444.92364029752764
4803024,1824229,348.6117929414694
4803025,944113,601.4017648620431
4803026,725097,46.36890898605639
4803027,1102596,22.182893768178502
4803028,290535,812.0104444221489
4803029,642878,527.6325168106972
4803030,272431,389.33824396827544
4803031,74722,487.78986207719953
4803032,695513,287.93719867034474
4803033,1352034,940.0218716814185
4803034,552678,635.2902073885072
4803035,1523402,853.5676946200199
4803036,808512,950.7655298466716
4803037,1423971,357.0665113858057
4803038,763916,732.8530633918822
4803039,1352268,197.45516542095575
4803040,1622445,653.5361145900761
4803041,796188,169.910782657841
4803042,1087889,729.4692731203942
4803043,972341,150.45470814020734
4803044,1510688,132.14067279190655
4803045,961573,847.3216256408775
4803046,189367,28.84758623260597
4803047,1740846,196.23577663947623
4803048,1005611,202.66571948727685
4803049,1211007,856.4956458430843
4803050,263818,765.0263615456175
4803051,137530,110.64534743969723
4803052,232189,886.6800247656771
4803053,573073,811.1588653203064
4803054,439948,4.697129288741442
4803055,1708215,554.8427608166672
4803056,174554,689.0581901957801
4803057,70590,376.10396534122725
4803058,555195,282.63904018486187
4803059,1764681,990.3394966928638
4803060,435738,85.330102936658
4803061,1694355,129.8772096037043
4803062,1480904,810.2800552113194
4803063,1697448,206.02340323039337
4803064,521151,909.8617043651732
4803065,16768,110.09418803881299
4803066,477469,755.2964667293932
4803067,1905116,831.1988638367
4803068,1052605,31.527556871370766
4803069,649668,757.4231722887828
4803070,1839571,819.0346371003177
4803071,1231759,692.993448525901
4803072,771344,510.9990948000247
4803073,1385880,653.9498903244436
4803074,757000,241.04319241654025
4803075,54161,809.0916396866648
4803076,1626059,442.31094170355
4803077,1029078,30.653492751328336
4803078,176051,502.1935121065323
4803079,805271,447.0570788860324
4803080,1730669,901.4158400845066
4803081,1790111,805.0996963913882
4803082,521820,12.822524525384015
4803083,1718838,410.7048194092018
4803084,1414767,841.4721072137888
4803085,1359945,392.0687021882128
4803086,824476,987.1625569311419
4803087,1281592,302.17836540493704
4803088,727472,437.8056512265841
4803089,160642,144.98887714169084
4803090,1239408,997.6005569555031
4803091,1107412,264.92685678148706
4803092,199027,559.5506650898539
4803093,1558050,313.9721991115474
4803094,624601,703.2555024389219
4803095,1869763,928.4040071689136
4803096,781886,364.0631579524738
4803097,1882758,884.6384635774835
4803098,60810,580.0591558032023
4803099,1824924,945.6447088518044
4803100,52286,531.9130122252104
4803101,947417,229.2479747198599
4803102,1249682,90.2150219879344
4803103,1746862,162.2053349864784
4803104,484984,106.04560986962031
4803105,1887273,486.9279467788498
4803106,486067,214.4517945626916
4803107,159654,709.4599766088062
4803108,1190028,568.3594030877757
4803109,876602,802.1470590809013
4803110,1550285,709.724628584969
4803111,1764442,456.96691971680934
4803112,1420365,432.2992367255434
4803113,680035,537.0644529301364
4803114,653188,772.2169576548488
4803115,380654,329.2802796648928
4803116,1816593,865.3736734707271
4803117,1455255,939.4714464274905
4803118,210102,922.9919298340685
4803119,968123,683.9671849800396
4803120,607582,689.57633713143
4803121,1334345,787.5705097844816
4803122,781840,26.950603474285128
4803123,56704,521.1630629447263
4803124,1958646,264.85946380092605
4803125,848346,304.38946909145534
4803126,89553,440.70740567940794
4803127,1240463,861.9478464844283
4803128,1520787,71.47441971316637
4803129,571510,511.9238348571179
4803130,239136,651.2530135071803
4803131,1882010,16.028773066138037
4803132,330020,426.1180335500091
4803133,822626,395.8950801146247
4803134,1481327,49.22872571226178
4803135,372368,547.3525139595915
4803136,88479,736.3596610522993
4803137,491204,151.7802573566458
4803138,1087865,162.7513275504492
4803139,557690,583.4136227434235
4803140,173403,641.9493362627277
4803141,975138,792.7492505348285
4803142,342102,923.4262465583125
4803143,1247795,983.1265307818068
4803144,1101025,825.7423919988017
4803145,1600474,696.1730025172526
4803146,553904,305.8104558033804
4803147,1708824,295.0269167525041
4803148,391723,387.0522602537032
4803149,690696,29.211389070460502
4803150,1672066,423.8205544844126
4803151,629712,839.6988288747542
4803152,122355,497.8851158460037
4803153,991537,664.7257884525566
4803154,862640,346.2683723174551
4803155,1775893,276.0733393237955
4803156,183515,917.3919530046612
4803157,58613,616.0527899541762
4803158,539178,560.5536699450082
4803159,1195234,768.853172307084
4803160,1011827,827.7852597351842
4803161,721917,81.04819073668068
4803162,108462,223.86426790459413
4803163,1565955,503.8883905201105
4803164,1578169,898.9506807593789
4803165,505083,840.4683643785382
4803166,1211246,334.13325954237814
4803167,394321,876.0710204881658
4803168,1925573,294.60269042202725
4803169,1785378,728.7982947936131
4803170,276746,69.99119013361732
4803171,377302,373.0354462260811
4803172,1064524,885.0303198293153
4803173,1107052,120.85778088272936
4803174,1348756,374.7315700345172
4803175,83354,704.1067617113315
4803176,1310272,497.1204111583677
4803177,880432,409.6291014604632
4803178,937348,293.9099540828446
4803179,793434,391.2519480851295
4803180,211106,532.334622320979
4803181,986889,254.1641247613099
4803182,1958306,746.3731796547909
4803183,1926064,264.5726477590834
4803184,278582,0.6599040528105782
4803185,882035,494.72832741868575
4803186,1023527,322.3471518583558
4803187,328945,248.8175912387347
4803188,1450695,803.3942561671766
4803189,1790386,245.73474258054517
4803190,1929845,78.41382207846159
4803191,599846,822.0695478445905
4803192,11583,754.1346179662454
4803193,1732930,581.4084054479667
4803194,854440,819.2312484376145
4803195,1491909,553.1438210687444
4803196,1297288,29.718831652360002
4803197,1882863,471.87862165431426
4803198,1286245,440.66668631320584
4803199,1242383,449.10569762317976
4803200,1918331,809.6673230908092
4803201,1140783,842.3772294726294
4803202,591598,157.9247423468111
4803203,1228248,628.2578955657996
4803204,1743140,976.5421659546003
4803205,1185262,353.96910544775415
4803206,40478,338.74887474631487
4803207,1043480,560.5033058456203
4803208,351478,640.8105568190042
4803209,906320,751.4928980055656
4803210,1592701,213.72904416997872
4803211,1969429,991.5591138449656
4803212,1059191,516.0383332632883
4803213,1978675,87.28599908443346
4803214,1616869,425.8549517996708
4803215,716516,381.3105024489628
4803216,1234028,573.1085473280759
4803217,786040,735.6120111585076
4803218,978421,86.12563685345364
4803219,1402367,675.0520024236015
4803220,1749483,726.0543174313902
4803221,574517,899.8102179144478
4803222,1642766,714.5337392764134
4803223,1708843,557.2836866995837
4803224,1142574,115.85770276541407
4803225,1832463,325.2238895243739
4803226,1821823,175.57673004320128
4803227,1596961,701.8301386161448
4803228,1275832,726.0039547172343
4803229,1602839,655.2504378480229
4803230,1110988,862.5712327079136
4803231,1867374,33.20721756338063
4803232,1652973,794.9833407890707
4803233,1122079,625.4437873482223
4803234,1415008,963.3449943333055
4803235,736796,696.5394912732337
4803236,1998606,711.1499838092956
4803237,1154084,271.84179727144
4803238,1199971,599.0348360252877
4803239,1926182,944.9556238267778
4803240,620496,276.6151598762566
4803241,1494062,143.44974036652124
4803242,628013,457.60895904387144
4803243,1408391,368.5533100840772
4803244,1718616,650.98438554331
4803245,742405,853.6530943748756
4803246,466158,17.29660658554788
4803247,1610913,790.9676224819509
4803248,408013,39.60318486366188
4803249,1161997,160.26687542312712
4803250,1909305,61.1291887035148
4803251,931209,383.22496079543214
4803252,439101,441.5171091016806
4803253,1125548,820.8936893915508
4803254,545969,739.4727964357584
4803255,909160,102.10157101835726
4803256,1239461,342.2651313637174
4803257,1065117,672.9793726111927
4803258,1440539,635.541554146349
4803259,512733,169.90827092417948
4803260,574947,138.79702230057944
4803261,1862288,452.5397909570259
4803262,976069,557.6360439748692
4803263,33522,593.1791048856643
4803264,1248298,894.4199764190079
4803265,477169,758.0518957365025
4803266,1315870,536.9216215602966
4803267,1331246,23.34059203821248
4803268,245115,851.8950340577404
4803269,1112746,527.4106932321773
4803270,1650193,641.4175915426214
4803271,219734,939.3085453067721
4803272,659768,214.7937703070155
4803273,1538535,18.55123224341293
4803274,309267,821.9717303593901
4803275,730713,3.5608973829274193
4803276,936927,506.41101283680536
4803277,718438,299.77534336805036
4803278,1115185,469.68645909301085
4803279,1047290,73.6410670941321
4803280,1785158,755.6208113743353
4803281,1995287,472.7478190518651
4803282,315927,511.23155368930674
4803283,579756,412.0374981023492
4803284,1538638,478.629475946192
4803285,159189,705.9804572460425
4803286,1498888,131.94410220059027
4803287,116590,61.984597515919226
4803288,1763241,84.11033166694004
4803289,859397,948.0828737866938
4803290,114883,248.44351949259513
4803291,353792,982.6475739256833
4803292,1620974,886.9001138706435
4803293,1497917,822.0865345875956
4803294,760263,54.24258114059788
4803295,1043819,591.3994432966022
4803296,1130473,895.8994987628438
4803297,370111,208.68366071332912
4803298,69349,563.1872208270927
4803299,1105129,246.06689477480415
4803300,681798,75.2568480320912
4803301,731404,386.41845996161686
4803302,276752,575.117369978622
4803303,1094712,513.4190808084691
4803304,1477167,398.6041031457318
4803305,220086,785.855193902233
4803306,807786,506.80269104777085
4803307,1200330,311.2985771221205
4803308,638805,801.1555543226089
4803309,1985261,208.6145445622193
4803310,608514,936.7748143646594
4803311,150337,542.0340510556395
4803312,1218686,955.2480912821075
4803313,526144,548.3416191989222
4803314,998018,852.2332243190413
4803315,1044650,618.8427282569353
4803316,1567399,476.4409376957801
4803317,614009,615.3201487029081
4803318,1794207,422.4040081321347
4803319,1952737,422.75737642492874
4803320,409909,796.1861410466942
4803321,377693,841.0987390195802
4803322,1821049,964.6514201553581
4803323,623348,788.2560185960434
4803324,1527518,668.9994419884263
4803325,1771015,474.5668280893034
4803326,470213,704.6045013220439
4803327,780942,76.95139303177444
4803328,1621603,442.59645920771317
4803329,1801667,976.3851085658379
4803330,1257734,614.2322535244458
4803331,908510,74.48063500517421
4803332,598311,855.4716200579508
4803333,1989809,198.28855284010695
4803334,446270,323.7607055850604
4803335,1305472,100.53022471311712
4803336,1169495,925.8841263002203
4803337,575362,917.9135492253432
4803338,931041,136.24710495422687
4803339,1802470,826.8677185044165
4803340,1984931,156.67743397519328
4803341,1468179,791.9543365085237
4803342,410377,2.8316153956523538
4803343,393241,77.51719812441615
4803344,1890957,567.5186470745648
4803345,1457872,108.40759692482816
4803346,424918,1.484439136545057
4803347,621556,847.5764344232786
4803348,577664,43.958460330723035
4803349,1950789,850.0081178623593
4803350,1555877,183.20046910950427
4803351,1230007,342.22703819947355
4803352,1078192,61.4545595007131
4803353,376171,694.4143271286216
4803354,1224986,59.2289033047525
4803355,1288597,106.16535425304485
4803356,1543966,738.0721642369009
4803357,1091415,990.8951325899774
4803358,1287291,117.62434194935933
4803359,499377,558.2122879165448
4803360,1167954,149.08341156254178
4803361,464093,818.7666586952957
4803362,1677123,421.33692044938385
4803363,1326915,93.88825649900245
4803364,1612932,138.2642650892293
4803365,682769,34.90064129145198
4803366,1882477,450.53211999067844
4803367,1251683,347.4000070310196
4803368,570745,429.97294242677617
4803369,1098355,826.908210469297
4803370,591135,791.5271514649456
4803371,26374,847.0695559827104
4803372,695173,516.793869052487
4803373,1438923,107.33240692451051
4803374,483773,523.0468351466658
4803375,1357018,879.206235790143
4803376,1307105,201.172912949666
4803377,1095843,356.25417481571054
4803378,376318,316.0491736847848
4803379,206924,517.6893334671322
4803380,1945462,30.406306052310317
4803381,823020,650.3211108299332
4803382,425647,12.095707872773032
4803383,249209,274.6265092013485
4803384,1984320,438.5183750575776
4803385,1290685,405.21281164739963
4803386,1796805,201.97301212090102
4803387,651324,112.76009860157532
4803388,1633509,66.01069474898158
4803389,221228,790.2249064158847
4803390,1282100,10.401335525103583
4803391,1730098,703.9210342610942
4803392,1037753,643.8234769630221
4803393,657592,915.163423052462
4803394,400086,257.3149128762641
4803395,305335,723.6820774555706
4803396,1097143,195.4582234658977
4803397,1253924,229.33620433175838
4803398,17089,535.944021603643
4803399,636951,259.3672900678247
4803400,1604843,758.2785671520015
4803401,123799,32.136637501800735
4803402,1569065,750.7150857150986
4803403,938579,254.33153269917975
4803404,1303943,542.3294860919335
4803405,434276,21.350748241806716
4803406,1241311,819.1848254235348
4803407,1050135,322.17490504121815
4803408,903044,275.2152238312554
4803409,1633372,783.2231180202238
4803410,1145814,341.58105516317073
4803411,87147,983.821890201067
4803412,962925,626.0138204766796
4803413,1565176,634.0333514969958
4803414,1050117,338.8546767423386
4803415,1738006,240.31445421998276
4803416,363142,563.1748439209977
4803417,367547,173.7711363884389
4803418,1959765,270.2740036383081
4803419,401691,250.74162590293625
4803420,861709,267.57788511914424
4803421,1348117,803.997837633427
4803422,1723470,916.2485554997102
4803423,298840,80.51847548558078
4803424,1630665,786.5275222232065
4803425,979385,195.82430536552886
4803426,225388,884.9358272838425
4803427,782883,220.03507923419775
4803428,226511,238.38939448873487
4803429,985978,442.82795407272556
4803430,1473278,338.3434727335111
4803431,724301,897.5072956836487
4803432,1920637,966.5726828475932
4803433,1600127,382.08236460634794
4803434,1967071,12.03057646091088
4803435,1337468,778.5996031413591
4803436,1225563,227.0220281883172
4803437,433560,796.0164206522838
4803438,367880,990.2539159298506
4803439,1461331,128.53583021204284
4803440,1606155,961.2823897453349
4803441,1392082,269.85215686365996
4803442,1163210,957.7293817585618
4803443,1153518,779.7053479147471
4803444,1629752,7.549570602198186
4803445,1346017,554.3374269823149
4803446,1769176,899.7552079734304
4803447,1780291,572.7606501592626
4803448,762274,551.804305616356
4803449,1648947,267.94840088769513
4803450,1919182,715.1404622150693
4803451,927431,850.4452606026915
4803452,1748570,295.6403065463468
4803453,976368,890.3118200822568
4803454,1424412,723.0878299976752
4803455,674256,924.0623132391695
4803456,1183538,453.23946213055933
4803457,1934100,117.37215623789498
4803458,100235,774.7606605037815
4803459,1979039,835.6064680520789
4803460,164649,108.9067870931717
4803461,1244760,422.0284740919217
4803462,1321060,34.835756503707735
4803463,1101679,331.8619892107307
4803464,1112648,590.6096013061602
4803465,1728752,4.635162544286975
4803466,1278814,245.57202927896847
4803467,954085,863.2046535227068
4803468,1395969,606.8108855579889
4803469,350354,334.48560410000306
4803470,948980,931.9772994340113
4803471,1206292,904.8820276541802
4803472,1137219,607.7333096577504
4803473,495775,109.5826383669326
4803474,1887194,363.3165514565929
4803475,994902,631.1800317583319
4803476,1530053,518.3361100509367
4803477,1820697,981.1822257572113
4803478,1101283,297.02785368601013
4803479,377483,720.6974261344369
4803480,1358709,375.16782687776
4803481,380275,575.9708040298194
4803482,1028679,267.34197312438926
4803483,1893052,780.7118685913947
4803484,233376,129.67558733068608
4803485,1425195,160.2470983197548
4803486,877692,420.868488851741
4803487,733658,325.1984002328727
4803488,214484,613.5302316535109
4803489,1687130,343.9514060587813
4803490,1467143,145.28464726276613
4803491,1530970,725.8447600371433
4803492,1358333,727.7518742421265
4803493,656027,410.5098371119633
4803494,514045,876.8484617780629
4803495,1123035,89.43897748093832
4803496,790740,701.1215395935444
4803497,726830,807.3184730717197
4803498,969320,764.5564658830618
4803499,1104752,454.60561150733116
4803500,301637,790.0017827739508
4803501,521521,926.0424252666977
4803502,339391,288.5875465923694
4803503,327823,933.9782250182993
4803504,198677,669.3109106802638
4803505,1973869,502.7142559477835
4803506,891946,596.5434485124242
4803507,182088,959.3089324683247
4803508,1663871,635.1824914341122
4803509,981019,571.0698689944569
4803510,768442,168.11043973739527
4803511,871971,746.5234252436721
4803512,370800,82.64742066215803
4803513,1777837,262.26694565855036
4803514,838382,255.0211302755412
4803515,625891,443.46142083081605
4803516,31406,363.8049193281243
4803517,1944079,906.1900179792062
4803518,1334023,633.4481433536314
4803519,1588185,658.5479616785178
4803520,1230246,50.66120431065868
4803521,1200499,115.73027586434415
4803522,1572006,303.7793947864711
4803523,311551,837.2039315265738
4803524,1307840,940.3981375410408
4803525,462825,673.6113561390097
4803526,1277347,320.73029173003687
4803527,851041,599.9960731750878
4803528,439071,979.1616646788248
4803529,1038598,699.1759401237935
4803530,413377,653.7823783967787
4803531,49851,971.3794216263086
4803532,1302042,570.116759918565
4803533,1598594,869.8540582322207
4803534,568184,278.3573733726394
4803535,1075336,909.6673779103463
4803536,1282843,801.8837076103163
4803537,214417,146.52242148838158
4803538,187719,877.5805762818114
4803539,753684,4.489788971375419
4803540,73647,382.1550965229064
4803541,160706,414.9158112204583
4803542,1792291,157.80386393183164
4803543,1709497,240.5483868203666
4803544,1796865,563.264879775286
4803545,432089,925.8123767720159
4803546,1102359,155.54519660243216
4803547,711087,787.725330924709
4803548,1288485,662.7618880168637
4803549,1191892,5.846640323398544
4803550,1438081,574.0536378520816
4803551,623194,757.6646866170183
4803552,1272335,263.6763554720256
4803553,102645,21.922869533924526
4803554,832222,912.4550313071944
4803555,1028277,431.99383635783886
4803556,1146306,89.11373139847323
4803557,797909,991.0805491385928
4803558,1064968,705.4431244880154
4803559,1134304,523.778553971947
4803560,700104,915.3248539061249
4803561,1122581,152.19901766668775
4803562,1601060,83.77627737121207
4803563,1345568,226.3461743181563
4803564,1365924,594.2822535625526
4803565,1032561,539.2218163417984
4803566,557961,976.3082688338475
4803567,454893,833.8937242320654
4803568,1259046,896.908776358371
4803569,1762372,143.72881678800752
4803570,700253,884.9326063473914
4803571,1237376,125.5456925462578
4803572,109007,505.4338107485271
4803573,1284763,861.7540294026336
4803574,1483909,581.5715026139561
4803575,1447807,305.5302003894358
4803576,958515,809.3955431878233
4803577,1947804,745.3815878569519
4803578,453385,873.7391484816575
4803579,1778729,836.8892009367827
4803580,1689273,518.8564242666218
4803581,1405337,225.3167980474159
4803582,63391,227.46144439365622
4803583,1388552,987.6025581329617
4803584,966402,520.1671744129014
4803585,1505581,703.0857966356328
4803586,665347,935.6982413706513
4803587,1284799,871.7886436561739
4803588,1163217,585.6207878321343
4803589,932169,818.6621249196363
4803590,1941902,284.53425092260244
4803591,370038,826.8503700870767
4803592,1908171,869.664149859967
4803593,1899150,793.7766582507136
4803594,1960891,925.487027617496
4803595,1015348,81.99227021776068
4803596,613976,673.7564827946586
4803597,505208,966.0627340785007
4803598,536209,216.0141668366018
4803599,1835841,984.7423260357605
4803600,1949841,479.57967411093273
4803601,823161,326.0077032978853
4803602,1947552,217.52609491390984
4803603,1344207,511.3534855042599
4803604,161991,198.11835104982245
4803605,1736951,527.9976268828561
4803606,1854108,22.691011261563922
4803607,1585128,552.4255500557529
4803608,850137,51.44865316512348
4803609,880430,52.56112978836902
4803610,1753688,158.96996799452435
4803611,482292,353.90296988275236
4803612,1218546,723.7342860585944
4803613,1539322,673.2085029470333
4803614,393102,229.45143026033054
4803615,151934,434.46983304970024
4803616,1451007,929.6796836214071
4803617,1509474,916.3676636124026
4803618,908028,428.6158260332094
4803619,1807388,867.3508270113289
4803620,814073,215.22915120357067
4803621,1727183,893.455214232335
4803622,1822429,96.04731910707088
4803623,1847700,266.69530574397106
4803624,329452,317.34806800991413
4803625,1334230,816.6446179459115
4803626,522316,858.056615103365
4803627,971079,518.2211599970914
4803628,45883,340.72955650088545
4803629,1316523,23.10046430087653
4803630,1597362,521.1893575442156
4803631,325529,770.9479571634786
4803632,1255733,275.28704728911134
4803633,1977245,402.01678360803083
4803634,274633,677.9645109127515
4803635,280294,420.68460158655984
4803636,404112,623.5133187917688
4803637,110348,284.85899421436335
4803638,651190,272.12644760786895
4803639,614674,308.2436735690759
4803640,1549029,615.1183958296242
4803641,1598537,424.13766133755524
4803642,910958,72.82318612258487
4803643,1208003,434.0360735697405
4803644,1253826,793.6769363259132
4803645,1198697,21.292091402778656
4803646,1494665,583.2771776893626
4803647,88427,454.94465989664445
4803648,452075,969.981320492992
4803649,351070,634.286155048521
4803650,232739,704.2781207603665
4803651,904357,849.6261173551069
4803652,492789,915.9143973236611
4803653,1601548,826.476820511893
4803654,1646649,619.6808833879295
4803655,1721077,139.05896158577391
4803656,1026899,70.7657705586644
4803657,639553,701.6903093031917
4803658,886988,940.1068105667762
4803659,445018,825.8514444789869
4803660,1307380,796.4027156679457
4803661,627350,119.84016353910964
4803662,793966,57.04398722251669
4803663,1581089,582.2590276859615
4803664,1562046,573.0442918157692
4803665,603964,123.35387728553482
4803666,571852,958.9376730754312
4803667,289093,706.9032857204542
4803668,422757,321.77779977047874
4803669,422317,109.82414500386429
4803670,608247,463.0777664822314
4803671,322667,662.3073741691201
4803672,647138,430.9948397459323
4803673,1165374,73.04853147543355
4803674,1784948,35.28013597882362
4803675,76314,175.23250544840474
4803676,1489261,394.14078056759917
4803677,805579,127.80835225340637
4803678,1100929,426.30801622926384
4803679,870215,828.6058052186165
4803680,888199,269.5399137270029
4803681,1858828,139.05877069501904
4803682,1277418,403.9786255595821
4803683,500731,68.69789771610802
4803684,385282,744.231274984031
4803685,1406596,126.15821159025586
4803686,432681,258.5871330349612
4803687,1419690,628.3825569115779
4803688,1741296,365.74283656636686
4803689,593700,597.3792901601047
4803690,999493,992.9942584575717
4803691,1543929,332.3851281160367
4803692,671726,514.5340418262563
4803693,44311,630.6963974068676
4803694,1003741,774.3452029190026
4803695,1105284,881.9921216365826
4803696,557704,631.3583260907492
4803697,1353517,126.41365821249373
4803698,1510744,274.99199289376406
4803699,782814,675.0658891738489
4803700,1359276,325.9044787497071
4803701,1203767,768.7476282161566
4803702,903926,193.28812917951987
4803703,246330,50.70115833372579
4803704,796987,249.26223025288718
4803705,959067,254.4083276625686
4803706,1192479,434.0673895327434
4803707,1873667,17.43518133964228
4803708,840153,453.2348342446767
4803709,642625,136.64297915392208
4803710,30381,570.4201853208447
4803711,1643388,996.2753526892192
4803712,795908,283.4456812000674
4803713,987306,427.0377134482004
4803714,538962,608.2156329816296
4803715,742074,429.7472904979641
4803716,1243504,480.96946159462516
4803717,527215,545.4082325309002
4803718,1404427,461.9466788945499
4803719,449211,966.0687598415403
4803720,500106,357.167213567555
4803721,396112,722.0426309857697
4803722,1862802,873.2823094060199
4803723,1581572,181.4618018935946
4803724,1820988,18.69779178919917
4803725,497116,570.0222594933311
4803726,108161,252.67875370111614
4803727,1063282,712.5661540497356
4803728,662488,195.10456409807065
4803729,694938,735.1934563013011
4803730,1164445,110.37249830445306
4803731,3520,647.1997253192724
4803732,1740189,776.8998245135892
4803733,746813,257.22337866187416
4803734,1762991,764.13653375074
4803735,448306,12.507592848181147
4803736,850417,471.64638063625773
4803737,890812,62.698812794924955
4803738,1433267,465.3321578037205
4803739,654143,877.8721199032378
4803740,1101451,349.0007383444714
4803741,883406,256.8308221749921
4803742,69751,511.0363487860388
4803743,753985,243.30205064994402
4803744,1500088,641.7125818423997
4803745,464441,967.6406159687541
4803746,2770,572.2760421252062
4803747,835593,457.45934237447415
4803748,1566603,685.2142242926383
4803749,382581,192.16087095175405
4803750,1082952,819.0742188232267
4803751,1699197,205.81385556289277
4803752,956550,235.60295025365718
4803753,1881692,836.0093591831602
4803754,1932361,447.3271281689303
4803755,922657,157.49127231206262
4803756,975497,127.39011755893914
4803757,722557,556.3168314575552
4803758,1992916,996.8682023293487
4803759,207189,227.85152487486658
4803760,268385,538.6392509722533
4803761,976461,821.976905349338
4803762,100122,915.2764605124801
4803763,1111301,602.1449997661757
4803764,450947,500.0252461783661
4803765,1384218,238.04753486961428
4803766,549633,863.3699715280973
4803767,691771,418.7911255903564
4803768,1106509,377.5784609053078
4803769,449430,389.79702293529175
4803770,826585,215.69920820497745
4803771,631410,159.4746320630841
4803772,625106,659.23066418363
4803773,1147273,102.79598089712883
4803774,67618,983.0653477550688
4803775,966350,583.2211854024088
4803776,259986,473.9023756455417
4803777,1632816,533.1225829820074
4803778,1422270,594.8301351654727
4803779,278068,251.64286369680522
4803780,989446,548.4268139220578
4803781,1827765,467.81886331190105
4803782,106448,23.175025162924022
4803783,1720161,838.3896360443989
4803784,1147645,252.03472006679638
4803785,1884947,106.1296370852457
4803786,1075020,373.6535748292383
4803787,78507,772.4844418268058
4803788,1155280,699.3054441880722
4803789,65036,716.6796550206433
4803790,180452,951.1656854447355
4803791,1578747,28.26452709286398
4803792,1538472,617.3791926039174
4803793,453493,697.6688856476284
4803794,303393,178.73770334771544
4803795,211844,974.8413900665716
4803796,1926766,104.55478144326979
4803797,946692,263.41456448851795
4803798,1694011,254.1168009907363
4803799,1029845,272.95186220665255
4803800,856088,956.6345338258292
4803801,1695607,40.08698815005551
4803802,1735465,962.5599472087704
4803803,1463430,5.794241404250222
4803804,1077706,600.4184856495506
4803805,740361,794.8704762025003
4803806,1702468,819.2339874013151
4803807,1631873,443.10055751482014
4803808,1666564,489.19260583438194
4803809,737591,882.5784110888067
4803810,1687930,771.1190507559156
4803811,516511,519.6694103947199
4803812,964178,895.169934929884
4803813,416249,577.1156485505803
4803814,88295,482.5210526200984
4803815,156353,862.0943443279707
4803816,767482,165.95623703030404
4803817,1033094,809.269113303546
4803818,132205,178.4854444958508
4803819,1349568,799.0415752165079
4803820,1269325,959.5537054511293
4803821,432994,316.82724478750055
4803822,1250827,34.09588229991001
4803823,755894,798.1270313668557
4803824,458194,897.7730587187372
4803825,1324946,874.6603124103281
4803826,1077638,585.5897800025945
4803827,883979,442.62444848839567
4803828,1159602,947.2203202019747
4803829,1100687,508.40258347499065
4803830,1197353,931.4802521016765
4803831,1811082,2.634029424028461
4803832,1040905,964.5049733309927
4803833,1179638,288.57134997894485
4803834,1877766,795.3351880819264
4803835,1857837,59.52268482320466
4803836,735879,814.5040118498913
4803837,1168149,971.7292227842278
4803838,445018,686.3790689684425
4803839,1755546,149.06862510683737
4803840,207490,58.29791867229073
4803841,1710162,131.75744024157143
4803842,929452,551.767745393725
4803843,392965,494.0563169677058
4803844,928994,575.232174685323
4803845,816219,200.47740289178086
4803846,386688,38.67298046561318
4803847,133634,632.626958570333
4803848,405433,506.77423999492055
4803849,1548262,101.93313751645361
4803850,1154737,57.07560115634824
4803851,713005,689.4731687847412
4803852,791977,14.105231393456318
4803853,738534,272.3938422064366
4803854,1238557,739.4455681166816
4803855,1275620,396.27967641016505
4803856,1130675,438.54571781968576
4803857,1386804,126.65341586393508
4803858,1086513,612.5279882523647
4803859,1325300,554.2731213251662
4803860,1754962,912.3269170283165
4803861,1086410,499.6385905205977
4803862,608641,639.360040310546
4803863,1022526,951.2952899983981
4803864,1680661,281.23625825570974
4803865,1572529,857.5078642693367
4803866,1108580,127.04759367601714
4803867,752871,911.8161278756163
4803868,195558,201.69940043219592
4803869,1196275,193.7765344769433
4803870,698333,449.2070211578564
4803871,351202,448.6659860679233
4803872,104862,959.9598414407208
4803873,91951,10.816458845345988
4803874,4829,784.4501922834796
4803875,251121,565.0143207203979
4803876,1342655,342.52226208478487
4803877,861298,392.48933108018093
4803878,1567887,613.9280859891079
4803879,1448443,852.2879102516393
4803880,1275319,381.868979490977
4803881,1454488,897.931858297218
4803882,923659,443.9378412822027
4803883,1989455,804.7881121241496
4803884,84166,511.33488570058404
4803885,826060,311.8353209981382
4803886,604233,786.690569476993
4803887,27405,466.35146062009846
4803888,295450,600.9909319526348
4803889,1892221,648.8366979193692
4803890,172621,784.5972733430407
4803891,431288,394.2983496633945
4803892,1616634,52.73904861995771
4803893,259433,729.7869421663734
4803894,1784200,697.5337277012403
4803895,1190301,647.8758911168186
4803896,1904294,935.33364069068
4803897,869294,132.79506848498025
4803898,1654032,717.3150423845409
4803899,1363454,808.5824967374175
4803900,391434,555.9426239875501
4803901,329654,869.149036692831
4803902,609832,581.7372650510014
4803903,758478,927.0496336472916
4803904,1108406,405.5030821165687
4803905,1502952,702.4167885579509
4803906,808583,134.30477899320059
4803907,1133772,395.68897918745694
4803908,29721,761.3045696001672
4803909,1484913,541.0909605574911
4803910,152002,9.733914233702844
4803911,310459,866.0653991162956
4803912,471695,120.08592155682074
4803913,290177,432.86954101287824
4803914,392509,445.81191603477976
4803915,147089,921.3222108739417
4803916,88680,204.7581979889338
4803917,248280,638.8762447024133
4803918,1093675,658.1085104641897
4803919,1106170,850.9625388533568
4803920,234759,964.4017215448584
4803921,629460,759.9359874146331
4803922,1767527,736.4880236345981
4803923,1091189,199.87958814636187
4803924,1413191,653.1504532081432
4803925,16865,192.27812987364823
4803926,1366783,735.3721163011401
4803927,847141,909.4005545838897
4803928,1775269,755.4805441681414
4803929,1268492,705.3756779684019
4803930,699801,0.10874540267546973
4803931,879864,189.38087551289385
4803932,1500834,919.0577993053158
4803933,561876,145.1565650042499
4803934,901566,328.91503804957676
4803935,1110313,11.759528295244849
4803936,777634,308.1116503690895
4803937,25984,182.55456979684203
4803938,1993193,120.22941786749186
4803939,1692205,993.5179798514507
4803940,1304874,675.8023230693622
4803941,695832,466.8722392519333
4803942,488579,758.0372206527205
4803943,250094,573.6957581818936
4803944,1767055,436.6709959050027
4803945,78130,219.21118973061093
4803946,1178526,417.63050619083197
4803947,165108,220.81168362988345
4803948,233544,986.0003356896934
4803949,1800423,853.5058478363477
4803950,365583,120.74795668377381
4803951,701184,882.995387822099
4803952,306454,670.0078842987119
4803953,1384733,566.4751367461423
4803954,1855265,822.92749511959
4803955,1370064,192.67417141968934
4803956,620606,477.25214539830563
4803957,1846906,896.1596893895976
4803958,1581411,960.412298976313
4803959,1553749,102.31334612450948
4803960,373520,192.08863811051214
4803961,1727907,707.6332371616963
4803962,1525702,175.78346050559145
4803963,946649,638.8472841735077
4803964,718629,98.67579766968781
4803965,1780686,778.7027817936821
4803966,92440,326.2097399827409
4803967,966209,608.6350926881372
4803968,1770790,599.520636209627
4803969,188979,274.1979527014604
4803970,1296665,553.7809926052599
4803971,550929,601.8710718866791
4803972,1410180,984.1599647470991
4803973,1785947,22.416359818302812
4803974,1241202,159.57962465119502
4803975,331282,615.4666448887331
4803976,319584,472.34346238949166
4803977,1993619,993.8693206166597
4803978,1918146,768.5492800702687
4803979,438053,373.10961218377093
4803980,297608,717.7591700976042
4803981,1677767,416.1677335736781
4803982,35005,718.7313341310999
4803983,255009,261.39967314527235
4803984,1413972,634.2040344670085
4803985,614037,526.911063314626
4803986,529623,78.44103450124307
4803987,820637,306.0173879423074
4803988,1931195,651.9858648167138
4803989,1325180,471.456432751956
4803990,426498,264.909364407115
4803991,274004,871.0957017406739
4803992,1534792,65.11319354304845
4803993,285048,141.43940464198644
4803994,750648,331.32944583360336
4803995,1181933,194.5226390854673
4803996,26690,999.7215095404346
4803997,1374182,192.2321346799859
4803998,226693,724.4102153271999
4803999,1061234,853.995269097565
4804000,1565868,578.1598071890012
4804001,12719,106.23656549124017
4804002,1104510,115.58802147853852
4804003,1280926,734.4829349698645
4804004,434046,646.4476525176881
4804005,235646,128.98927384097314
4804006,1976654,833.1169112909886
4804007,396242,98.59475842318577
4804008,645179,91.77496361609583
4804009,1745209,373.9477920895289
4804010,1999213,809.5270241986368
4804011,639779,143.4327092101483
4804012,1919551,471.5093987769012
4804013,1056372,628.457209470578
4804014,1396607,934.5688339145372
4804015,84054,178.77407460683847
4804016,333988,318.2934228805814
4804017,1600518,631.729521439051
4804018,617005,164.63334356926728
4804019,875704,298.5200053959202
4804020,853445,859.970512500987
4804021,1399124,569.4863028777202
4804022,977393,384.5960564657751
4804023,1920120,406.734053265542
4804024,460527,735.9247315408319
4804025,554856,149.18491519189237
4804026,35379,846.3713815374717
4804027,887191,110.71201236645966
4804028,351859,849.3246353398607
4804029,984719,511.19877538127247
4804030,1541829,949.6476034241131
4804031,654364,249.77050115585843
4804032,231062,314.6015704767335
4804033,1684666,876.8356758181968
4804034,1163170,584.0336300440276
4804035,910746,791.6806255487841
4804036,1443702,266.57274030225744
4804037,686009,880.3371744836036
4804038,179761,126.96974736440991
4804039,62675,485.27948446475745
4804040,1605171,426.2738731868465
4804041,1433935,340.160352988127
4804042,119023,59.54962922377016
4804043,1788774,523.2197420840516
4804044,108389,50.9006826755507
4804045,352175,789.5836713255915
4804046,1889481,592.9724080564786
4804047,1669661,153.07732647989002
4804048,1598138,22.589697391329988
4804049,454218,575.6971253828123
4804050,820170,402.3713284254826
4804051,641271,543.067010153243
4804052,1289277,460.21737838458876
4804053,1938077,127.29723584851693
4804054,871511,673.5415453500539
4804055,1239004,843.9975153933294
4804056,1428810,452.9706865093571
4804057,1889686,12.572613571275815
4804058,392231,510.64863553935356
4804059,1541966,560.3675622097185
4804060,1821162,447.9309997772014
4804061,1234005,819.5030853416914
4804062,478950,703.1006666792338
4804063,333443,831.9124955199076
4804064,217282,471.541140982358
4804065,1668755,964.9763444757457
4804066,538785,246.3563305649481
4804067,1918673,60.19963035307785
4804068,534933,946.5466883512763
4804069,1290432,658.0202517002496
4804070,1186588,215.5416551341638
4804071,1332814,122.17263717353666
4804072,239574,483.3136676893327
4804073,1105482,687.7488003783488
4804074,67060,111.70984146855001
4804075,664129,114.61306190457799
4804076,350289,410.7509520062879
4804077,1354341,160.49267106803111
4804078,1698146,304.32764526128676
4804079,95453,596.9281809057225
4804080,398471,104.10491764112473
4804081,883593,20.69334658925026
4804082,260639,825.5253075683128
4804083,1177418,807.861735350908
4804084,646006,766.2072059486642
4804085,232961,542.3750544360363
4804086,595471,203.99572617583283
4804087,1865069,348.9508483136146
4804088,1748637,928.9581346147265
4804089,36172,279.54802908556644
4804090,1588652,991.115821342793
4804091,1303977,397.107818018025
4804092,1125110,55.80235722354043
4804093,1470477,291.58728353674826
4804094,750444,240.82406071645434
4804095,739023,685.2707729675265
4804096,1718249,945.9961878483498
4804097,810170,270.653948322237
4804098,952575,979.187294260692
4804099,1174723,731.6985505403012
4804100,306803,636.4182899368498
4804101,248991,743.804131508894
4804102,738165,390.9453071074539
4804103,630814,813.2620142732584
4804104,1739056,587.9787907672945
4804105,852885,862.876061302078
4804106,1683336,668.2416797887294
4804107,1542649,69.43721327926255
4804108,1563586,76.24410546873406
4804109,1146988,942.8590844647553
4804110,1075484,503.2885387210415
4804111,1159688,617.2214593536149
4804112,170413,644.5151950147226
4804113,729263,972.6737099035894
4804114,651502,608.1116908949975
4804115,323597,944.5334469555679
4804116,1985649,641.7972208731912
4804117,1783283,22.31622630171193
4804118,1199237,376.4489828477855
4804119,1727401,994.9191955451237
4804120,828107,67.16429949556402
4804121,373795,213.64607015040704
4804122,1985043,954.9368552087249
4804123,1986959,165.8151446060463
4804124,749369,423.51997696248566
4804125,468834,67.58925689032836
4804126,1258551,375.0786500670354
4804127,1589749,14.012584962493024
4804128,1809426,202.68063980215956
4804129,1853555,141.21743417317333
4804130,1714641,737.2997410015462
4804131,227873,506.3082544522437
4804132,574971,379.43390419107357
4804133,408886,679.9082970115414
4804134,626809,901.0576812042743
4804135,521739,826.51693468681
4804136,175437,393.56299860939936
4804137,478255,746.808571406857
4804138,309957,86.84377595649696
4804139,198266,338.8731176345552
4804140,960055,996.7106631941269
4804141,1420188,474.7780928563109
4804142,1629581,872.2492956137856
4804143,756097,544.7764598465574
4804144,834626,770.3650108957219
4804145,816877,203.28802048143234
4804146,1924755,478.8699184116077
4804147,1718704,981.5888354489487
4804148,1951067,131.34722990755964
4804149,1564418,507.121564315397
4804150,1653275,249.3974037801169
4804151,1902188,856.2667041712768
4804152,871624,294.70205746037146
4804153,40377,419.6875398512951
4804154,1676405,277.13887423942384
4804155,1627607,533.388235228951
4804156,357198,925.6975040454489
4804157,1590853,494.9345238862393
4804158,523884,355.05069421387947
4804159,512037,374.23265258822113
4804160,641936,276.59968719882335
4804161,1425427,459.5313540389372
4804162,1623743,14.31888416046123
4804163,15112,469.9086102358073
4804164,1938251,915.3868382625491
4804165,1761807,734.8818825264408
4804166,1423136,811.1431731258111
4804167,678843,257.0505345885912
4804168,152885,152.9794711495377
4804169,1020471,369.59770140813663
4804170,1863164,570.8789357669981
4804171,470794,426.507469248531
4804172,284693,108.46551223393031
4804173,1420188,230.91619430405785
4804174,1064945,173.25603614265316
4804175,541194,312.70540861473637
4804176,1698790,710.790555247885
4804177,346323,595.4910981125082
4804178,1864835,496.6329104641004
4804179,605153,855.1154487458649
4804180,153581,557.2326647256186
4804181,206466,763.1234467240419
4804182,1584630,307.0102137666746
4804183,1019085,855.5678595718557
4804184,43241,692.8252859814203
4804185,547817,734.9853333890445
4804186,1103921,482.9478340194732
4804187,216497,429.04517795168994
4804188,544782,421.575361307396
4804189,1564073,930.8355969242431
4804190,1240928,318.22085444565096
4804191,1339785,469.2947816289532
4804192,843059,131.65407409664854
4804193,1755194,455.0813313145321
4804194,386051,276.361290902393
4804195,993467,742.9446337259423
4804196,631822,364.0827837109993
4804197,1811959,459.6058945035727
4804198,1494938,508.6134496994169
4804199,1592942,46.31058146794065
4804200,619751,471.8637887193116
4804201,1273192,633.2825033207168
4804202,480988,808.6298087957011
4804203,1794726,667.7382547555133
4804204,566823,320.2408779644618
4804205,176151,580.7183217366043
4804206,1424994,420.10547364831194
4804207,868081,1.8091844087960718
4804208,150132,473.06514295361626
4804209,1467675,437.80449437018257
4804210,617910,594.8472162850735
4804211,407069,578.8975945551978
4804212,307999,144.24721542244757
4804213,584602,866.276148771853
4804214,1816508,222.79484209574363
4804215,412611,2.9580400268827134
4804216,665291,771.4836320385346
4804217,1292191,859.380508638176
4804218,1711804,347.58304482953105
4804219,953927,724.6935679231815
4804220,1568600,417.0102260089684
4804221,1066723,802.770832372487
4804222,1692920,596.5201609945076
4804223,106394,19.772110267486042
4804224,802646,465.84509631109574
4804225,1513535,223.1509939922447
4804226,508818,113.00992637121232
4804227,1943686,820.2546026362558
4804228,1667036,976.8591680920294
4804229,1115999,832.9546293022295
4804230,1111771,60.15307775879242
4804231,614864,135.57928993813695
4804232,1872308,367.0131581503324
4804233,897846,67.88032160966672
4804234,1070051,165.3390054526619
4804235,270538,533.4460202901215
4804236,1757412,558.2973508961376
4804237,669186,109.05661868293947
4804238,204491,732.7904205401568
4804239,635894,347.31106711522676
4804240,1057324,960.4734432708191
4804241,124989,528.1396514095198
4804242,946964,81.7609620701727
4804243,435635,357.2670031579178
4804244,848018,587.3744857422084
4804245,657259,124.92345879420608
4804246,1071142,239.47684508101963
4804247,660840,246.09341626886726
4804248,1006689,731.1790722232909
4804249,1548034,464.1312363896921
4804250,302432,844.6758549474856
4804251,1872211,573.0516909973502
4804252,1547789,845.4945443600617
4804253,876404,827.2681825753297
4804254,1871238,780.0816798544474
4804255,659696,808.7637363312778
4804256,1263536,545.0669417697184
4804257,213230,247.0374447426814
4804258,904520,389.52071686054126
4804259,1793311,746.4272074045031
4804260,1093151,347.41413124762744
4804261,1421060,620.3777523285362
4804262,31390,126.56049893735022
4804263,1486132,983.9304490370097
4804264,1352402,491.10096884101796
4804265,86843,803.7131243981332
4804266,45905,74.61160762297669
4804267,1600693,874.543334042711
4804268,303940,991.3993102868341
4804269,1155324,216.9463055922427
4804270,1716187,232.7673140117278
4804271,355275,268.53237149618894
4804272,1803523,611.9664396452886
4804273,1952928,778.5883084297842
4804274,1363000,81.65049828449689
4804275,1026816,15.22909257483085
4804276,883137,21.40671278947426
4804277,223907,385.9724174344541
4804278,1855213,837.738047791366
4804279,1255362,150.32978579102652
4804280,766389,165.98938367131112
4804281,1920250,256.85627698959047
4804282,1502659,337.08443793890365
4804283,1439385,991.9935969102971
4804284,1476904,721.4567996114971
4804285,1641248,898.1632606384113
4804286,1735812,685.2605607732035
4804287,1440652,732.028517170284
4804288,1427328,936.1049511578901
4804289,117687,772.710234645664
4804290,1977977,273.7168449313333
4804291,105007,867.3919150070355
4804292,222102,756.1906554728454
4804293,1967699,677.678491235955
4804294,793593,197.8472243264794
4804295,65992,963.5175629868282
4804296,1618290,861.0201075158233
4804297,359778,771.5756445175709
4804298,1449922,380.12006305737225
4804299,1657628,736.7163400628532
4804300,694895,140.83921069494997
4804301,1937859,164.78424018479097
4804302,354901,266.48255819276477
4804303,562037,132.33041635995534
4804304,421949,451.12643909961105
4804305,42485,972.7621878891194
4804306,646882,110.83301564370673
4804307,535261,204.42291518609522
4804308,1734046,620.8895026687793
4804309,1252608,283.87814149963344
4804310,729365,130.52818082662466
4804311,1560843,17.55609879738551
4804312,159736,731.3296823935809
4804313,882061,388.1204238441811
4804314,544915,665.2847834672668
4804315,764263,104.73738304669244
4804316,1582293,339.0486105320314
4804317,763837,867.6771662875274
4804318,1998806,893.6209479831203
4804319,1706262,401.48249258669324
4804320,840439,257.5809712597984
4804321,1872940,665.1118789643418
4804322,83240,743.3400587587697
4804323,643031,28.59983577225278
4804324,1421262,228.54230396039276
4804325,1643119,155.25922115095713
4804326,1409347,601.5890321311443
4804327,1139939,623.7184550235938
4804328,256549,465.08028918547353
4804329,795161,702.0304316172403
4804330,336327,762.9012219576524
4804331,1766181,964.5319709771682
4804332,1324748,289.24683231240755
4804333,742178,905.7475881652917
4804334,54668,587.5408800390212
4804335,1839630,888.65201051805
4804336,1535216,934.619645691602
4804337,391858,188.17180955588807
4804338,1613062,162.43648121142672
4804339,387439,573.7577298973126
4804340,586861,359.08461730493246
4804341,508346,561.1129420492229
4804342,1572363,388.97213404169906
4804343,1372053,537.6162506501765
4804344,1474915,274.470714229658
4804345,1079472,3.7234940165874475
4804346,118323,770.5070392053443
4804347,509091,12.82005172038303
4804348,1580044,204.2968149856621
4804349,1246998,174.91541473564988
4804350,1687669,515.7755600651354
4804351,1947202,353.2362298486964
4804352,2389,910.2718343510082
4804353,675406,411.7736430053236
4804354,53519,398.0260246675551
4804355,1381053,381.1432618572208
4804356,235997,190.74634172880346
4804357,788327,118.126539868465
4804358,1422290,884.6175705259154
4804359,305971,904.166123836816
4804360,1096401,827.8138850478146
4804361,749384,218.11911931616157
4804362,432529,500.2875505070807
4804363,644605,360.0650847090506
4804364,558525,579.8103401502035
4804365,1807828,768.891093684371
4804366,1695876,261.3050714471267
4804367,1366248,486.5689503299798
4804368,498334,801.8848937612711
4804369,1425701,331.36082470746
4804370,727785,430.6004567818783
4804371,301994,799.2773279284952
4804372,1949664,184.56273177253613
4804373,95734,854.5628955850422
4804374,463480,19.922487912364396
4804375,1816219,819.0724249649223
4804376,1655702,198.7330269431067
4804377,979771,667.1014945450686
4804378,477139,785.5552794042163
4804379,694680,188.57942218865765
4804380,857444,185.25164476248966
4804381,766698,35.60045606197826
4804382,1587401,503.67831853896615
4804383,101887,563.0688595526253
4804384,876562,635.8860695409396
4804385,1860454,901.5898261638213
4804386,1064041,907.1931193379504
4804387,1263288,706.7484798014199
4804388,1618614,219.8140034702708
4804389,1116206,729.7279477632668
4804390,139306,466.1996764687787
4804391,1783828,471.5862840817876
4804392,949365,370.18888956338003
4804393,331416,189.33376406528856
4804394,984552,598.4512170432006
4804395,825124,820.0265677244571
4804396,485774,964.2732245811242
4804397,452047,827.5314325105775
4804398,1397893,650.9627907970699
4804399,329629,456.6717783039745
4804400,1477725,845.7447259201501
4804401,257758,601.4769995533214
4804402,1057060,527.6304378369791
4804403,906855,485.5769406468592
4804404,1096222,556.7323913626577
4804405,1434007,841.7686452973053
4804406,937750,166.19540821298727
4804407,1097142,88.65270496118471
4804408,134243,791.0053509027639
4804409,1372320,700.3059926163452
4804410,1102703,376.5219849597747
4804411,348483,611.1397989042682
4804412,1495784,655.5204085208306
4804413,591277,780.487101296705
4804414,1267971,461.9998414228861
4804415,596403,996.6407565403765
4804416,274632,448.7569889620646
4804417,1872335,113.68015096602502
4804418,605238,390.92817467775495
4804419,1231987,442.5228073112053
4804420,89805,108.13579838672105
4804421,1812315,724.5730711622749
4804422,69055,351.2974223587626
4804423,568908,476.6691478409758
4804424,214563,280.68819749570406
4804425,1111292,264.25796863104114
4804426,889820,195.03520279249975
4804427,105909,486.8801022257305
4804428,862148,685.7778575765716
4804429,797840,352.5032511426217
4804430,1258572,418.39115194498623
4804431,90176,46.29713063360141
4804432,1610232,36.85759841458414
4804433,1668570,777.3211698821149
4804434,250947,595.3068385966201
4804435,595074,232.92974542135124
4804436,1665431,551.2858951013056
4804437,1837568,99.9043897569284
4804438,517428,772.408752940285
4804439,1235143,653.7824698714938
4804440,455552,487.6309736999013
4804441,1083690,573.0065689894323
4804442,1064592,876.917373728753
4804443,479106,479.6591970802502
4804444,340972,463.8711104949138
4804445,1577891,503.7474444321317
4804446,1343086,900.2340037392045
4804447,1990154,542.1339968220515
4804448,314090,122.54760381922092
4804449,1277386,488.44218067055914
4804450,868914,585.0149002397693
4804451,1082591,163.27577031762576
4804452,1120787,422.7582517834968
4804453,1457322,734.2937835224243
4804454,481752,85.30697848469282
4804455,1696134,650.0230846201785
4804456,9256,366.1503177166536
4804457,345935,720.4433593841268
4804458,1382653,531.7945971547697
4804459,2836,268.3783911161318
4804460,376671,222.6674205024195
4804461,366531,746.4091837130803
4804462,1569807,860.9663130597071
4804463,1983596,445.0285392509067
4804464,133090,990.7115788385529
4804465,1712709,906.7800139337005
4804466,890692,169.9494900067282
4804467,1025407,179.51889050272328
4804468,61468,334.9112836357572
4804469,1037083,273.03510113431406
4804470,774309,957.5958933408018
4804471,625184,734.3753226907264
4804472,1966955,179.67582946291682
4804473,573073,232.27731814082432
4804474,865123,546.2969018860866
4804475,1310684,164.19500185158188
4804476,1722196,80.54614313239561
4804477,816956,504.64331281578825
4804478,1506907,380.4321039645042
4804479,1859271,27.061007064279497
4804480,110760,385.0811279690792
4804481,1268077,892.8584296500277
4804482,711003,700.9853502077756
4804483,413436,56.9757283147867
4804484,64238,842.1472726824974
4804485,60755,199.25943989079042
4804486,997889,108.97602113082428
4804487,587405,721.79932969482
4804488,1415397,399.1242685493982
4804489,375106,848.901377786475
4804490,1165676,500.41188721858555
4804491,1345577,140.68820191334942
4804492,1847943,948.6417946535693
4804493,994809,743.4666196707639
4804494,1235532,609.0222728552587
4804495,1879281,100.80649340432845
4804496,1314549,266.8109042987236
4804497,1196482,583.3277911354616
4804498,639318,398.56717146206864
4804499,1029820,23.76439961677901
4804500,209144,471.2825984659309
4804501,147998,234.87768902332152
4804502,1585798,401.32207041331816
4804503,1902979,77.4989721926731
4804504,1932725,362.67958526047914
4804505,776596,856.2111886846164
4804506,1939038,449.8437414336146
4804507,1798803,905.156786999733
4804508,1171316,326.92438325754955
4804509,35381,584.7237755271448
4804510,1100916,766.6645335906463
4804511,861200,140.02327461347164
4804512,101703,230.75180663978512
4804513,1963202,726.3131413263671
4804514,1127765,78.80857209485414
4804515,1711585,613.9623528121676
4804516,600569,164.44582075435997
4804517,1037550,315.19551678972044
4804518,1154474,690.6866479489378
4804519,1540270,523.6330435615228
4804520,634431,810.3252761280802
4804521,1938748,751.0334936803207
4804522,453639,361.23386325090314
4804523,522165,22.42390134588812
4804524,13491,88.92647684691424
4804525,1406091,943.1401975324251
4804526,1544614,7.980374384983446
4804527,278406,476.6190704275564
4804528,1973928,478.5204611466768
4804529,837616,273.58245719522154
4804530,1518592,869.1944127715312
4804531,1368207,983.7618718548714
4804532,594059,387.84328710505014
4804533,791678,630.7137643399028
4804534,959840,445.2446379841253
4804535,1990014,614.7746193833732
4804536,1141569,436.5931953812169
4804537,1523566,662.6893806344146
4804538,1826144,747.1309680249526
4804539,883239,221.75401483506718
4804540,1635943,980.5829503233305
4804541,1938155,472.2967933093154
4804542,1394341,629.3140815772946
4804543,1102356,777.7979405531981
4804544,980905,282.6232209000675
4804545,1736775,304.53928259400686
4804546,980373,49.14988439292034
4804547,1890299,396.1095804586987
4804548,975394,629.9843871907203
4804549,512384,143.32000381295128
4804550,548756,162.9981188165621
4804551,671336,118.90739233458424
4804552,1239234,25.370274720673436
4804553,937253,245.7937229992927
4804554,1222345,176.83432716610946
4804555,1802122,327.62934415437417
4804556,1050112,451.1149555548094
4804557,811505,899.1709536810284
4804558,1258591,883.047837809184
4804559,753571,662.7007046559456
4804560,490798,251.83736282695278
4804561,483928,990.8461909508686
4804562,1468910,117.57806573296159
4804563,1531065,548.6002197148241
4804564,1221660,592.5000355293138
4804565,1693668,748.692021883395
4804566,1421273,937.7835663241028
4804567,1834915,538.1419601981571
4804568,1760235,764.0998534096728
4804569,1178468,386.14227383950083
4804570,306999,820.695875454145
4804571,215538,724.4288217035182
4804572,793651,312.7489938548793
4804573,1164439,961.9215608505666
4804574,1237824,153.64377717463185
4804575,1168826,820.3625943475863
4804576,1356969,625.1784290642806
4804577,1894522,861.5656680892533
4804578,694437,827.701792997345
4804579,1880895,701.5366099107367
4804580,1133126,441.8834664711453
4804581,1221806,712.3824035970997
4804582,951294,257.253290234412
4804583,1531145,15.907874305478021
4804584,1345120,259.1878032102991
4804585,573750,747.0724012488351
4804586,606617,827.8926123471781
4804587,1996914,192.1414138743892
4804588,1477874,114.25816662945732
4804589,1016285,318.8916510407919
4804590,1518494,732.9898631253249
4804591,1197496,310.6419817043664
4804592,150280,561.4246641856148
4804593,1182612,181.05682777837205
4804594,1386726,547.8514635435447
4804595,944111,642.772325588161
4804596,1934865,945.5504339036497
4804597,1243257,750.1504653763011
4804598,1761308,640.3435502627775
4804599,300341,367.4095004296438
4804600,198500,414.39185152768744
4804601,1937923,80.75558013198713
4804602,1570105,485.6431714054975
4804603,1051922,926.1329684833207
4804604,1677016,188.68736039157886
4804605,1528563,827.9671405641153
4804606,1769771,636.1062256656443
4804607,1348660,608.735436622018
4804608,1456322,950.2321205778472
4804609,1442547,660.2339617607212
4804610,1373914,285.7521756248733
4804611,1347082,722.3854551379072
4804612,676705,251.0345824369419
4804613,1942852,145.57870993740661
4804614,29422,616.8624443678287
4804615,1407492,846.8682144289703
4804616,1837748,34.84847975917982
4804617,1689798,449.7677611919686
4804618,1718617,130.1887738319436
4804619,487111,703.7390964887165
4804620,1246382,157.85399742736496
4804621,315988,438.6597458211864
4804622,155985,531.211417367682
4804623,1330499,844.2189642653708
4804624,1907417,982.1910274685903
4804625,117699,654.1469900839081
4804626,383052,877.7027086481107
4804627,1290944,734.945272806482
4804628,706141,104.83943184307753
4804629,175985,917.4645607377972
4804630,690047,223.12507315595687
4804631,502919,921.3519747572208
4804632,1884497,851.9021286331498
4804633,938731,505.0212484337042
4804634,1597632,768.9502037662055
4804635,1356826,77.39383550395529
4804636,1481669,206.64678135262116
4804637,570701,25.330399877653953
4804638,661489,576.8754200330708
4804639,563931,720.2756195673674
4804640,1830022,907.170252391706
4804641,1577413,852.4222822179371
4804642,1696335,8.370555147917734
4804643,148810,249.07353273057987
4804644,639041,355.4985917845287
4804645,370341,603.8221594482104
4804646,1775645,672.064642800704
4804647,597941,673.9367613161048
4804648,1569721,609.5706749445662
4804649,54672,611.3965156969325
4804650,1474410,228.9328817831854
4804651,3118,282.3109968757376
4804652,488231,514.3218464257671
4804653,572234,290.65047437035975
4804654,1481664,8.529364324695866
4804655,532415,914.3133590495465
4804656,1113091,282.177309017572
4804657,1818762,71.09427109781686
4804658,33923,609.1535083470868
4804659,752397,374.4043493155247
4804660,1789770,155.4287255217274
4804661,774429,935.7883005026539
4804662,1615272,163.8753830421893
4804663,1776676,194.81202870146564
4804664,1064772,226.36416050647
4804665,544236,470.4791260343184
4804666,207298,264.2283874387751
4804667,1729021,315.84632572691396
4804668,1872095,810.7944780243773
4804669,1951310,591.5640672430841
4804670,468935,386.8135482362357
4804671,255957,572.4488485276371
4804672,446460,2.2015491878146776
4804673,1482514,160.23705848517523
4804674,1890947,520.9154441772653
4804675,779537,10.32812047800058
4804676,554195,765.5630289254865
4804677,275654,496.2016249893027
4804678,326651,673.4807829660226
4804679,1156853,697.5562533067978
4804680,1984697,327.55042768612077
4804681,415145,563.0585005226496
4804682,1382195,87.91281009388486
4804683,1568043,314.0013938663695
4804684,1487643,477.9483169614986
4804685,1956430,308.13068637810414
4804686,1501336,423.77526135206614
4804687,1446776,709.7628155428387
4804688,1272244,948.6232516818
4804689,1417286,288.47992965308356
4804690,215084,265.9004115181234
4804691,68815,493.3203022341607
4804692,1227172,29.130188659845402
4804693,21794,421.04198104698696
4804694,1978857,140.78179658185041
4804695,836907,233.85929122250482
4804696,1751161,267.7171628566146
4804697,379261,851.2491624499603
4804698,122953,428.9905071412582
4804699,1942939,522.1772041624191
4804700,553550,693.4301916828841
4804701,852857,537.3375565381878
4804702,442453,815.5939621441574
4804703,1709412,209.3783351928048
4804704,1095868,165.2998462917249
4804705,394192,123.36278307672688
4804706,91874,657.1641881430255
4804707,899012,818.9113896317609
4804708,815394,903.2234602292741
4804709,703346,370.25252201541593
4804710,329522,142.53614064077925
4804711,1727866,191.30274526458658
4804712,835409,153.23421536233272
4804713,998663,212.8022685676988
4804714,1334337,687.8047348170276
4804715,967829,379.3569706212467
4804716,1738323,942.8802185852022
4804717,106144,809.7881601960978
4804718,975853,596.0707944905721
4804719,1783818,782.8875887285787
4804720,1478986,47.55858223862297
4804721,651712,311.75765969349135
4804722,993844,924.7313793227678
4804723,1419232,335.6922399251246
4804724,258735,428.1948833205943
4804725,1068725,167.30601949309698
4804726,545158,155.3963234018515
4804727,337212,404.47397669742634
4804728,1192086,406.4574662835715
4804729,1491006,700.9141098839301
4804730,482162,322.3627295992965
4804731,511129,255.14056862867307
4804732,967197,433.6022799767034
4804733,1163900,622.5802924993524
4804734,1434142,645.6580578415256
4804735,808631,162.09038817860733
4804736,1005251,801.98941007355
4804737,1885962,992.1471379105174
4804738,1212068,622.8081463685453
4804739,1116821,782.8512273374549
4804740,1532500,163.56189864369742
4804741,665846,165.64556229514838
4804742,366227,866.5023496763587
4804743,1902215,616.6313934776044
4804744,1603712,457.57364891720164
4804745,217525,758.6181573843102
4804746,1621185,579.0386875969477
4804747,1976191,321.84595999435675
4804748,1893053,63.907622428937216
4804749,624028,303.71068516790166
4804750,181369,787.552865053307
4804751,171673,961.5475664735288
4804752,975277,882.2752511070407
4804753,1308111,227.95373062779134
4804754,1162644,281.8716917766373
4804755,769537,794.6885183987108
4804756,214427,200.0828145714415
4804757,112988,612.5922805306042
4804758,322266,60.5277582426732
4804759,488287,226.45473052578313
4804760,1590622,746.5105600835687
4804761,1810430,309.5989497398896
4804762,15055,853.701010493725
4804763,948467,604.8638594702105
4804764,899396,910.9142252509981
4804765,189907,705.2109042191953
4804766,691463,723.2385761064655
4804767,1525702,933.487439411265
4804768,574994,616.4374808550542
4804769,1970833,703.3730770239112
4804770,603575,490.1208028792642
4804771,1039446,953.2550475717084
4804772,1059604,243.66321464137974
4804773,1064706,849.3999219546672
4804774,1126480,916.7171271948837
4804775,1226372,241.57005929645757
4804776,1725638,246.78365359123643
4804777,1556208,833.5315088742292
4804778,1826578,805.699464639009
4804779,1555818,789.4587736773746
4804780,761488,994.8622984411332
4804781,958226,299.43981017674935
4804782,96290,438.9343162595344
4804783,1079349,252.44145454538048
4804784,1529691,447.01408605415907
4804785,1126413,918.4353371665345
4804786,768243,848.6117985646641
4804787,223252,685.4535984171163
4804788,348341,597.6780518218342
4804789,311235,827.6892857644934
4804790,1472257,699.2030150083978
4804791,1468981,24.763997821178442
4804792,709426,20.318776580961483
4804793,502661,510.5183973401032
4804794,326683,874.2764392763617
4804795,207177,463.7175872106005
4804796,1172922,821.2692758406444
4804797,1646928,748.9099889321594
4804798,587792,809.223103958201
4804799,1892373,205.8733468299634
4804800,421763,951.7177202501089
4804801,1915575,258.03876514504907
4804802,246170,986.816189093672
4804803,1344607,248.44561070892658
4804804,1101512,804.7878669359166
4804805,273470,822.9006566753377
4804806,436273,50.52880274719085
4804807,345824,411.3299863936163
4804808,1762025,430.9055939789524
4804809,430625,802.7089706478848
4804810,1665054,298.615976871942
4804811,1295189,766.7985454845382
4804812,1526382,5.207747241510519
4804813,1845740,730.4097614160156
4804814,1922237,790.7365645865003
4804815,271924,153.5412884566705
4804816,154679,595.3516388143004
4804817,251691,736.8001273196762
4804818,1122039,118.81986891832241
4804819,1595012,856.6102134421936
4804820,1156589,805.2175004681683
4804821,141913,617.7939494589072
4804822,1569083,780.5854001721781
4804823,96106,505.3313119762983
4804824,13758,325.67564810525573
4804825,991474,916.0460920924033
4804826,1577512,88.10477815347117
4804827,633030,66.11817066479642
4804828,1338052,408.9448122484329
4804829,1581580,100.693709647381
4804830,504072,394.1940493312597
4804831,78490,961.8592612182547
4804832,1556519,79.19247535632124
4804833,80947,373.9931811948324
4804834,383217,334.33227885349135
4804835,120162,663.2421671432498
4804836,174441,522.3289210846764
4804837,104264,597.3184349918537
4804838,1851532,674.2200916548019
4804839,381092,62.491556851528294
4804840,1241415,170.87411629767303
4804841,494612,162.21185017597162
4804842,7543,913.2666002820512
4804843,1760648,959.5571560241998
4804844,852040,208.12050355858935
4804845,1196036,715.683906672048
4804846,1715355,726.1361993651763
4804847,1962470,730.9861582530091
4804848,1464593,448.0233942944516
4804849,376414,16.242358235520115
4804850,766866,598.8094259515393
4804851,1378844,177.8801827885098
4804852,1893151,635.0291481677363
4804853,11393,909.6949453771113
4804854,352403,463.1878534982917
4804855,1712228,202.6335356730431
4804856,276144,27.365321035630828
4804857,583968,282.72095913740435
4804858,1560085,799.3469718826997
4804859,861369,437.2407786716863
4804860,1003127,313.7028702397908
4804861,1870072,638.8555058584342
4804862,901099,556.7603190115551
4804863,1997784,394.30559727485735
4804864,1369073,343.5499682330662
4804865,379717,707.2163758057718
4804866,474151,481.4211548469961
4804867,166737,927.1793616877512
4804868,169600,834.2589967468729
4804869,1998562,978.1983688287623
4804870,793897,141.95929598913426
4804871,1908545,187.1599416245616
4804872,173513,620.2819918509084
4804873,983732,118.72630092937442
4804874,916844,707.2405443277556
4804875,1067302,165.8929417672298
4804876,714260,438.91709319718706
4804877,1072188,393.5440849085566
4804878,306238,129.67563544111616
4804879,1260721,712.5601363241024
4804880,291646,208.44110405878013
4804881,514082,58.71418113405258
4804882,88666,16.753392487592777
4804883,432243,446.64611957698673
4804884,1951216,653.0119465046849
4804885,132283,606.0699995863991
4804886,983095,586.9547350378166
4804887,1172565,175.85164065587088
4804888,834817,717.7615058362247
4804889,1968810,43.54402006891711
4804890,1015268,930.6298440643586
4804891,1582443,26.524988933704808
4804892,243525,481.2646727049693
4804893,1854523,208.0838867456488
4804894,23151,300.77202282044635
4804895,680830,347.42361441368297
4804896,594730,874.5152776168376
4804897,1867211,338.64342430289963
4804898,881059,138.7548401844404
4804899,666865,919.5301989976639
4804900,1986459,248.69828505792424
4804901,1638326,450.35872388363407
4804902,933897,235.58710242434623
4804903,1485750,295.19354197849833
4804904,925144,842.0134421844741
4804905,882560,809.1673141624366
4804906,1342524,109.55760868201247
4804907,738569,177.1393547912755
4804908,245581,50.03009729198871
4804909,383530,255.8166309576978
4804910,612492,337.51157046584
4804911,1195956,112.6331497613946
4804912,713582,475.3556507111528
4804913,1929122,721.8178588991223
4804914,163082,776.4210795979296
4804915,1322654,215.52967528048495
4804916,1898812,650.8521518333063
4804917,618460,173.63334787437446
4804918,206328,665.2401796738799
4804919,1124343,337.9826554632753
4804920,256948,247.41988878207422
4804921,93090,189.84505279018893
4804922,426085,67.49976044269923
4804923,219203,354.5961200805874
4804924,1938348,602.9666619643144
4804925,50792,916.1171316858822
4804926,1759834,520.4390953434589
4804927,1350270,716.9940728754275
4804928,1179302,957.2806791363655
4804929,1391827,232.8888011097663
4804930,135553,979.7199484101582
4804931,246603,563.5252106989919
4804932,1263515,749.5346245139095
4804933,1698917,987.1804252793938
4804934,833025,381.19456310138435
4804935,978732,718.6589649255554
4804936,740952,68.60992452753634
4804937,52634,908.9177373437892
4804938,785574,274.8397553270382
4804939,1546093,543.3230556712838
4804940,1853848,52.289512720896326
4804941,960913,128.17323622063793
4804942,758892,262.21496984291605
4804943,1190513,534.5208512090805
4804944,899829,676.6169666274374
4804945,420783,211.2190208578989
4804946,419648,148.43870562471307
4804947,1068642,464.30207487540554
4804948,241883,452.2040603940196
4804949,898340,777.907289038372
4804950,1534298,993.9901250932099
4804951,522259,612.8038580047372
4804952,328105,754.2626576305241
4804953,1266232,336.3310147184415
4804954,472927,281.31831533689746
4804955,880126,667.1060107343106
4804956,1114129,531.7096782662694
4804957,1838666,116.61783533050507
4804958,761314,73.64801958809176
4804959,109405,570.7456547665511
4804960,376594,635.3113673461592
4804961,1123977,223.329118972312
4804962,1316126,708.6454849717386
4804963,57902,544.6741265652458
4804964,857864,120.7417680737446
4804965,473385,837.5182924909403
4804966,178761,869.6295051605757
4804967,957976,266.20607195665036
4804968,260744,877.511305338306
4804969,854338,422.21310004885595
4804970,1379491,45.21194973732856
4804971,1794976,748.1284548201439
4804972,71767,364.31210869278675
4804973,135701,646.9923445688678
4804974,1721115,831.702264263827
4804975,753333,414.29165974414485
4804976,780392,952.4267691234667
4804977,337082,892.7542121245198
4804978,1918054,322.2264423546295
4804979,1284310,895.7098633700391
4804980,1737472,123.25546882992333
4804981,1419290,57.20215748946544
4804982,1211542,263.6481746468744
4804983,652446,970.606954961967
4804984,1021559,71.22445496165864
4804985,982382,808.6456219855853
4804986,227300,405.90746009957815
4804987,508179,576.5474925267617
4804988,1693863,834.7672928648975
4804989,943091,455.3610763714829
4804990,1439033,601.2579109383029
4804991,1673482,467.01717855608325
4804992,214504,559.9782516930989
4804993,603271,582.6859819273086
4804994,1225107,871.2901538004229
4804995,960317,258.73177540614245
4804996,319682,109.59731754695834
4804997,1142351,785.5193170268302
4804998,846701,804.3296014927541
4804999,1771387,47.36784820802231
4805000,1890249,389.5479076132639
4805001,1987670,32.227071087571616
4805002,1535527,729.7214394842375
4805003,1141457,396.9726061697364
4805004,1061598,295.9546485900885
4805005,1207918,714.3149920229789
4805006,1161461,290.8269994433428
4805007,625875,283.4612896685127
4805008,1004894,50.52934287017163
4805009,1796003,405.7457030573637
4805010,621095,102.81473238946404
4805011,1268676,485.22972265436357
4805012,876024,761.7275861985526
4805013,1937882,422.36908159280273
4805014,1402409,342.31488632054663
4805015,1074718,753.1026763555786
4805016,1544727,484.0816325798297
4805017,378011,782.021065269941
4805018,392614,498.9731598522702
4805019,1006753,86.8570109848834
4805020,1043350,80.71353229713829
4805021,231179,58.24503264095726
4805022,544263,4.470604779279741
4805023,1038040,8.061380714482258
4805024,1243981,313.5176895731895
4805025,747502,784.1522697930508
4805026,1231573,121.38491148729113
4805027,1553410,302.6827425734693
4805028,1528741,716.9871448830573
4805029,1455927,504.64785834728553
4805030,1661530,532.3159894960206
4805031,966016,614.5391628060843
4805032,546152,939.8654678131485
4805033,777524,913.6930856313671
4805034,1524846,824.3797698703725
4805035,1278468,813.5287079465419
4805036,861672,623.0989257081904
4805037,51078,67.5868373316586
4805038,611513,524.1859205254539
4805039,869425,508.3026151537181
4805040,423356,539.4103675617406
4805041,966739,618.9541442632009
4805042,1767655,741.960571130546
4805043,1112835,792.0476056062672
4805044,1379281,815.7315826541924
4805045,191702,794.1021598966548
4805046,1230076,499.4155027455269
4805047,1265516,639.0815128759874
4805048,1950610,353.297812358747
4805049,1122276,560.2583133406972
4805050,1853036,48.40900479599319
4805051,1239643,562.8644564092098
4805052,880754,349.03381151405597
4805053,455182,493.42588159347423
4805054,1268776,462.8598251758228
4805055,1256292,865.7773242408789
4805056,1335725,110.33605967084436
4805057,1080126,60.169218122703036
4805058,1015747,525.9634867306513
4805059,80793,212.83385182803983
4805060,880657,797.4224948307001
4805061,1930829,912.1282764527457
4805062,409695,855.1681228074257
4805063,1799568,411.21405988653635
4805064,1236080,614.3196058149746
4805065,1719157,81.32829635426275
4805066,1408168,562.5460675399319
4805067,1605580,523.4511605211823
4805068,481295,14.439714982999119
4805069,712473,928.7341081962929
4805070,1281913,939.9701260177819
4805071,1148116,748.6469097028056
4805072,916255,685.2442668977345
4805073,1885697,686.6344190553781
4805074,1212862,578.9059348258401
4805075,1421291,869.0088403260718
4805076,734706,396.5541264002561
4805077,268229,196.07710484127006
4805078,666846,651.500723741936
4805079,985762,392.3374830442312
4805080,1897211,221.80082393032365
4805081,706711,196.57869657842218
4805082,130906,216.4873119116193
4805083,889114,19.113208865758622
4805084,353134,130.7217594954717
4805085,512741,652.3975832215285
4805086,66201,604.2635947886845
4805087,1916979,722.6198376597282
4805088,784687,223.66938884701491
4805089,1408550,268.7201167014137
4805090,505131,258.64357717067355
4805091,411855,57.560670425819694
4805092,175928,110.850195749974
4805093,221392,921.3673695730209
4805094,1083661,631.68333635078
4805095,1621168,857.4604466086599
4805096,1203538,987.3367717502331
4805097,1532067,960.4958008698037
4805098,1004478,339.3642025546746
4805099,1417791,879.7056932663343
4805100,734237,297.80319293991573
4805101,371491,682.6480240421591
4805102,1937208,312.78268382358067
4805103,336684,262.53280342000073
4805104,1802333,337.48087300173137
4805105,158697,429.4321894062769
4805106,1666163,396.04738008834437
4805107,1750165,35.53261724997825
4805108,1599914,133.31602303051116
4805109,1116304,790.6193537250043
4805110,331234,761.2998686626017
4805111,1595448,465.9839036975707
4805112,557559,334.11531323469865
4805113,321143,229.95761971389572
4805114,1270610,921.2426755631509
4805115,1645927,194.67408452208147
4805116,1839861,55.874011235017676
4805117,536937,639.4493272000366
4805118,254484,253.4112908753009
4805119,95396,960.5313791750565
4805120,291917,222.5549860049595
4805121,1159216,7.75087682776443
4805122,1556352,465.19637563111183
4805123,1156145,690.4821483716073
4805124,96392,693.0665393233966
4805125,1509762,885.4299905079909
4805126,142849,338.916154307802
4805127,1891530,368.5525444778449
4805128,807065,133.01620741660614
4805129,1304266,14.570426738157227
4805130,1366466,403.5031290490982
4805131,745888,689.1188832892196
4805132,1009955,352.28584786678095
4805133,1362896,605.5450692736722
4805134,1340901,441.0036738503785
4805135,1664763,836.4336374182498
4805136,489568,279.0207359593273
4805137,741231,180.60020479427442
4805138,805934,224.75518385606307
4805139,661141,142.21146511986427
4805140,1820688,728.2295933688604
4805141,783976,189.60815301251398
4805142,1841763,90.55146821765037
4805143,1613436,264.46940309975497
4805144,1423303,351.52772212950146
4805145,430000,792.8757820989412
4805146,281174,934.6495954156348
4805147,955513,62.655022697651994
4805148,604292,115.4565191006175
4805149,227925,688.058112695196
4805150,1791752,246.83724036550214
4805151,706927,168.17677253640028
4805152,830205,384.49747517008194
4805153,524288,641.9831692901552
4805154,1728882,611.4379851888973
4805155,1576761,745.0523327461805
4805156,659134,434.9771528127386
4805157,1259484,520.1293887248179
4805158,1462012,9.56273576553912
4805159,859351,464.4624667729227
4805160,1449591,595.3897765502512
4805161,453437,613.2632211889953
4805162,1983021,73.29309223265356
4805163,1479360,324.1395660919625
4805164,1723481,369.81445936835445
4805165,571791,716.9809679361539
4805166,1496005,924.2808974488838
4805167,623709,203.65912665430807
4805168,1116901,237.9421685441322
4805169,1418629,569.2731383140523
4805170,817336,966.6069795745735
4805171,964287,23.7136757470614
4805172,1091780,689.915877236553
4805173,1965965,713.7227524948075
4805174,1914001,444.4377781883713
4805175,1344592,292.59082871572275
4805176,940576,652.5185324560778
4805177,516929,390.2479088699461
4805178,1799288,124.50168917826609
4805179,1305105,447.7478330701326
4805180,1252992,758.7251655612323
4805181,1181891,706.1231356249409
4805182,146425,538.4929421811767
4805183,468727,150.30204077556397
4805184,770041,571.3828998904339
4805185,713185,168.36312581480183
4805186,884281,227.69416802583854
4805187,10695,655.1025849184595
4805188,1360786,774.2077916315476
4805189,1335727,802.2186781537121
4805190,686745,371.8172291579578
4805191,822516,497.84848185306583
4805192,1819228,66.16776370628885
4805193,372951,716.1965324539971
4805194,644743,252.26547368921237
4805195,573709,839.7575484158319
4805196,1483874,604.3564378879354
4805197,1880450,659.5140844978436
4805198,1852341,367.81902012363844
4805199,1728628,971.4358533668748
4805200,959377,333.1257881096026
4805201,1370534,97.15731348809187
4805202,151951,480.44252830500534
4805203,1259420,187.52352586717646
4805204,1493812,636.9125112676533
4805205,1959816,429.92986508491407
4805206,1522176,338.8676606837004
4805207,1557340,917.606343378836
4805208,1496303,229.5501286420668
4805209,488956,973.5634885862892
4805210,1099329,771.7883638454053
4805211,499291,78.96378891940536
4805212,1765070,910.0282253638087
4805213,620105,438.59606451397934
4805214,1515425,264.85286730694946
4805215,1804706,272.0785047707092
4805216,1619254,870.1802071838359
4805217,892064,672.6907229624109
4805218,218494,780.2999895188055
4805219,1629480,792.9807336478077
4805220,1694115,130.79851302804258
4805221,1173745,456.0031733898604
4805222,1226566,617.519403220395
4805223,1812564,909.124076733716
4805224,392488,786.0233025817603
4805225,1177269,488.44540448003846
4805226,773210,775.2492863622957
4805227,1958838,340.1988474151575
4805228,700191,581.1571865682171
4805229,426525,19.892795139410225
4805230,697718,282.03245132756814
4805231,242541,913.228856307485
4805232,1581147,526.5789659423472
4805233,100644,128.5056791471122
4805234,904141,772.335738672944
4805235,253490,26.380686584735912
4805236,685055,132.5522247318406
4805237,115974,410.64614389454476
4805238,1870299,603.0226790491124
4805239,1236516,576.8823005599993
4805240,1909303,958.9570198457186
4805241,622261,637.9468668553
4805242,812363,594.7936015483108
4805243,234548,921.9140920920086
4805244,863910,886.8675005624284
4805245,514401,676.0747042628839
4805246,1980989,510.5431923814998
4805247,393978,156.2587789373161
4805248,1677249,911.483032199679
4805249,1876830,368.27876488211587
4805250,110591,430.97546380524165
4805251,1792509,296.20405950605635
4805252,1686926,235.65104917314582
4805253,617393,469.3066911802053
4805254,1371798,642.4239763964312
4805255,218750,868.6171321443264
4805256,771549,387.78963640754796
4805257,247162,658.6080402685284
4805258,562794,21.615985681294525
4805259,1808630,564.764170089431
4805260,1326191,635.6541606667125
4805261,1927854,178.8071770133628
4805262,1623994,427.352146750868
4805263,1878092,626.0869080408248
4805264,933742,729.9608386466494
4805265,802664,111.82912386046817
4805266,262446,741.0313463253063
4805267,1739255,883.5324120205732
4805268,1818380,401.436908071011
4805269,577049,393.5310113444939
4805270,352350,330.8468235886569
4805271,1131634,76.30301703833908
4805272,294301,506.571308167155
4805273,695084,198.3544217647374
4805274,1018627,545.6102172243179
4805275,1724196,797.6702369682839
4805276,474627,592.1277459155311
4805277,97748,964.9135179239169
4805278,1718296,91.21841736050162
4805279,1559315,734.3565566106006
4805280,1826749,273.49038611385504
4805281,1722513,916.1495232263267
4805282,10176,492.0104986471202
4805283,1929728,102.06188323924637
4805284,1082768,558.0596191752654
4805285,1526739,566.6960324503235
4805286,1805909,36.36008467639928
4805287,191311,770.8393917042442
4805288,152000,903.8654937518095
4805289,48445,608.5254304374552
4805290,1363900,983.6083697546164
4805291,947995,705.3023711736406
4805292,1155435,974.3736093850473
4805293,256242,458.7329734095229
4805294,799053,333.81240358390573
4805295,4196,336.2052297413202
4805296,1409384,649.9092574235538
4805297,1738240,766.110048643411
4805298,269766,485.46154488725614
4805299,587985,203.79727466539467
4805300,1705568,329.27167108336363
4805301,1508349,201.42301380885675
4805302,195590,783.3332723763046
4805303,953646,745.5251526879157
4805304,1205655,759.4216051541376
4805305,691087,296.213370136973
4805306,165692,553.6421041401296
4805307,732247,104.24810336286883
4805308,1829356,292.37463201943916
4805309,37817,465.78401895233367
4805310,209782,57.56270621549386
4805311,1231597,556.9780201075187
4805312,1199891,407.4704077259408
4805313,1950665,915.4210775506671
4805314,1433712,491.1491141732327
4805315,243919,434.59570755449715
4805316,1977144,27.425626114605194
4805317,1479133,37.2973250919193
4805318,546741,328.2744286179323
4805319,1143915,205.9888898977008
4805320,1359913,92.0759597123254
4805321,317863,285.885920241714
4805322,1340896,980.6408142089072
4805323,928325,889.1927733870723
4805324,1390508,359.75958216452284
4805325,1345751,403.1784807853591
4805326,237842,76.03613897107276
4805327,625263,294.95968145925656
4805328,200892,818.3284058943161
4805329,1810585,265.9863072793327
4805330,283909,841.8139541273978
4805331,727907,976.6525538822787
4805332,1671001,623.696423728736
4805333,1904331,733.9017962780968
4805334,1470765,767.6580095137534
4805335,466941,416.804072938211
4805336,843860,45.17995847869671
4805337,1787299,567.6881178820831
4805338,1391340,916.4142665039627
4805339,1289619,887.1514498887523
4805340,1185842,523.6767214149189
4805341,403231,346.03983108421113
4805342,480150,940.4001491357236
4805343,1430431,544.8681999406318
4805344,962085,632.0842265381342
4805345,120655,912.3825189271023
4805346,2383,239.80527761149884
4805347,442865,635.4952711999239
4805348,1143325,689.451832099577
4805349,1696962,346.34426128899634
4805350,1617027,729.1347116718588
4805351,1546270,944.8920349502798
4805352,1177069,932.171460792182
4805353,1883463,843.4998614263545
4805354,1310706,342.18822423203954
4805355,1389293,557.4233568110391
4805356,532395,989.7567634831141
4805357,1799813,615.6834900105189
4805358,1824936,750.380602658053
4805359,913162,741.3069712778024
4805360,1306036,544.2474161035459
4805361,990042,33.080461099540436
4805362,31993,948.0843018345013
4805363,467873,142.91513569755654
4805364,1646164,12.58078983357047
4805365,1943234,736.0630418608589
4805366,1453732,989.3918131864032
4805367,586335,277.71080628646007
4805368,1241516,451.4912356316764
4805369,486304,818.9639899903741
4805370,1321240,841.07379464971
4805371,1573474,293.1734912168389
4805372,873742,506.827366235301
4805373,537150,795.9137922981329
4805374,1734861,309.32317777887073
4805375,577901,564.4087775417519
4805376,682464,838.4962318508814
4805377,1001180,118.09544042877529
4805378,507237,461.75925225034786
4805379,1653928,198.27927117122533
4805380,206797,844.5210530059272
4805381,706315,328.2346112284967
4805382,1303349,717.1161489194021
4805383,1263782,809.807891099723
4805384,1961405,171.52964834543127
4805385,1632270,201.92967033241428
4805386,1590446,800.3557970908117
4805387,1709311,501.8903788493847
4805388,1796280,752.1245972487172
4805389,1800974,705.2811987158523
4805390,1511910,720.9364412653368
4805391,1100083,32.2973216396909
4805392,1170084,283.9868545020696
4805393,906751,433.3464097615632
4805394,658031,103.4477172833761
4805395,1459108,820.874140928901
4805396,368907,667.7439908614377
4805397,1385246,224.9912954974913
4805398,1277288,192.4676935386701
4805399,256257,156.5824600049125
4805400,1418348,43.325260079625004
4805401,303097,749.079716595731
4805402,1883784,699.626881653458
4805403,1872118,568.3858686567152
4805404,951270,751.9638360881031
4805405,520692,161.5242792402598
4805406,88442,395.8259213847156
4805407,1863600,540.3478769179553
4805408,393935,796.4002694979615
4805409,1869949,522.0738458769932
4805410,1114760,828.3243863257494
4805411,92679,950.0427992285847
4805412,1709344,720.7037081251533
4805413,715334,477.3817382059361
4805414,1232653,41.42582697057706
4805415,1725623,648.382973109035
4805416,34414,226.4723031804904
4805417,1457275,969.4981637236461
4805418,1935060,792.8210459727134
4805419,1530042,515.9790100428365
4805420,1397706,763.6883354800555
4805421,1733099,190.37991155809507
4805422,1626591,273.612968713952
4805423,637888,951.5975211293975
4805424,1302003,649.0713716524973
4805425,1897333,323.64733824725846
4805426,1475524,73.11035960681944
4805427,881717,592.7007332232171
4805428,1819940,254.95474293170471
4805429,1196074,848.0007883341952
4805430,1880664,547.6597207593942
4805431,117610,703.6971006131055
4805432,784937,46.65148232331751
4805433,524427,690.4985845412493
4805434,545736,503.38460322522826
4805435,304017,831.7633791489403
4805436,314135,15.70254435414653
4805437,1839957,913.1781926520721
4805438,1965629,238.39432627625177
4805439,127732,293.8495099494015
4805440,1795547,249.4218701210983
4805441,103853,392.5169485933132
4805442,1752127,853.6274291720139
4805443,345815,146.90160549953944
4805444,1860713,88.071844610906
4805445,272905,672.8172562251411
4805446,1531230,37.655156622435456
4805447,463407,637.4333330141683
4805448,1386487,99.94284342141336
4805449,1156900,520.9334395701385
4805450,1525079,762.6327387923308
4805451,338593,522.9720147443345
4805452,1786750,204.42206493653526
4805453,563780,50.15209278357568
4805454,841317,352.92764221607996
4805455,1926170,527.8469706760202
4805456,143906,189.69692814356887
4805457,1834294,248.95402728344897
4805458,1412049,332.50781426513845
4805459,1507851,680.4899373794686
4805460,1495149,6.100475689075124
4805461,269227,484.7189107949962
4805462,214437,179.38060949511802
4805463,1919080,256.1105531775186
4805464,1290272,869.0451604850825
4805465,64015,213.3882599399054
4805466,1449465,981.027784933621
4805467,25358,256.7399861592625
4805468,529903,739.059131648826
4805469,1474903,934.0338454872307
4805470,588557,827.8061435900788
4805471,573991,821.778803331666
4805472,27403,418.9502407944202
4805473,1074041,339.74457609629394
4805474,89511,372.44350407803273
4805475,21825,956.9221903437481
4805476,1026012,603.5847434288339
4805477,349799,962.5014272552551
4805478,743078,279.8297650753688
4805479,1273673,914.260920478064
4805480,906098,444.74056515280233
4805481,756181,443.1354363743586
4805482,1030214,865.8701990273327
4805483,372215,599.4190340196603
4805484,205658,665.2857597501531
4805485,346779,872.9088268906736
4805486,965247,70.10684181964267
4805487,982661,663.5537836582455
4805488,1715341,740.2938000310361
4805489,82698,647.6836370469958
4805490,376335,880.9443018418415
4805491,1392567,792.8240597394602
4805492,1962491,738.2009588292865
4805493,1288534,282.94534727649403
4805494,260863,883.4318341131479
4805495,657432,778.076451954928
4805496,1851805,426.33065433681327
4805497,1296414,367.9927175504682
4805498,1523873,734.8459421874172
4805499,1209887,527.8868061051888
4805500,1635182,357.51892362986626
4805501,1433502,672.6558946313227
4805502,1586804,793.2278126037799
4805503,490385,348.1794703567117
4805504,3572,940.9584004149232
4805505,1777668,909.5774459841537
4805506,734788,547.5923263634386
4805507,1572744,415.96505365871974
4805508,1377201,149.87378375253158
4805509,1420302,174.47387782192857
4805510,1242264,334.9354772456078
4805511,1458942,248.34281490296394
4805512,1535817,942.1259511255724
4805513,617339,390.14597985806887
4805514,486030,59.8640356060437
4805515,494648,503.3936520954263
4805516,1539850,593.0946079997497
4805517,1329649,836.334933640843
4805518,1227324,146.91939884256834
4805519,1750179,116.94220187207205
4805520,1860628,846.4845255575468
4805521,1834643,980.577221592823
4805522,595110,229.65884931900604
4805523,623282,750.2878409523537
4805524,1296038,211.39626819940182
4805525,481844,413.8664170588843
4805526,523990,705.837734799478
4805527,111251,208.45040998992837
4805528,939801,260.35292996345305
4805529,1348281,198.4647829623546
4805530,1036986,939.2781471095473
4805531,261838,283.33249835252985
4805532,962843,507.7911589407781
4805533,309513,848.7837211692997
4805534,603103,67.24775005903982
4805535,909804,127.34531078623101
4805536,1680728,31.366243873607978
4805537,1638214,856.3049388960833
4805538,1221593,890.3960970039327
4805539,653930,722.7080370346506
4805540,1386807,556.6321336349434
4805541,1188266,808.2573165214537
4805542,571911,310.300090941495
4805543,1554645,813.638219151552
4805544,1556141,214.91665762095303
4805545,1352596,764.8036307934315
4805546,1339507,957.5718440068896
4805547,724712,591.93438597887
4805548,178296,342.972869351943
4805549,717701,329.4248350533584
4805550,1250538,822.5274966739922
4805551,47849,401.41861439999394
4805552,1371617,567.0981034794439
4805553,1713745,558.2403168816043
4805554,905087,74.63540419269754
4805555,1649443,824.0348605988057
4805556,1591494,808.7449697920053
4805557,851505,794.9899240862064
4805558,674185,808.8416450313579
4805559,631700,480.7869565652022
4805560,431674,221.73620269456472
4805561,1938516,207.7250577915457
4805562,801128,254.9022578675544
4805563,90223,925.3396377264379
4805564,684262,489.2750138009824
4805565,1417525,294.53375004838654
4805566,788470,779.3421761277491
4805567,336126,727.5735228485476
4805568,481920,839.6725369177866
4805569,1583621,712.4817563413028
4805570,1404040,693.2596022979282
4805571,1084493,221.04146980563854
4805572,954630,656.2052951254043
4805573,700918,414.05682768657994
4805574,321522,295.2430903336006
4805575,1180221,622.2360497459837
4805576,265948,270.5651396229123
4805577,874522,668.7965570879447
4805578,1069901,210.54360474928367
4805579,1814545,996.2347277215464
4805580,1031126,787.3096019710388
4805581,1961706,815.1020139557379
4805582,1563650,688.0476059660668
4805583,488133,803.201143202192
4805584,445308,830.4219979332725
4805585,501648,880.0935987451321
4805586,659261,193.01472896999616
4805587,1907474,74.69768894426676
4805588,716397,886.1307098240367
4805589,594159,919.2215095863206
4805590,829532,280.70248027042476
4805591,1020540,579.5349887940456
4805592,1190016,818.2846072363526
4805593,881172,515.9206336544493
4805594,1112415,613.7817425883152
4805595,1349204,499.9129794647016
4805596,1886113,905.9382778973854
4805597,521056,496.7155085902737
4805598,1582066,363.4542634549679
4805599,658877,855.7945555670121
4805600,419994,113.4534561745436
4805601,1204548,79.36781041672091
4805602,1539769,254.20822872040384
4805603,393897,566.5930065583391
4805604,584909,774.2724805015861
4805605,130583,629.5080283760777
4805606,118111,456.0182636653869
4805607,1499013,277.3973756996836
4805608,1788412,638.2123352552017
4805609,456446,32.32703355894895
4805610,187703,909.2944259916521
4805611,1517173,690.1268773268507
4805612,61779,719.6559180021098
4805613,1928164,562.5551407918545
4805614,638637,756.2590780276698
4805615,1644457,549.9500037453541
4805616,303591,35.27811480756926
4805617,911639,963.6008258685129
4805618,984351,330.66556735085305
4805619,1026122,488.24448822222035
4805620,735974,845.4832052229459
4805621,175652,392.59216261139863
4805622,1347063,805.2751649741452
4805623,1036853,44.42359714307109
4805624,1691877,661.8601597004052
4805625,1184575,653.879187850327
4805626,418288,83.60392042337406
4805627,720952,879.3990161720441
4805628,1524753,21.270415138724296
4805629,1254456,105.48203825405456
4805630,398277,115.13630287811982
4805631,582011,229.20064006154806
4805632,577641,523.5105649481885
4805633,55754,494.1236290665849
4805634,1063654,782.7539537321534
4805635,978782,742.1536310340144
4805636,1176749,344.32450162398953
4805637,397299,61.6101411938419
4805638,761378,733.3754255760718
4805639,776467,664.694998755601
4805640,813200,13.382120778784646
4805641,1748953,819.2271169923725
4805642,567992,81.80779977336405
4805643,1599814,189.07704288363436
4805644,1166343,44.712794251072665
4805645,1540117,330.19678675310104
4805646,102546,25.13049386976196
4805647,886688,658.0529179943727
4805648,1210467,6.707609451917951
4805649,785980,513.6556680119921
4805650,1622302,626.412090428814
4805651,197523,699.9787523355986
4805652,27186,493.75809716209295
4805653,168210,982.3118900953397
4805654,624775,772.8888951800776
4805655,553631,102.41444084462658
4805656,1101067,808.060695520827
4805657,812529,729.1594173577294
4805658,1032368,486.4298333766357
4805659,1100001,257.405565507285
4805660,43009,357.73019405472473
4805661,228498,665.5864796817581
4805662,1585305,845.2388114733251
4805663,1035118,834.5765984436383
4805664,47753,184.0500321220062
4805665,1869956,475.78042056342787
4805666,1050421,828.0785486976455
4805667,1730351,583.1728196370619
4805668,1679256,40.732119259775715
4805669,1405385,641.3083546158595
4805670,1434578,995.2404592990266
4805671,787185,336.932366514152
4805672,1811968,662.664168429717
4805673,746381,77.49010786437826
4805674,1992946,791.6816879272212
4805675,188283,212.0485424351235
4805676,152125,595.9085900730662
4805677,354842,102.66229488383915
4805678,1051333,599.3696913538874
4805679,190697,686.7678136358602
4805680,1748034,945.2342128629076
4805681,307935,299.12867534113565
4805682,1681759,701.2913268718132
4805683,199795,221.45784528729772
4805684,113484,191.2050344268289
4805685,332261,419.71106527964054
4805686,696423,126.64335764533786
4805687,1934834,27.403995025529593
4805688,1201068,441.06923248726224
4805689,733095,628.8573230605034
4805690,1916659,529.9913795228572
4805691,1847842,121.86029285672618
4805692,1222036,276.67125181173867
4805693,1126401,991.6981388520358
4805694,730364,863.5240147257053
4805695,204498,760.3603519079566
4805696,73661,754.9445663378494
4805697,1545138,322.16157145899894
4805698,375518,505.160155324902
4805699,1508109,996.9527547923923
4805700,1186950,67.66452141202572
4805701,1893823,216.07894316297106
4805702,1905815,878.08059920117
4805703,1037721,980.4269091264573
4805704,60125,875.3661385495399
4805705,139589,276.6587406803951
4805706,1266453,56.417474818500125
4805707,812973,172.74458682129023
4805708,1028353,493.25611554168813
4805709,833300,390.25323287124115
4805710,1600758,505.92061194695793
4805711,169371,972.5291063952793
4805712,1719726,695.9818359373742
4805713,1661347,826.461930684972
4805714,1882722,805.6555493001879
4805715,54521,13.709986151215436
4805716,1077837,790.2497255455798
4805717,1361173,30.65376669477493
4805718,921881,930.9190965357474
4805719,1834141,103.81448694882268
4805720,863676,323.93119585131035
4805721,1922805,964.3882182343451
4805722,327678,689.5926533720341
4805723,1903,102.56544075944585
4805724,1211973,389.8023464437672
4805725,1506401,478.6938533055505
4805726,458769,518.0487156739703
4805727,1561624,500.79628193277404
4805728,357663,407.8108297169134
4805729,1049775,794.7738856083831
4805730,1358537,701.3098689921644
4805731,392228,412.28229174724265
4805732,505370,640.9269011653901
4805733,1728531,991.2267247327957
4805734,1626163,688.3821137130067
4805735,750629,912.5641315038426
4805736,453466,631.454472535469
4805737,993699,226.74211344145135
4805738,1004434,875.8309164467943
4805739,1158715,205.29990491540207
4805740,1281152,957.2162820524145
4805741,733222,78.66048540986681
4805742,657588,815.5303619854317
4805743,1838907,738.579424265174
4805744,1350607,991.8593714752319
4805745,1172104,396.4737420856579
4805746,55872,143.7097559253543
4805747,1035222,616.1819578396171
4805748,878235,865.6539209565461
4805749,620070,625.9295445406851
4805750,3905,62.151055772522554
4805751,1578222,862.0664443948081
4805752,1590104,804.5090366685765
4805753,1307165,508.28817038976393
4805754,1183847,308.8365954808834
4805755,309416,39.469380516235276
4805756,1112486,990.1919486634274
4805757,1528655,148.99011802406437
4805758,1414379,561.7464551957207
4805759,1667305,791.0477427248528
4805760,1418464,282.4291163896131
4805761,587337,598.6231619072397
4805762,1651986,354.4325720723521
4805763,1542281,775.864679021774
4805764,1751555,761.4953358468556
4805765,264417,563.415708440372
4805766,1594425,479.49264806993597
4805767,1135796,359.34365779616917
4805768,686840,433.8067987242786
4805769,1755759,572.8837731020711
4805770,130613,822.4417758146491
4805771,126720,909.928738317719
4805772,1951303,691.828453248918
4805773,198289,993.72607420041
4805774,1487508,735.2143507385
4805775,926862,235.93734511753206
4805776,1074889,605.161819299393
4805777,687407,797.9755591003234
4805778,1950398,693.4302677244693
4805779,100957,0.7036216628379943
4805780,888099,466.7651205646366
4805781,1543536,971.0014001119283
4805782,1572673,519.7437984584474
4805783,1708802,932.3932902722582
4805784,24756,264.6699820127018
4805785,986,137.1314590261843
4805786,1472768,754.2903388653131
4805787,430080,274.72684204031
4805788,1615731,218.15228904022942
4805789,926547,899.3363969021578
4805790,437401,912.3572268177492
4805791,1241871,535.8376922671891
4805792,1816790,993.2981252382207
4805793,1859601,535.9769715256964
4805794,682442,457.11732645863077
4805795,1488697,829.977084456419
4805796,782560,939.7961429194658
4805797,899828,409.6128344010399
4805798,714605,211.5113260786665
4805799,1114881,100.40961275766792
4805800,1868640,825.9987572743883
4805801,61273,955.8329157629088
4805802,1070234,41.00805439210697
4805803,1374400,454.3120449436505
4805804,889377,366.7853836926638
4805805,1552621,805.2056439091144
4805806,225355,887.1888608050078
4805807,1124832,236.7352519781497
4805808,862572,809.3420793220541
4805809,135262,778.9026443162777
4805810,1653211,955.636684367112
4805811,1430116,31.947305298561268
4805812,1987738,46.68166796613404
4805813,664153,731.0354102326935
4805814,1915797,425.32350668931616
4805815,601829,7.021284682801721
4805816,1056482,369.8432451162267
4805817,1050292,714.5852123449955
4805818,1132777,402.06041295092075
4805819,468922,14.845093013265975
4805820,931738,470.5331303255815
4805821,967688,653.3874670198029
4805822,1193417,473.66194430597284
4805823,1346146,76.21311453572943
4805824,1987921,104.7971661779773
4805825,1622097,866.5057399450792
4805826,1532970,846.1032309199975
4805827,353308,127.81054591962582
4805828,1789075,651.7599548103193
4805829,1948517,48.067435174328985
4805830,537812,23.322432067828245
4805831,102010,249.94774192170567
4805832,1279245,439.369098387537
4805833,860399,374.94720535625015
4805834,486586,805.7260780160809
4805835,487880,880.0047257832566
4805836,19137,676.3899752937222
4805837,1728671,878.5473216814853
4805838,1362332,1.271721442974938
4805839,619843,728.1044586886925
4805840,890348,928.9542504318564
4805841,1972737,521.0323443063805
4805842,876252,524.60389311096
4805843,643270,854.9003591343468
4805844,1859281,996.9899202459598
4805845,1005862,601.5044959517883
4805846,995454,763.7318347538063
4805847,852409,98.80942908837642
4805848,1543894,407.7306486084972
4805849,808105,935.5371574022869
4805850,746205,548.4292579166574
4805851,1747399,553.9579229558169
4805852,16115,141.43877902434798
4805853,1983108,600.8981877094626
4805854,1324734,591.9497023555986
4805855,1651429,720.3831893940629
4805856,174386,116.36867903235293
4805857,266343,237.75191485016245
4805858,1116616,889.1169047173167
4805859,921971,28.172893275052235
4805860,1349302,333.2016868142701
4805861,1235817,263.14729878984554
4805862,361379,753.4806689492381
4805863,1419141,264.1077076989756
4805864,1849318,615.762743402572
4805865,1390983,55.44643791181048
4805866,1063616,551.7513295952817
4805867,1367675,201.2748436543128
4805868,1479564,170.5670133447763
4805869,1138548,816.4019056775403
4805870,1878145,723.6196480008907
4805871,1267019,427.7445611039875
4805872,678717,511.6546271665536
4805873,1921576,786.5478205771531
4805874,1126390,507.8224900539697
4805875,679795,586.736228217407
4805876,517505,310.32817912986843
4805877,1675780,17.512469776895244
4805878,1564130,614.6989004254393
4805879,1966711,616.2688710668003
4805880,1436933,273.3932892615231
4805881,1200771,998.0755947847362
4805882,680347,388.76551993731533
4805883,379013,923.6145199111025
4805884,1493574,940.1284128602114
4805885,659591,401.4909416834962
4805886,1715314,678.0828643916703
4805887,1506535,288.2320489685916
4805888,409434,626.945798597126
4805889,1035783,251.5712551348711
4805890,383565,600.5172422254308
4805891,648788,512.5904534261758
4805892,404896,729.9089897073275
4805893,1202947,485.50778665316653
4805894,1974582,929.008279626648
4805895,784138,20.744487080122553
4805896,1635503,245.60304428505685
4805897,636334,694.8715914330468
4805898,738214,348.6574592232694
4805899,1028193,523.8988910820862
4805900,1576142,966.3011437056525
4805901,1178439,624.3795761815499
4805902,1780011,934.9194184819044
4805903,875158,741.5482836652818
4805904,1882732,694.1016698481252
4805905,362148,26.876975917551782
4805906,340275,317.23823986742474
4805907,1685109,948.802953241291
4805908,1749299,9.012387955375956
4805909,98702,802.2267615560199
4805910,1404075,889.687022703428
4805911,583065,932.9038174443701
4805912,761694,502.9767595285217
4805913,708775,446.87147493929825
4805914,1369032,17.48619125175688
4805915,144504,945.123117367373
4805916,1441230,291.0195809472117
4805917,52446,44.449228335456056
4805918,769653,861.8776476491948
4805919,1635594,383.99887228474216
4805920,1998178,404.25301784139566
4805921,707024,906.4264492264086
4805922,205627,717.7173372530954
4805923,1884179,94.01673572030656
4805924,252525,851.2159483992175
4805925,416068,734.2009165565684
4805926,349390,774.934671825576
4805927,550093,730.7948831146783
4805928,1708966,276.2911476417196
4805929,72901,997.040292782853
4805930,1025582,287.5569996194721
4805931,1951335,344.8204513849482
4805932,1263110,326.0023069250988
4805933,343795,581.263809858594
4805934,1635980,797.8722118879538
4805935,1325934,56.03255452379885
4805936,140864,839.8399927473242
4805937,1594618,248.91242797765833
4805938,965985,848.4768427581186
4805939,1434817,227.29377661280293
4805940,1041781,403.2768068494629
4805941,537196,39.94840493166563
4805942,565055,811.3703958866342
4805943,355075,718.2136825812686
4805944,463967,66.81614792489898
4805945,676282,997.153929449228
4805946,1651810,847.1819083663117
4805947,158717,29.468750993414062
4805948,1011034,320.32887318414083
4805949,1756590,628.9572526374264
4805950,1496425,786.3631039725074
4805951,72747,993.8003099833276
4805952,1407097,44.506509388792196
4805953,531509,793.2899647944544
4805954,88137,549.3596660345872
4805955,1591113,686.8089197556391
4805956,1719762,603.8118808207971
4805957,1035858,621.044953222653
4805958,43997,874.0895513976345
4805959,676269,181.87765254126109
4805960,1743442,992.8390739576587
4805961,1030582,242.11726930403944
4805962,1509616,577.7252576775633
4805963,1733149,350.6823886081454
4805964,187013,934.6438534088738
4805965,1260068,619.1909739638216
4805966,1970531,674.5802806172128
4805967,319710,336.38568174503513
4805968,1600498,84.47557809742523
4805969,1286883,224.91280968705664
4805970,190642,141.20317104731285
4805971,313433,50.88622753741801
4805972,1738463,356.1968764384346
4805973,405573,73.35020683741689
4805974,937192,701.4019327610881
4805975,628814,389.7191020086199
4805976,1520914,958.7333719654821
4805977,262645,259.10358092591304
4805978,1265296,789.2368992796985
4805979,125677,303.094623300293
4805980,306714,704.1629386329514
4805981,663129,235.65487135328013
4805982,422940,968.8014963671695
4805983,1505236,29.662736627758868
4805984,1719105,241.55524353383063
4805985,1171863,899.4489435416975
4805986,1478132,703.0001721272748
4805987,726478,329.23630440046094
4805988,1741754,401.072330297823
4805989,940199,198.31964388710543
4805990,1128344,583.4981253828173
4805991,1407694,703.3374925650907
4805992,645431,905.9186615818257
4805993,740158,959.0895118767197
4805994,1168601,395.0986331461909
4805995,790560,555.5287131875757
4805996,1915775,358.87922716667777
4805997,1595842,653.1200462775106
4805998,245323,282.9584026334291
4805999,472416,140.9183538722877
4806000,1581403,299.8201438912164
4806001,1401108,107.59427875293603
4806002,1095881,195.39926611685533
4806003,1119041,388.1664431173797
4806004,494161,591.5184140688015
4806005,1430173,561.1645775520531
4806006,732393,789.3356040420996
4806007,1805153,546.9510016035841
4806008,1014922,488.6777872630763
4806009,509932,171.9590636759557
4806010,771146,939.123206285379
4806011,1113392,397.4618622494317
4806012,1346917,637.203047293159
4806013,441299,159.3870619317299
4806014,664652,833.8706576215036
4806015,1331343,673.0531799296931
4806016,1570588,229.2125828256123
4806017,126292,704.934104278627
4806018,577909,527.4224822987665
4806019,437478,201.8723812773424
4806020,1956137,457.11742318954475
4806021,703865,657.4733035818133
4806022,1830449,72.7382836885665
4806023,1737020,46.248102069539556
4806024,267429,394.3381506528765
4806025,870461,142.3165787439411
4806026,1022692,275.3674491599076
4806027,725257,733.1032697627935
4806028,13921,833.3339085626327
4806029,299608,843.5359210632105
4806030,1774226,164.3189043725356
4806031,666503,736.7480464559411
4806032,1469730,679.0853285276087
4806033,849205,826.9189347121529
4806034,1712302,258.0043323844522
4806035,1945132,439.98106932809225
4806036,366093,404.8836164739854
4806037,1407096,345.58579092120453
4806038,993582,540.8237040822561
4806039,1176486,610.2814565309417
4806040,1842302,766.1311936916513
4806041,316888,364.4213063046697
4806042,320110,959.663323591387
4806043,532412,54.64811218300647
4806044,1108658,459.5672223696274
4806045,882675,696.0972632901279
4806046,1811858,114.06863555978741
4806047,657111,588.3670413962282
4806048,1351895,892.9828915175029
4806049,1742323,282.64166917555656
4806050,591669,412.77688857000436
4806051,292723,812.7547628015424
4806052,1877768,981.0801836614885
4806053,650208,302.5084224704617
4806054,73507,664.4812348012096
4806055,1784248,841.7221681295119
4806056,115992,407.257323960774
4806057,1851178,848.4016508248592
4806058,1846421,686.7812422341739
4806059,738570,420.9674161281928
4806060,645456,655.2395678280841
4806061,72409,175.58470871739817
4806062,1371833,852.0827781524013
4806063,1976050,101.23460702192611
4806064,129091,208.57340471648112
4806065,397089,823.4436734456626
4806066,585417,316.2933630540823
4806067,1776473,637.2760528731167
4806068,118164,804.4963780330612
4806069,244490,635.1284146815788
4806070,378369,869.3010253383379
4806071,531993,375.9198133902716
4806072,1394120,595.6694068932349
4806073,255985,239.43111054807997
4806074,28128,653.2909373545009
4806075,1356095,286.14262819702674
4806076,469918,153.73961785344525
4806077,610391,610.3086522935217
4806078,577765,206.07136211201504
4806079,1550694,118.79850904233913
4806080,1071945,717.5640244146161
4806081,571097,143.34849039369846
4806082,57979,501.4807460228762
4806083,318902,198.0944920257769
4806084,1300536,470.3248815253896
4806085,18926,440.69623980106843
4806086,656840,966.7326887411186
4806087,822908,493.1784388433671
4806088,1223845,102.49834616081887
4806089,1626560,945.2301398719032
4806090,871266,623.9477875987386
4806091,1105420,769.3974963552133
4806092,1101537,111.75739171023935
4806093,825181,289.106462833517
4806094,1441079,548.8671875255293
4806095,924406,704.6665577155197
4806096,1023797,701.2328292392491
4806097,675388,614.6994819541605
4806098,1357777,579.1710933927077
4806099,1790131,591.1513684762132
4806100,992919,959.4737584612557
4806101,1495913,875.7329242271219
4806102,294521,377.8393256025323
4806103,329324,633.0608036562347
4806104,1893461,828.7221592425101
4806105,1757413,102.09215685443529
4806106,71120,677.5603983330287
4806107,445730,708.5807652376058
4806108,675335,588.4664462592492
4806109,865456,895.5328771693771
4806110,484736,568.7449099042849
4806111,1961027,323.55470550356256
4806112,598219,111.637073885263
4806113,429051,701.0913748237755
4806114,726679,874.1069599226967
4806115,512249,880.9664469250955
4806116,354950,245.8099891307699
4806117,1737123,975.2675968368969
4806118,741938,309.5582026426665
4806119,264938,368.16131884696125
4806120,1387085,873.990309751154
4806121,1717408,420.26322821315176
4806122,1331097,572.0462326216989
4806123,595274,404.05352902619904
4806124,187925,743.6867257592595
4806125,625020,644.4690743704986
4806126,1116503,996.7092255956455
4806127,1561737,176.29900765715024
4806128,1093992,696.5922798419251
4806129,484215,44.071288814316325
4806130,1775818,444.8931672107451
4806131,1387913,747.0271282892364
4806132,1482320,555.9008293289862
4806133,950134,111.82312162326558
4806134,551005,629.3351701766798
4806135,1192097,896.7919120270365
4806136,1294219,85.60965424886746
4806137,71529,573.2850441079097
4806138,299735,501.6925104036789
4806139,403067,578.1852071236599
4806140,1890810,170.97392441100567
4806141,314871,732.9795151358419
4806142,899293,852.7095805280692
4806143,1291895,266.63810183231095
4806144,487913,433.8603648866366
4806145,1431407,340.81078952280075
4806146,1018340,577.7056278478223
4806147,1257717,976.9643621011353
4806148,331842,204.32926958265253
4806149,438206,877.8584401774468
4806150,1659760,277.978920507528
4806151,378311,972.6361686332984
4806152,334602,256.57516649064127
4806153,1136640,244.52934794919656
4806154,1141281,824.8900628375244
4806155,1398002,771.9390091086915
4806156,230072,96.60496292800313
4806157,1676946,841.9117654801712
4806158,719202,956.3731546363368
4806159,629339,288.15489459054146
4806160,182922,56.4157051749532
4806161,1156413,406.47509620229727
4806162,937222,907.933226420182
4806163,4450,70.64319757751181
4806164,680588,447.9398126985401
4806165,829816,455.00087489308305
4806166,1601132,706.672007466049
4806167,13002,623.3160544945904
4806168,1421631,160.3977975016626
4806169,1154844,276.17672622289257
4806170,1548214,300.64417057826074
4806171,45823,296.83694864568264
4806172,1800765,204.39529439417902
4806173,793115,929.7866970596003
4806174,1529004,116.76050677285387
4806175,1923069,966.3359353476429
4806176,812959,320.2568165633663
4806177,765560,706.2931636523629
4806178,447014,274.3289241695086
4806179,870848,809.1923917847587
4806180,1386614,22.310086072920065
4806181,1220753,963.0776178315988
4806182,303333,68.51812174671201
4806183,988881,674.3193273768769
4806184,1076884,258.5933127054856
4806185,1256025,65.29425152497225
4806186,1704385,527.7790936566059
4806187,1773617,833.9861729665755
4806188,642430,944.0357142561188
4806189,431850,617.6797091491563
4806190,397461,925.1619874155797
4806191,715284,254.62194029795614
4806192,788538,787.6548632469666
4806193,46242,864.7076764512045
4806194,579718,237.21345765333479
4806195,20027,594.0549258325448
4806196,1010820,335.07025698249106
4806197,733267,577.7105183507965
4806198,809147,362.00318366232165
4806199,83995,537.4624359375998
4806200,1292337,916.4948515147129
4806201,453437,626.0266177482204
4806202,1302345,688.13532547332
4806203,1447071,394.0771119432096
4806204,1095345,62.721977092637495
4806205,318745,740.1023317775495
4806206,1469928,834.9620287537591
4806207,1484692,691.0590244670713
4806208,116422,968.8136736927446
4806209,1713806,441.163322845877
4806210,1268707,70.03899521564183
4806211,103941,150.52891105279608
4806212,474874,525.041046520925
4806213,967597,552.8905601451899
4806214,987648,492.4776925838542
4806215,548479,333.11497810435463
4806216,1838957,937.8569551083164
4806217,1742991,836.6358369859462
4806218,1003077,57.96448240743668
4806219,525369,326.3449045088044
4806220,965577,80.18580706238943
4806221,62088,905.9461236385316
4806222,1823540,660.4391253948919
4806223,1477687,544.5007306181719
4806224,1590872,635.425633331948
4806225,1194965,235.98394442371074
4806226,1566051,690.8023866673263
4806227,838708,781.6475377559722
4806228,519530,617.3340754640826
4806229,1987496,817.623978488513
4806230,241453,895.1805979116723
4806231,1748483,557.8953848429499
4806232,1217112,458.5136825719619
4806233,948824,373.77454444791545
4806234,128741,317.14180039941476
4806235,1994057,586.1493819235873
4806236,23976,978.2062276344082
4806237,55419,628.1012247044941
4806238,1210642,742.0660869107527
4806239,1722411,624.2234535740319
4806240,1760319,961.9426752893052
4806241,556755,666.0809208562949
4806242,1116793,568.4060067335722
4806243,1878952,474.3963954654251
4806244,516639,558.9619594293479
4806245,1731395,151.1360834592872
4806246,1619135,835.1079804807922
4806247,1603490,371.4926716435493
4806248,1529019,292.05669902152067
4806249,507096,322.94977313055284
4806250,443696,116.09951932038808
4806251,207810,439.6991942544921
4806252,1719592,257.51757088731665
4806253,67846,758.2426334319309
4806254,1429758,550.6091510819368
4806255,8630,22.652157716595344
4806256,1116996,119.95804504635532
4806257,1177215,716.4323320779231
4806258,210653,291.88723856941124
4806259,1842459,93.47350110337538
4806260,964949,349.6320896610361
4806261,716524,963.6718351504142
4806262,1818139,719.3610604536279
4806263,347856,694.1640451757529
4806264,567885,336.8166434775386
4806265,26595,146.18170650474204
4806266,778036,162.16970752023673
4806267,1884616,484.15676589144255
4806268,1189957,989.5637390377592
4806269,538007,384.1065595605793
4806270,1900546,69.10002455407704
4806271,98935,89.943773871625
4806272,1570692,765.8872937424227
4806273,733967,678.2578090984982
4806274,529683,415.60512474066337
4806275,541649,891.3066609839414
4806276,237403,741.8995347428023
4806277,508785,46.36656609391554
4806278,1734288,785.5160556999303
4806279,1770781,55.662986009703765
4806280,973330,133.2990276175845
4806281,779478,79.85082350211204
4806282,1414032,957.307738882717
4806283,298203,277.60635798094535
4806284,1417063,655.0546531694629
4806285,745870,449.8555589673149
4806286,374711,364.82206575763973
4806287,76850,118.35955136439757
4806288,1015033,424.74812936142047
4806289,1725309,389.8338736571957
4806290,1328025,893.3213524216499
4806291,419132,529.9344456843743
4806292,1755089,906.9664546107272
4806293,227880,711.6114551387041
4806294,684002,734.5733457447395
4806295,1507524,694.8682590830641
4806296,483956,905.5796717624157
4806297,616998,870.9230234742928
4806298,1446693,306.19533218639305
4806299,1788422,423.87479212652113
4806300,778720,290.34240444484993
4806301,1806499,865.2777109564024
4806302,1281543,245.0622417234778
4806303,113147,131.8321646705306
4806304,942955,966.0253952869514
4806305,1275895,671.5351793506463
4806306,1977879,44.65044342348512
4806307,1687781,362.8969270356276
4806308,1827109,489.6530363161171
4806309,682920,586.7483303372262
4806310,1409842,137.40124660552445
4806311,1121746,368.03570712671575
4806312,107667,362.1624843340091
4806313,100683,839.8937758169242
4806314,467692,495.4187447123707
4806315,96402,1.3744027819698745
4806316,1786466,671.867861701495
4806317,1531427,412.8908990427558
4806318,456111,288.54378596511907
4806319,1603726,388.832941177392
4806320,1358732,955.3813774152688
4806321,865091,266.55996819323923
4806322,275612,830.5626733085675
4806323,1073806,791.1708124703572
4806324,1382732,488.335092565393
4806325,1395595,761.8821564483737
4806326,405822,320.65199712825944
4806327,1119358,931.1584947313041
4806328,937066,404.4095379135496
4806329,613393,140.22980534149897
4806330,1223776,555.1853991240502
4806331,1496965,878.0476573378274
4806332,904989,49.83634227440692
4806333,1558400,123.12523531180608
4806334,358810,818.0880370677103
4806335,866931,968.8441505561599
4806336,1669014,24.781482656326737
4806337,1662494,121.05264901165125
4806338,1521143,698.7280917553883
4806339,1521357,559.7059611056246
4806340,496351,969.757681818646
4806341,847277,470.3034183686824
4806342,101581,92.7250630251043
4806343,939536,516.9564063119608
4806344,663592,624.9916270091096
4806345,509846,423.9248141030889
4806346,703781,368.09679600721233
4806347,1588576,750.0685718276852
4806348,648729,402.1174257263971
4806349,1104797,341.5812414763588
4806350,1887556,334.40883433573043
4806351,1370400,682.875018753782
4806352,1316053,770.9435787176423
4806353,1838131,708.3824363418349
4806354,1943024,997.4375333302643
4806355,1142760,662.4493031903775
4806356,1468674,239.73357922804394
4806357,1984371,751.3795650708338
4806358,1858922,257.3786530798634
4806359,208009,547.0019270160718
4806360,344333,887.8968622560772
4806361,1460053,316.6638270565938
4806362,996772,85.2010566840472
4806363,1896189,937.0646285727189
4806364,370204,55.89173718437878
4806365,865388,178.59800440718732
4806366,1773764,842.4955716695187
4806367,1489470,335.7599642360573
4806368,1493731,927.6150744503125
4806369,1947517,924.4024590427471
4806370,681911,245.13571298745006
4806371,1994917,9.031235900832213
4806372,627140,228.7742006004426
4806373,1051017,249.90862290463178
4806374,1974363,490.4933733586725
4806375,66843,795.221725418783
4806376,150217,381.6794843560739
4806377,1032696,729.3742567738183
4806378,1123016,127.20830059742715
4806379,1222497,226.16632840364716
4806380,1285639,228.09974987763405
4806381,998140,384.66155185093896
4806382,559513,654.6069242586616
4806383,983705,57.958558239682766
4806384,457817,881.0067408682253
4806385,954383,615.0459977052169
4806386,1779716,962.9969558433851
4806387,315550,100.82601434256722
4806388,898518,549.8625120388851
4806389,1721234,682.5953861491046
4806390,1821964,528.7809968742137
4806391,1365054,159.0026375243513
4806392,17466,697.1423984400676
4806393,1354627,213.64147940224453
4806394,761109,221.5313189081851
4806395,249710,107.0824366067069
4806396,1406817,476.8840866113181
4806397,1824022,970.913044668967
4806398,1062423,724.905591452176
4806399,1357432,147.37506183511152
4806400,1107872,377.2824532139587
4806401,255679,564.9869000769396
4806402,1796696,466.6329579880877
4806403,1828664,89.50048888992545
4806404,671309,802.8893728723748
4806405,1252966,631.5967271829159
4806406,728316,655.0589506836925
4806407,1268596,914.2942253279771
4806408,786532,425.0933448745503
4806409,473055,223.80876605335598
4806410,988675,770.2300419084559
4806411,676925,720.6842202437219
4806412,580666,835.1924232330352
4806413,1837781,871.95321115599
4806414,1767339,211.65245119939758
4806415,79972,547.3803811296533
4806416,503192,622.8296739229291
4806417,1759778,457.1036627256774
4806418,1115196,856.0099286702127
4806419,1260167,237.19067083202782
4806420,942917,691.6821891266395
4806421,1702277,246.10514944456207
4806422,833797,39.89254161811928
4806423,210482,215.2164125117224
4806424,1692163,682.0902955857591
4806425,941856,429.5935394084196
4806426,639638,880.7858437802688
4806427,1167113,545.317212063963
4806428,221432,356.8788313617539
4806429,636599,479.79183267794076
4806430,1953100,599.43933988125
4806431,1759369,312.54950203516927
4806432,521634,183.31388937333625
4806433,1753988,395.84430699896336
4806434,1676704,973.1948832565026
4806435,334817,565.6782231027565
4806436,409344,446.51675446181525
4806437,270336,900.055104301972
4806438,1445001,932.1058161007671
4806439,420033,622.66634603455
4806440,257212,374.3169865941979
4806441,438421,322.62726055364874
4806442,1456829,477.2045938986599
4806443,208999,325.8469776281392
4806444,1193264,980.491550891081
4806445,1317231,266.9810889356752
4806446,119349,454.0600959121299
4806447,6618,130.23648976851422
4806448,467372,591.2177684142588
4806449,1491076,951.2790833899666
4806450,1875502,618.1626882567417
4806451,1570862,349.1906873088165
4806452,1851587,233.54597561902335
4806453,164730,663.5270532294037
4806454,762159,737.902722107526
4806455,634949,352.2492946058757
4806456,619452,308.7560857762788
4806457,820489,145.9280761483065
4806458,1791487,779.4781592356082
4806459,781299,373.7284346508555
4806460,465562,330.83402425552134
4806461,916409,285.94031548384146
4806462,229543,718.2633188900548
4806463,1609132,684.5780200028469
4806464,1249290,581.4672501432127
4806465,1587362,300.8014630782718
4806466,1789250,140.19634263305457
4806467,804898,962.178616145181
4806468,268287,840.2759608499279
4806469,1962262,367.74888866874124
4806470,1890826,7.987961324480097
4806471,475479,474.6270525620232
4806472,1589225,208.27174958505157
4806473,418722,226.0445643319583
4806474,161901,141.99236648322022
4806475,491704,525.254284096403
4806476,796306,104.78740120720265
4806477,105040,633.1176026572268
4806478,1911124,684.5134518243703
4806479,1757201,902.7396494749926
4806480,1474504,451.5177729701516
4806481,1554955,31.80495643250747
4806482,529454,802.2056806272946
4806483,272399,843.7700383858504
4806484,1705150,342.52777406219235
4806485,1346344,491.70159367472263
4806486,65398,201.65480933342172
4806487,1024999,899.4987479645581
4806488,1160586,404.2940664791029
4806489,1497221,429.5296725687664
4806490,351100,803.252958259055
4806491,34861,894.9868406094777
4806492,499565,186.41237743163308
4806493,499364,156.96878952112192
4806494,1858822,514.3545505216962
4806495,1158287,184.6949255844479
4806496,1359134,432.7551964004547
4806497,720897,155.79246606134035
4806498,1830115,302.1641087526802
4806499,302815,193.211486722068
4806500,501131,715.5716211604363
4806501,1303862,451.0629364820002
4806502,1077680,932.3681667605025
4806503,832590,855.4131595834943
4806504,136934,590.2195991059812
4806505,1862304,890.8372605103306
4806506,1960329,914.5933453380648
4806507,1662449,357.3909609255803
4806508,656990,646.1417993423404
4806509,1628030,215.20736354326843
4806510,1781846,294.798148445651
4806511,137641,964.2956360267008
4806512,814067,491.0416884814789
4806513,1495770,759.9291036099713
4806514,1727182,236.59940382131595
4806515,811969,883.9529774296034
4806516,267632,523.3446672646319
4806517,1645126,193.1941726720229
4806518,339543,498.8521740449471
4806519,392896,882.675377857465
4806520,1541917,422.30242591602484
4806521,733795,9.711083841027811
4806522,161843,550.0950938925383
4806523,1923524,889.6266815801725
4806524,1384,320.7473003103961
4806525,625625,39.57201405061217
4806526,857114,848.6747406747869
4806527,498805,53.38513787620447
4806528,1064641,221.0717062975992
4806529,1599040,706.2531319732133
4806530,626926,234.8557095384206
4806531,918013,680.4518840246745
4806532,502679,764.2267701094262
4806533,1268721,183.18061522015017
4806534,1411859,302.04456250839587
4806535,598732,351.3830855272051
4806536,1558537,392.6189612593554
4806537,998161,199.20946456417786
4806538,1408966,344.2074078861655
4806539,1328795,554.2924459763257
4806540,539501,310.71571224501594
4806541,1895365,864.7510203892801
4806542,1173736,3.8536154725203886
4806543,164374,569.7984895062507
4806544,1104399,533.1786612326209
4806545,225161,506.9185509870274
4806546,1144203,548.7505664657842
4806547,1249518,297.4139652701635
4806548,1192184,495.72870861446285
4806549,603443,336.41571347533795
4806550,328538,484.55740336362885
4806551,1767224,283.3140226158222
4806552,1387971,645.7671826544555
4806553,467686,804.5172060191842
4806554,87542,310.21742832432267
4806555,519988,856.3237185190067
4806556,1527033,126.32000528902243
4806557,1560091,343.97711951682595
4806558,140767,267.77637977912093
4806559,1791544,93.12197697088564
4806560,789953,893.1168044051478
4806561,132569,614.0426892205891
4806562,538402,41.64871268397496
4806563,1896036,16.535790343610746
4806564,1451833,858.0958636677856
4806565,432248,10.066076424660398
4806566,1514228,170.91616896939078
4806567,159673,26.943494882692764
4806568,304895,771.7449538880167
4806569,1584046,336.8734897195148
4806570,897357,17.314623352631898
4806571,46715,77.9314850714663
4806572,1855231,120.89588539271435
4806573,14271,550.584935410576
4806574,1082385,732.7363908575225
4806575,1720604,395.357551451912
4806576,1783279,180.62631643361448
4806577,1061719,717.5312077559427
4806578,1940452,714.3969263450498
4806579,643527,161.00734776633018
4806580,88627,363.41174313568837
4806581,1580227,507.1251060737374
4806582,1997656,889.3223801084183
4806583,1661875,760.3883330229493
4806584,1857758,64.840043500616
4806585,835336,202.81285375020286
4806586,631083,542.4876184984831
4806587,1683047,831.52129607656
4806588,393101,546.2657050316319
4806589,1485252,654.6396706397953
4806590,1791845,944.585150369092
4806591,710958,516.2602442112126
4806592,1549921,320.7499798403578
4806593,1010924,501.1826879167619
4806594,1310590,833.4526997525296
4806595,1638016,365.88656488118966
4806596,1936289,116.9138100076147
4806597,1589894,89.2668309967829
4806598,1224582,413.56409015971684
4806599,804921,196.83816262835384
4806600,158706,500.5353649989538
4806601,1194163,96.87154767328488
4806602,795529,541.9415503509983
4806603,1070468,852.7105679248251
4806604,789165,549.8499520438731
4806605,1972995,360.2796328363286
4806606,175664,839.7077502417238
4806607,1324009,581.2001572819395
4806608,848406,516.1570061508952
4806609,1859430,538.5806384404717
4806610,1413883,842.5341913963675
4806611,1873761,229.77820122032188
4806612,1460,884.1516430383971
4806613,1853754,222.7150965399869
4806614,635645,367.16387880166667
4806615,626359,87.76865180923143
4806616,1547707,588.7175688709359
4806617,121049,734.1929799147583
4806618,10745,650.8276068974687
4806619,529180,181.69207615503814
4806620,1890429,651.9970316117601
4806621,1244170,339.4503940638726
4806622,105680,113.79027681099163
4806623,1906601,24.37572030913715
4806624,829727,915.6629359756109
4806625,247314,238.30826075243516
4806626,1139890,123.53336677883398
4806627,2084,990.6588331228073
4806628,1753114,84.72753894810292
4806629,1008435,702.3874817521713
4806630,774198,619.5210147021969
4806631,443057,602.955786627711
4806632,109025,988.1817994032565
4806633,442378,575.0930343484226
4806634,247126,585.5659575892108
4806635,600599,76.1665146343773
4806636,1984060,854.2018293267303
4806637,676883,65.56057178864182
4806638,1090149,708.3604623915843
4806639,120722,516.6556370816688
4806640,1328848,551.0822216891058
4806641,1797031,53.00435665402104
4806642,337754,531.1650590908546
4806643,716237,616.2858342796208
4806644,979638,550.4275965446468
4806645,1627284,974.0154237550819
4806646,1768032,800.4239679433904
4806647,1614880,161.03089965670924
4806648,907862,597.1870700020537
4806649,1876206,59.993959686804324
4806650,860425,703.1456956641628
4806651,88589,989.6717357620237
4806652,1412747,901.2614932831707
4806653,915893,627.7417874287142
4806654,1322687,529.5661981313285
4806655,579147,982.9663976926381
4806656,1491364,974.8580605919055
4806657,1902221,461.72539926427305
4806658,605589,570.797804306962
4806659,1058069,909.3374371205555
4806660,591028,655.0157477550573
4806661,1116521,408.435605178087
4806662,1431970,51.328334518979226
4806663,796157,191.79332442757857
4806664,1535353,601.9309757686298
4806665,748238,814.0674583804363
4806666,1486673,703.8262476582225
4806667,88515,883.1364514244618
4806668,1087097,4.609663782577211
4806669,173975,354.59921740926404
4806670,1511193,223.14681324190056
4806671,1511008,964.6002654770622
4806672,1883120,366.5795258137968
4806673,747747,152.86249771770022
4806674,1486833,268.8475020601939
4806675,175650,868.4903140820659
4806676,678710,259.25761984012075
4806677,1700222,862.2757744881353
4806678,1474371,60.57959368726984
4806679,1278011,634.5039790171004
4806680,179388,502.7722634646909
4806681,177134,540.5382551645745
4806682,1403320,163.71903296790725
4806683,183495,457.47908953738715
4806684,1436541,447.6696972789646
4806685,936796,445.4286737619191
4806686,1065541,475.70317627869696
4806687,1885805,262.55908187200384
4806688,1414129,418.28546398495456
4806689,171718,332.08313654742403
4806690,928265,581.8140485751981
4806691,1970658,60.39791575588749
4806692,1085131,565.7601967866394
4806693,291998,956.2692855069893
4806694,951687,831.7832889230003
4806695,664386,118.76016073726903
4806696,946372,611.6833518149382
4806697,1092937,666.0121666659215
4806698,5616,225.82871199792987
4806699,1159766,189.7135449070243
4806700,1513057,61.74581644896815
4806701,746412,571.7686373448902
4806702,1324673,609.963223792571
4806703,1163849,719.4148178766656
4806704,1145919,996.8570466792681
4806705,1744554,508.8273871908485
4806706,1464155,224.62974778940438
4806707,1642646,21.76061765030346
4806708,1854535,382.25645858257417
4806709,624143,678.9064281727749
4806710,908242,323.2164945873079
4806711,1192735,685.3747162717972
4806712,1152796,964.600403647747
4806713,178736,69.80533110587129
4806714,1998821,256.26143342790533
4806715,701346,532.7903353034815
4806716,464119,883.5853399523169
4806717,730772,767.511013955121
4806718,289413,285.6767568437454
4806719,446493,302.7683019770854
4806720,408359,91.65031911647448
4806721,1071654,241.14143728145677
4806722,481843,604.3875470653977
4806723,1757022,602.6797832254305
4806724,108591,893.6101446495429
4806725,1601859,416.678327080955
4806726,1107084,26.19193635818573
4806727,248947,357.5673600814311
4806728,207470,985.7452817934151
4806729,1501002,950.1300506619182
4806730,895138,605.5566168830316
4806731,1561849,92.98694883783575
4806732,198975,51.213819435833805
4806733,303833,372.3024576808003
4806734,1162433,305.2561245560086
4806735,502243,278.43565851310194
4806736,925336,253.13649332913567
4806737,54850,442.2230011678873
4806738,262701,568.9870269974394
4806739,284887,647.8795252057474
4806740,1473176,200.4375318418713
4806741,627410,613.8710596813798
4806742,1136862,131.71288167726735
4806743,470421,363.3728233342195
4806744,1013481,476.549114531833
4806745,1501154,464.42451208307153
4806746,1822319,958.6993359191357
4806747,1617810,393.89702541832804
4806748,723227,811.5512797320399
4806749,228079,898.4464656013599
4806750,521111,32.894053493072285
4806751,1675688,659.1112789489105
4806752,1450345,894.2807211955816
4806753,457308,853.3138350406027
4806754,49858,295.3618886513036
4806755,179248,185.277850077739
4806756,570193,545.168673924748
4806757,826308,923.6976254608704
4806758,271574,651.3738108146931
4806759,966128,720.3827621594219
4806760,1101081,649.0211701431673
4806761,588248,891.3754959109716
4806762,1375559,805.5242714201145
4806763,421033,860.7752185376224
4806764,1119626,453.62480195233456
4806765,724394,804.6700788601815
4806766,348712,263.41503579310745
4806767,1847371,384.3615293903466
4806768,1901421,92.60895240705847
4806769,787730,766.6499750686355
4806770,1163913,144.51108630146382
4806771,1420620,647.4508421967074
4806772,1576307,527.4567711443511
4806773,946168,850.4189086913325
4806774,376389,439.83868142925473
4806775,802478,7.8072198015854966
4806776,211763,658.7064331575169
4806777,1629778,490.3552878693954
4806778,114519,958.3758230511892
4806779,46358,893.6388151873618
4806780,1586426,421.2164891038388
4806781,669220,334.5052013972933
4806782,765799,262.7503446009237
4806783,349596,150.80022344421684
4806784,1675687,562.7047093773782
4806785,1827830,341.2536168275738
4806786,1385383,61.39269787112378
4806787,1650059,921.5937924307193
4806788,418674,735.0297765892899
4806789,1613729,27.57619646882614
4806790,1883467,728.537598968604
4806791,1687885,413.73286667578844
4806792,1660420,620.7892577566568
4806793,1527906,675.0027093951784
4806794,1362976,602.0840238709685
4806795,1405801,257.2161871271109
4806796,1002203,321.707491756874
4806797,1772198,4.489273308638242
4806798,1316029,479.38221965160653
4806799,906787,393.4286522309046
4806800,1392591,286.2170662654825
4806801,1344461,942.4428100967907
4806802,294647,708.9900499488849
4806803,605791,348.68686988897093
4806804,1302037,45.1203624551888
4806805,1353061,931.6436230717026
4806806,1575094,450.3448635346235
4806807,77448,46.34041213643725
4806808,216551,833.1107442684984
4806809,1972775,484.2514569487537
4806810,190039,194.02503907362058
4806811,630793,486.80185642883254
4806812,1808601,634.4629530283288
4806813,810384,455.2159998891635
4806814,1071241,867.6614387239497
4806815,565682,277.6645103674321
4806816,611566,880.1349282349966
4806817,1563713,552.8847200277061
4806818,365387,76.58944805999911
4806819,26660,95.7258916801541
4806820,1985287,684.0829315232905
4806821,1569456,452.7579254348447
4806822,1143764,825.8918454016136
4806823,1516992,17.36790752161932
4806824,149730,749.4323573991946
4806825,1940031,514.9498262009257
4806826,1867558,7.226369431451829
4806827,798375,458.51736295686607
4806828,28098,201.8076786460856
4806829,1668411,996.9076708184689
4806830,1683681,183.34267585401
4806831,847669,965.7430099927399
4806832,1756974,568.9731484579883
4806833,328613,915.9333375271144
4806834,483563,132.61619505514776
4806835,457704,876.742478125621
4806836,680870,563.1583624804257
4806837,1992142,449.9409393474505
4806838,1974063,66.98089937134522
4806839,1595821,453.1505433655325
4806840,248352,200.63570669684705
4806841,1655061,873.2927082768441
4806842,1478669,293.5219806063475
4806843,917997,719.1956901614467
4806844,787128,790.9010545791233
4806845,548521,741.8222514022307
4806846,1923885,668.6413389653989
4806847,30465,3.9249007112841516
4806848,222910,457.8011011984774
4806849,457213,722.1954034535776
4806850,1172100,568.8195158439057
4806851,582948,134.38266142146404
4806852,1171763,123.68659355425837
4806853,554263,840.5081156376665
4806854,512445,76.29118821522573
4806855,1098725,834.5094642830238
4806856,1705955,229.20381710215653
4806857,1145343,606.3341912206847
4806858,1428882,417.64199056966476
4806859,1388104,412.5630015766185
4806860,1858088,586.951637512155
4806861,402537,180.00685093400438
4806862,254649,301.1367593232689
4806863,1850400,751.2743504588569
4806864,522151,594.0392606947203
4806865,497100,187.94424892297857
4806866,228595,122.42051795766884
4806867,437430,481.7805205361689
4806868,1572826,388.4292733961038
4806869,1717803,993.8915815336285
4806870,1494704,592.3531248736444
4806871,581659,580.605795067084
4806872,446478,360.9192357359635
4806873,398732,960.776300155069
4806874,324069,665.6706344990189
4806875,268164,447.2904406407069
4806876,138301,124.72921209376831
4806877,1200727,431.08557057571284
4806878,41665,915.0968518454578
4806879,495431,402.31540398490193
4806880,1145843,420.7621561426981
4806881,808093,694.7344520274435
4806882,262722,245.16492781430676
4806883,1444784,275.15409909681864
4806884,1979188,672.5768901008222
4806885,136342,845.777980654741
4806886,1064702,33.44954253507404
4806887,1075043,567.4801276843011
4806888,1348717,482.4230536269666
4806889,1551496,855.3357180128831
4806890,1109604,626.9714426691174
4806891,1732971,945.0828497783431
4806892,204515,644.0694739129266
4806893,352295,26.03537349199858
4806894,334764,509.06034893514175
4806895,1098049,874.2117364314479
4806896,810299,762.6695490616532
4806897,453055,606.8130966530854
4806898,1091370,290.9089601040705
4806899,120456,870.6448052056841
4806900,1021463,929.1770567449915
4806901,992877,888.6129717092067
4806902,721179,514.5091272366215
4806903,357131,327.14091891764275
4806904,1142087,242.41921695152035
4806905,1298476,223.36854022504517
4806906,1128104,719.722367313103
4806907,1900608,219.23935227521008
4806908,417763,810.8419089987547
4806909,62856,592.3400418837718
4806910,608637,117.93101277663465
4806911,1886471,196.02860178884984
4806912,1908282,227.23493820846286
4806913,783709,89.82556524734575
4806914,1982505,564.9681564134924
4806915,939696,859.6238286483323
4806916,696784,980.0730699231156
4806917,213733,737.0958138821528
4806918,578508,980.9035697098785
4806919,471107,500.23770101307076
4806920,1068333,687.6503641852497
4806921,859227,772.2293331518266
4806922,1851217,670.7050282930803
4806923,198767,970.7895880390934
4806924,608599,411.87817980014205
4806925,80114,547.3378717810689
4806926,1500028,154.28606079312502
4806927,275969,107.05478924159428
4806928,372536,630.0069260811655
4806929,1139524,223.55911191938594
4806930,494800,700.5614304043693
4806931,975085,625.3168630710799
4806932,763235,741.0959959330668
4806933,1422492,462.98027183366975
4806934,373921,172.04646753908582
4806935,330415,772.4295266476158
4806936,1026732,960.3003532865422
4806937,98923,979.3597534472337
4806938,1202887,33.157731533212
4806939,58496,920.7205947642692
4806940,349195,572.6515907195987
4806941,362819,718.4932211098563
4806942,8088,564.7662709701234
4806943,1148551,419.5371482467094
4806944,666738,858.2772590192251
4806945,40158,425.1825484658408
4806946,176939,551.6225942231058
4806947,1410326,492.3717480223264
4806948,1633389,319.44119959600346
4806949,814517,804.504705401535
4806950,1282299,744.2941775700511
4806951,561346,539.7626330137192
4806952,969384,111.57712735749858
4806953,1223677,266.3817843472635
4806954,491674,92.46915944246726
4806955,918652,687.1488378318883
4806956,1027720,884.699884828127
4806957,1498391,891.0665616240092
4806958,1135356,717.3320246611854
4806959,1381770,434.02609966981277
4806960,1191137,421.81089097852697
4806961,997143,202.98632831797858
4806962,1661028,177.31608903212347
4806963,975844,550.5899709177096
4806964,515676,54.5047301702043
4806965,1269038,48.152885402487414
4806966,1866453,358.26904302372475
4806967,86520,899.393464077776
4806968,59691,969.3063414937669
4806969,1140744,257.51147775213633
4806970,1715236,30.401718232606513
4806971,1334350,769.1432865966549
4806972,1690083,595.1309578641982
4806973,1906606,279.4079731697733
4806974,1892856,294.58626111243035
4806975,1274326,662.3105148707158
4806976,1719734,27.694494117703528
4806977,1912020,10.079306324748627
4806978,979536,153.77098508151576
4806979,432862,553.9745946795339
4806980,87273,769.3295384375325
4806981,1330809,627.754896129549
4806982,1126895,177.89806017887577
4806983,1294500,387.1041879797489
4806984,1022241,88.86979094801228
4806985,1344684,347.57090457396754
4806986,1123828,789.6135237962984
4806987,1110296,655.6508547675304
4806988,843245,390.43628020607133
4806989,1512807,578.9841559408358
4806990,857476,343.2671950438074
4806991,1786842,336.88669744203224
4806992,1492901,697.5340368289752
4806993,1786112,88.29261152528933
4806994,1016645,695.6873460345919
4806995,261851,785.8406597055216
4806996,1544336,459.5686528606592
4806997,117638,878.9330905148454
4806998,117487,564.7223962802577
4806999,1196654,953.8260231237796
4807000,692293,917.3932069574645
4807001,1332851,901.8506455305678
4807002,1215460,440.9631771156592
4807003,1021068,290.24531972473443
4807004,1314604,292.74394926429517
4807005,1256651,629.9908006371384
4807006,807025,169.1926087084079
4807007,1555337,350.1881034517451
4807008,73712,963.7628684324256
4807009,1971723,400.518202268776
4807010,914852,393.50937406537446
4807011,1213775,858.3573620121086
4807012,778114,870.6813596171312
4807013,1085310,340.6471497680087
4807014,1180511,377.6933794118663
4807015,1665987,224.041512301679
4807016,1983320,871.4748017791013
4807017,1201772,771.1740910125143
4807018,1453772,617.1074298830558
4807019,542641,526.9110240684364
4807020,1220216,39.8918480393522
4807021,414128,605.2752921723736
4807022,1922380,419.45605382751995
4807023,533335,497.3178129097252
4807024,595473,89.31644376114723
4807025,924925,652.5274191869073
4807026,60394,619.3356986771798
4807027,1441470,382.5451574714798
4807028,1918301,274.382626006208
4807029,500655,533.4733194923307
4807030,79418,136.79194522666694
4807031,1713211,230.4688806838291
4807032,1444588,740.7464360954326
4807033,1096467,820.8521219132774
4807034,433812,680.8741921355182
4807035,978083,62.246212556918536
4807036,233737,624.2080901090274
4807037,1826110,543.9684610362823
4807038,1960732,91.83023389093236
4807039,1885929,397.411155831559
4807040,189220,191.87120735960283
4807041,1121411,409.0819095982028
4807042,581172,527.2265449984151
4807043,1394743,598.5212783193265
4807044,74812,361.92007401122305
4807045,1447070,185.39619221039038
4807046,1157799,614.6414127399329
4807047,577373,800.2618746369479
4807048,634877,270.2977762451324
4807049,1446806,381.9188048472122
4807050,790490,264.58610975785393
4807051,1837656,547.2868555156458
4807052,588637,865.9245838854721
4807053,268839,647.7908402268729
4807054,1009355,543.5441351198317
4807055,627245,57.563091121138
4807056,419492,127.04348224335449
4807057,401032,223.70145895710826
4807058,1471485,256.00113849296355
4807059,693286,45.12318763912215
4807060,710317,511.82084390060226
4807061,1116968,185.94173479919874
4807062,229337,11.35670767048802
4807063,537124,845.4742785729089
4807064,428089,706.1130198980089
4807065,1865096,350.0703018003082
4807066,930516,912.8910784435247
4807067,1435221,831.2073874189181
4807068,1724864,521.6670888296298
4807069,1286841,719.3402993896497
4807070,1972952,873.8771366583551
4807071,1824576,331.4701777890262
4807072,584677,164.1279004749664
4807073,1145879,567.3228285248642
4807074,1964921,733.4797940425198
4807075,318265,917.0341195726088
4807076,704322,396.7926731973361
4807077,1563080,591.9730340719351
4807078,832109,15.171364431087131
4807079,1978965,423.7166774182162
4807080,189542,382.12676380208154
4807081,1903337,675.2518144056713
4807082,844576,883.99601090518
4807083,647007,619.9038221785796
4807084,971458,782.0802829116267
4807085,1972958,871.0428784793191
4807086,823499,589.004872044463
4807087,219957,945.4435826289263
4807088,1778745,905.0741803819592
4807089,971398,232.02920153636197
4807090,1646644,205.00799157394854
4807091,1742159,986.3826621293988
4807092,512985,95.62758794994464
4807093,293210,186.03265963324878
4807094,233365,506.0809566010034
4807095,1956747,916.6274588347368
4807096,185008,37.247301192469884
4807097,1017134,89.35785726796209
4807098,664655,573.1527612045842
4807099,1303788,993.6329264162091
4807100,1163785,161.7179964027079
4807101,134047,392.18737619157196
4807102,1452014,372.5137944344131
4807103,515110,63.613365240374975
4807104,2094,82.99317887373392
4807105,842900,842.4861883845936
4807106,1691598,849.2459935366875
4807107,532690,991.0620451879355
4807108,1468285,696.2339388316879
4807109,2511,765.4280400375798
4807110,1390713,851.1677232496824
4807111,1945234,948.1805723386343
4807112,795998,573.532247981901
4807113,498074,233.45611786606347
4807114,1275747,522.7516703499311
4807115,572988,478.74495787267455
4807116,1266215,559.5186714586755
4807117,544618,851.4588293934358
4807118,234285,898.8252912528262
4807119,284368,876.1629703316862
4807120,911832,628.1698214946152
4807121,1997086,960.9574230595065
4807122,1725193,951.0999920996418
4807123,1216453,222.19814170707608
4807124,1719372,332.21425805956716
4807125,73820,538.4104767147883
4807126,522184,880.8096973235382
4807127,215843,611.2704591667004
4807128,1878849,996.892274256611
4807129,216627,33.89297428242111
4807130,587930,754.3255690833778
4807131,1557762,56.61619596509715
4807132,1039882,204.61131599305193
4807133,205259,780.8836062150746
4807134,737971,256.8376736904817
4807135,976998,709.0947274599815
4807136,1682508,398.3705005183327
4807137,1138321,662.8439968661794
4807138,888990,234.57450155304448
4807139,1789961,278.8621999399031
4807140,377789,422.1922960391803
4807141,1046835,231.49195904277653
4807142,1249098,626.7018625966552
4807143,1555691,348.5663309651409
4807144,1585574,117.293407297273
4807145,986681,982.2489577734411
4807146,801209,38.715935035224526
4807147,984841,248.88620523944493
4807148,1070318,851.0107598572047
4807149,834786,268.4317676595511
4807150,322565,136.3869329803976
4807151,1950295,499.8594683047509
4807152,715534,306.0170192571107
4807153,202022,209.32019089837374
4807154,508843,449.1589650497319
4807155,1408812,133.5337723578225
4807156,734416,201.02952044484434
4807157,1632688,343.7617545416832
4807158,725700,960.9915136512159
4807159,1126341,187.6507871094939
4807160,324071,962.533783715524
4807161,931156,618.9976181982498
4807162,501491,663.0978163375243
4807163,861106,290.07067315904965
4807164,501246,966.216949131349
4807165,1290507,980.9317602871328
4807166,415139,768.7964913147479
4807167,1807982,230.17441311102283
4807168,710834,519.5002597111269
4807169,1080540,797.9671831963768
4807170,1494643,360.72406264656644
4807171,1008324,681.3444144911783
4807172,1333493,679.0444050962375
4807173,400752,181.10051787343806
4807174,1022026,352.0150583653909
4807175,1380703,281.60403258535604
4807176,762269,981.3868516200057
4807177,934668,100.3718512717382
4807178,1409623,198.50377001618514
4807179,1995249,94.79697634854112
4807180,912207,537.9440808070844
4807181,892357,801.70787702799
4807182,250512,906.0369617797057
4807183,251506,84.82380392887224
4807184,891423,562.4692431771163
4807185,905879,46.2767335822214
4807186,1405772,327.9921992170273
4807187,341790,167.80938861635607
4807188,430818,458.9148294084816
4807189,365213,42.941436945114205
4807190,559724,432.0023492456524
4807191,1608096,642.5758886751667
4807192,750680,71.21847041941697
4807193,1880552,879.5559167700256
4807194,1239795,645.0695450556639
4807195,242569,831.896695967851
4807196,1834330,10.361076653860879
4807197,1078664,405.15902402645196
4807198,962538,43.2447321444801
4807199,418271,498.8427722835911
4807200,940421,217.3215923322671
4807201,1334362,611.3177786380819
4807202,262923,930.841941483366
4807203,1499010,859.0840008743771
4807204,68875,663.6149991734873
4807205,890056,410.3149738479782
4807206,306257,83.46058599241235
4807207,546392,608.2159194884553
4807208,752128,593.6637682782716
4807209,1883720,391.7720121903727
4807210,518233,209.46216190285182
4807211,158960,945.1999772078009
4807212,1260000,198.2602555608114
4807213,388524,599.6300869537563
4807214,405709,939.2858091583731
4807215,225910,269.8707548046947
4807216,1773651,376.65574209343464
4807217,587422,18.554027685383055
4807218,1914416,123.07021593368006
4807219,994187,78.69337674122434
4807220,837947,649.5635396935642
4807221,1251454,785.2513089745465
4807222,755315,373.40321823262803
4807223,1881632,540.1470593643361
4807224,1289833,188.42632086522838
4807225,1419343,289.55380880824856
4807226,821324,572.9155063823638
4807227,303111,874.8667083160886
4807228,1082210,247.98340560463083
4807229,1688811,825.653038946183
4807230,1896422,294.0179072330472
4807231,1850684,819.0313381697894
4807232,1677554,595.1069995702088
4807233,1782160,341.73010234225984
4807234,342316,173.5295516625881
4807235,1586052,268.7170583350597
4807236,708452,805.6420543130303
4807237,1428100,387.056017122756
4807238,1897067,910.5398447920448
4807239,936946,232.80136954743602
4807240,217130,238.8893444353031
4807241,1228435,69.12927741224017
4807242,709856,948.5855064383478
4807243,1464213,248.36237463105394
4807244,1955116,540.2896660888115
4807245,199813,64.42695807139064
4807246,965124,356.8389355550241
4807247,123207,159.442373692135
4807248,1331609,58.63921958628448
4807249,1771630,867.0724421558767
4807250,735508,31.442469918993243
4807251,653836,312.60766262022213
4807252,1404819,103.17366802799522
4807253,1558618,638.4627693621023
4807254,819584,998.6700148989318
4807255,1200791,168.19358398650007
4807256,1829861,419.3484835069772
4807257,554412,871.6448576913975
4807258,1917807,312.65774917195944
4807259,1931922,254.65394940504382
4807260,769919,613.7396631523785
4807261,1756262,747.0465024406259
4807262,1955823,327.1623322472941
4807263,1259663,386.72644416943547
4807264,1225117,525.1235266531528
4807265,1583426,520.7779987368039
4807266,669143,140.57227480024414
4807267,1736541,729.0557277125856
4807268,1485739,701.534560073116
4807269,760269,281.55056869449214
4807270,1671124,840.4869007763966
4807271,1992598,247.04047652065032
4807272,6994,400.2275798315001
4807273,668750,362.0332282789889
4807274,820227,904.9576929090534
4807275,406318,251.5076039202897
4807276,1892010,496.91932900406533
4807277,52458,86.44529435714921
4807278,306756,764.4904403886345
4807279,1942631,914.496500327213
4807280,233584,793.1276203967396
4807281,311856,961.6354984964354
4807282,553326,580.6569376417369
4807283,1641630,785.5840384133061
4807284,146,305.02436959365144
4807285,1948612,689.3316051374801
4807286,1958832,810.630751598246
4807287,1368588,685.1225115631762
4807288,1078576,321.12488940921327
4807289,1957646,76.94145938834029
4807290,1518619,981.76921473436
4807291,1908601,395.4415206108476
4807292,1873587,15.452344663348661
4807293,999480,376.47445719811236
4807294,239456,476.14048530125365
4807295,114981,568.9286950974595
4807296,114502,430.1997768614971
4807297,702295,345.40467061010594
4807298,294892,216.76398333932133
4807299,1033067,726.6474168027953
4807300,1248757,258.57455775214834
4807301,1485177,177.79260617402304
4807302,551645,552.2427363551211
4807303,284302,418.50653374398127
4807304,1817381,420.1535202587604
4807305,1438242,702.8558610010671
4807306,1520761,894.4361621569057
4807307,207311,634.415280746354
4807308,810549,425.4119057425255
4807309,1245740,351.4016451696839
4807310,924746,945.1957457437412
4807311,1858423,849.1274912931283
4807312,638551,232.78296064847447
4807313,967576,958.847215920435
4807314,55881,884.4422967963515
4807315,139740,485.9093066313475
4807316,655735,636.8067660372294
4807317,128087,289.61414126566063
4807318,1674871,129.6548096272301
4807319,1860638,517.6560553697908
4807320,1547151,595.1853725298762
4807321,67021,694.2552587387247
4807322,229113,557.342611512528
4807323,1631995,931.2371300052362
4807324,1098946,321.2640948313025
4807325,1281353,935.8089077696748
4807326,849453,764.7849095537231
4807327,1165990,778.5427464127997
4807328,1083913,315.2311306777996
4807329,1433240,816.1662329969587
4807330,562375,586.5905994763586
4807331,1655407,337.35519339419875
4807332,1035811,83.44472989112361
4807333,1453100,969.8361362092827
4807334,825448,188.6196974893465
4807335,444599,911.0712553613786
4807336,124926,787.4164313104177
4807337,196350,448.3592466917593
4807338,1429935,478.5532551624242
4807339,1473229,546.6230810807049
4807340,305792,491.40750080319816
4807341,715953,39.17406393350375
4807342,1374838,183.81798388555916
4807343,738792,640.8807190887742
4807344,1361056,603.4721956159148
4807345,1030494,720.3725430865427
4807346,1602695,327.7540703806006
4807347,157955,394.771773424061
4807348,1985361,16.71119156761536
4807349,320416,419.8509636665877
4807350,278259,438.90573483604146
4807351,587609,513.153375748485
4807352,1407427,45.325818352924706
4807353,487585,88.94369470475038
4807354,1811624,33.688544049861214
4807355,1637925,758.654838263714
4807356,1830892,492.0206079923851
4807357,412740,178.9671782543698
4807358,1324280,857.5080098974066
4807359,1348607,452.0920512868809
4807360,870690,287.68471587469367
4807361,1457346,140.25245365821883
4807362,812288,316.914301752282
4807363,1997000,266.3845594913881
4807364,139908,638.5640556992645
4807365,377939,864.216150410926
4807366,97066,224.80315017020092
4807367,471143,122.51607015106836
4807368,1671209,761.3364184651595
4807369,1841514,441.82430301449983
4807370,68318,511.4917946892802
4807371,1804461,771.9356462581112
4807372,1299803,104.064874078862
4807373,1422874,524.3113426295537
4807374,1318249,252.11255616154315
4807375,424927,432.59259181364075
4807376,1161803,417.1888614944923
4807377,1821714,237.16201146062053
4807378,1220515,3.422866802124669
4807379,1582969,724.3416385261187
4807380,1452276,90.51016802069279
4807381,1221921,255.50738367368174
4807382,637759,603.2454868458088
4807383,812840,258.5419929707991
4807384,393573,331.05598461028706
4807385,752414,236.66995280124803
4807386,125704,449.9410155822312
4807387,894951,24.454243642700657
4807388,272413,275.2640166399444
4807389,1992393,224.8351289638586
4807390,1004605,253.59519520472995
4807391,1491169,909.9994759031821
4807392,1212265,229.09671936735066
4807393,1113353,91.89301104948144
4807394,1634060,707.6294072109135
4807395,1820089,79.11748468715818
4807396,476739,129.9228676437385
4807397,1033845,579.4312880984376
4807398,1936397,824.1335092127665
4807399,36333,544.1308564541138
4807400,448974,107.45189344081597
4807401,1392086,29.107241690218167
4807402,1280696,860.6821106387268
4807403,682052,481.77074875880845
4807404,1877907,281.3143613782962
4807405,1455870,349.3996100719333
4807406,1553021,765.1011301999164
4807407,1997413,976.9404462057056
4807408,1148788,318.73909122719976
4807409,1032163,731.3269404486065
4807410,1439865,202.63908856180834
4807411,204009,794.393012406922
4807412,790677,924.1093515174719
4807413,1510392,16.004888026112994
4807414,1957130,558.5917530131235
4807415,1854824,195.25259972474828
4807416,73755,701.4969887664118
4807417,1905345,892.7124249732296
4807418,722728,898.9829590017159
4807419,1470896,649.2365773481451
4807420,1053118,487.5304722072813
4807421,790987,626.317078752796
4807422,572619,199.08514715624293
4807423,113054,99.49126155473719
4807424,659621,96.15015650482184
4807425,1513036,489.7003227434962
4807426,583761,834.7245539260243
4807427,620624,848.9712339589537
4807428,909749,288.91470075393175
4807429,1305373,888.2381101709515
4807430,774228,341.46328369864796
4807431,1694024,368.0797951339967
4807432,857320,31.47324524735351
4807433,52755,436.13970562071245
4807434,1351101,264.9178284778948
4807435,1797894,666.7728965171901
4807436,367201,609.8758114372857
4807437,1125729,618.9920966287636
4807438,472861,603.331408260889
4807439,105339,742.8292512809221
4807440,603096,513.3095955925347
4807441,1210329,222.36559775006236
4807442,707949,478.1606045866885
4807443,1660029,452.727737016973
4807444,1785835,936.3089903248573
4807445,125500,526.0409950622627
4807446,1924814,45.77520380827627
4807447,73787,683.329075591529
4807448,568824,377.1802812433155
4807449,902206,118.40769666050122
4807450,150200,56.89754997115437
4807451,466004,799.3462026705248
4807452,1731356,670.1972927496803
4807453,203768,452.25426912325474
4807454,1621486,416.26445725407666
4807455,145741,609.4965782919179
4807456,529745,615.9867333215977
4807457,231024,414.2920563772303
4807458,1088850,12.027823155633776
4807459,1290233,956.6936153427619
4807460,655498,94.95667626406623
4807461,1359232,662.5565718024591
4807462,1425404,392.0803073641753
4807463,477498,1.9155620237688575
4807464,79723,607.2772400649404
4807465,1787305,699.6619452536412
4807466,580616,232.38564089354995
4807467,1673795,259.36101076229835
4807468,572231,498.82072389174994
4807469,800064,905.3866186876521
4807470,770046,32.342282579289176
4807471,1276210,226.93566912131934
4807472,970021,232.71419764801436
4807473,1693764,687.6708858742809
4807474,1058784,880.9519409570804
4807475,85960,825.4356020029769
4807476,1535423,985.5790868316236
4807477,809917,288.78917669737825
4807478,1047231,112.38513468835765
4807479,1382133,887.7668275149535
4807480,785745,137.50838528166153
4807481,784369,804.5825408541792
4807482,778543,103.91982243686115
4807483,472966,558.0483606705195
4807484,1798440,820.4113176009594
4807485,830775,764.1925831434797
4807486,1974943,106.15197544154009
4807487,224809,537.9761737811144
4807488,510236,554.7249044918436
4807489,1630286,240.97244655139772
4807490,1006283,307.1446510614699
4807491,1484938,121.78579528710509
4807492,236022,270.78566716617445
4807493,1471631,997.143113638186
4807494,873366,259.1671172836669
4807495,247326,473.0367178531908
4807496,549612,322.807452675107
4807497,1043895,41.448595631633836
4807498,602380,745.7071645102101
4807499,749726,536.1384898476462
4807500,395896,920.0731062804558
4807501,1468478,194.8475883142723
4807502,123236,765.4401609576694
4807503,378803,382.42164950465116
4807504,1580613,199.51263358947347
4807505,237298,719.1459758843218
4807506,1310440,328.30467636517824
4807507,723223,953.2727631070647
4807508,1849770,464.09037243212833
4807509,1543499,879.5808350667725
4807510,361516,607.3386150980924
4807511,1927714,145.8391234757239
4807512,1573051,938.3247830736284
4807513,616559,506.95852946606954
4807514,692752,324.49419337588057
4807515,358176,901.4873720851475
4807516,380495,401.6202469591753
4807517,1052304,324.84926627315656
4807518,1728179,392.91235909535646
4807519,100520,981.755170228059
4807520,1917859,733.3172832003843
4807521,743778,33.10162097317748
4807522,232944,655.9899817833643
4807523,626534,767.3950269406066
4807524,578007,181.82212363157058
4807525,1722576,436.67442353056583
4807526,1006280,433.41613496476305
4807527,494887,227.13723513273777
4807528,356988,95.98127022732139
4807529,1530543,550.8911899390241
4807530,1008620,304.2629895016118
4807531,1483891,768.6801898295128
4807532,906312,528.3519215498085
4807533,2165,763.6194614848322
4807534,348037,560.7552372463816
4807535,926566,474.10601419111055
4807536,1972989,817.1518562965052
4807537,1362403,143.51458285724271
4807538,1711685,892.5918560956808
4807539,58361,228.65676047216087
4807540,475688,42.43776559244128
4807541,1993177,997.5663344672138
4807542,1845121,261.7525307908979
4807543,1194033,532.3602013773504
4807544,1304195,840.5383526873237
4807545,1778196,625.1844373295617
4807546,1377722,950.2683124463434
4807547,567219,881.8015140107788
4807548,736884,36.74567856165189
4807549,1505024,154.43100193841585
4807550,1906280,650.1121647325842
4807551,700592,139.71373402399712
4807552,903656,564.0820148480062
4807553,998870,895.7530486773251
4807554,127192,523.3362035761762
4807555,770065,974.0361839785485
4807556,1553253,376.7050776623485
4807557,1754733,272.485479049134
4807558,311903,769.2063223645889
4807559,1731394,428.1922316328214
4807560,1487405,280.16547050104026
4807561,28870,517.4434215088332
4807562,1384273,514.421137100705
4807563,1360393,59.58418654925302
4807564,1501535,545.0692002752093
4807565,1378578,271.1952339668239
4807566,84992,256.7754576435345
4807567,1701691,32.91669553312981
4807568,1876897,202.18997702091679
4807569,416295,601.0149110067226
4807570,114884,123.31516538520482
4807571,760492,365.8471412090304
4807572,1350197,341.848381273659
4807573,1127378,691.0893177720526
4807574,1492514,612.571680370119
4807575,1153138,711.9741156788161
4807576,1392116,829.0624991635761
4807577,1491159,899.989182558826
4807578,1705661,5.779180345085733
4807579,1671025,255.6737125527415
4807580,1196130,90.76328042926963
4807581,1838057,175.4428815818021
4807582,1493170,805.9803515431877
4807583,1451101,389.18328248790215
4807584,293640,485.5789770999712
4807585,1561755,290.9455056166751
4807586,1514378,285.17947965648017
4807587,353599,196.25333063967042
4807588,2666,636.8342093460672
4807589,832896,629.3397978249048
4807590,970254,307.9134511512994
4807591,1496403,928.9714985433384
4807592,1769333,345.6989980685826
4807593,884311,929.4725486648867
4807594,992576,308.2733923656619
4807595,1440373,230.34315877416034
4807596,1028486,505.05702676929167
4807597,1466590,724.6511986209376
4807598,559004,260.79229967406025
4807599,1457541,96.9854384913772
4807600,6867,581.6407976339119
4807601,1069139,616.8143363820021
4807602,1804336,495.6539618568353
4807603,1832036,447.6665578457631
4807604,322638,61.42603588041251
4807605,158179,149.56104683058967
4807606,604457,745.4175256485672
4807607,792151,997.2560048513725
4807608,409051,702.948954873465
4807609,1180860,526.4824317359015
4807610,1422927,421.44890641302743
4807611,60144,589.6828762162258
4807612,1951532,324.29626275588987
4807613,49725,270.8843924686698
4807614,668559,557.8868738395302
4807615,184507,173.780625729548
4807616,836889,657.105401730264
4807617,475984,239.5023871320312
4807618,1440842,84.47594109092071
4807619,536358,316.9607422112115
4807620,238805,535.3847197918985
4807621,104867,915.9273519538873
4807622,679241,7.562420776210277
4807623,1126178,727.4378920513394
4807624,334301,596.7526572110193
4807625,1231437,527.7697976635287
4807626,1789744,887.9559922454904
4807627,460194,337.84207743040906
4807628,1537562,148.2242759214728
4807629,1241440,446.648970576403
4807630,1136464,891.070903787692
4807631,37452,454.65605431410637
4807632,1777884,312.9339448169448
4807633,1116074,682.6054127477936
4807634,1928297,244.36407802593263
4807635,23765,434.8526091795103
4807636,170733,37.44071573865693
4807637,1111719,617.7731516468436
4807638,107815,706.469570385731
4807639,77856,811.2892025306887
4807640,1923867,720.5951934260863
4807641,1991779,887.7832996726753
4807642,1546082,283.8018489233501
4807643,782005,26.019039991794667
4807644,721179,72.70280289531006
4807645,1161768,179.34139862469223
4807646,359008,330.3212535490566
4807647,917328,366.6232252496887
4807648,1378864,449.86213478467477
4807649,459302,912.505610303822
4807650,543651,614.0740584926791
4807651,1469058,202.64961511112912
4807652,88683,773.4343380632621
4807653,1701295,36.53166108008965
4807654,780904,77.96394915586325
4807655,1771524,804.2382316270974
4807656,1185218,360.59850772180647
4807657,1286241,91.06991436139799
4807658,717057,515.6894812707885
4807659,780020,131.88970716009786
4807660,663963,863.2857987339087
4807661,1484904,387.3609631173534
4807662,1084888,817.1427929048803
4807663,252764,6.41765594107313
4807664,1062714,581.0709978420075
4807665,746487,0.9770163174617208
4807666,629254,612.4515607378455
4807667,312012,150.59210019300284
4807668,1093702,81.77610783120282
4807669,664087,134.09519320205487
4807670,658649,763.0623507004955
4807671,909242,37.77711409083806
4807672,112196,292.75745053600167
4807673,574490,691.3120892330095
4807674,425024,267.77218209305886
4807675,1983787,512.3678637312953
4807676,506372,209.19761354450793
4807677,1181666,550.0497689714653
4807678,390512,191.21872416492292
4807679,1897100,459.92931727914885
4807680,936891,750.0055129345135
4807681,1254973,24.4513660015333
4807682,860852,719.3592482012523
4807683,600280,943.2573824756516
4807684,1378743,78.54086211174283
4807685,681418,560.7015445977275
4807686,1480216,371.103667594461
4807687,1782001,186.57108505154184
4807688,148187,422.1853814045543
4807689,932612,55.182661741278174
4807690,1160729,97.35977176510468
4807691,159400,557.3576826554556
4807692,1487635,468.06164890539094
4807693,545827,525.1873409481608
4807694,475487,536.813538552405
4807695,418520,342.85015910356543
4807696,99204,109.34037882034974
4807697,814253,714.8252892172505
4807698,716586,247.04601989165076
4807699,1504192,788.7829294903862
4807700,893944,453.9459220011193
4807701,953181,957.6065578541085
4807702,4160,547.1805212110164
4807703,1839418,117.41156334732472
4807704,1055152,507.44452922973903
4807705,539803,457.9573562787358
4807706,171442,731.103714114963
4807707,143719,535.3469684838009
4807708,1448948,398.31400318483867
4807709,859344,296.7206703695978
4807710,371996,389.1073460118441
4807711,216753,805.6441085250634
4807712,700535,59.70791515375318
4807713,1748912,759.2131916321844
4807714,465027,535.2235358182226
4807715,246035,921.2686517778835
4807716,77027,672.1520155634504
4807717,824815,902.0750978303315
4807718,1819583,997.0565845731893
4807719,311425,130.44792170189234
4807720,1371460,3.5055460664409344
4807721,1042637,278.7993247944168
4807722,736171,480.81173156075687
4807723,566522,586.3141952349083
4807724,258351,524.8173791515759
4807725,1572331,448.69973522394446
4807726,21811,523.5072363236039
4807727,296182,860.3132005136009
4807728,1999778,458.5303792446853
4807729,1817665,295.6614585120938
4807730,272226,756.7982836291592
4807731,555769,705.6305272318764
4807732,1119235,944.3544968505892
4807733,1290623,198.69911216071
4807734,1053656,777.3424593367039
4807735,265858,186.71036036042398
4807736,154558,100.97314003587788
4807737,474176,805.9896085000995
4807738,1634672,22.730521030141727
4807739,933619,563.1925099568507
4807740,420840,901.7026377323944
4807741,48244,260.0033627073636
4807742,1011965,232.6489260220762
4807743,6976,429.76144116599767
4807744,1009774,351.4986757702718
4807745,612755,619.9010831659231
4807746,584669,262.15467367842695
4807747,1217907,894.2836062640264
4807748,939494,276.7368720800081
4807749,813325,882.27540366266
4807750,400988,423.6056401282281
4807751,139740,582.2396348156508
4807752,150829,127.7042229973957
4807753,1966890,756.8753199195933
4807754,1403988,157.1301927280443
4807755,1755852,432.1572383524177
4807756,1184617,617.1825360699823
4807757,868087,768.4901953780775
4807758,497716,545.7829497570257
4807759,1705784,629.0154374264455
4807760,666268,223.40864367277447
4807761,707880,659.1310611426031
4807762,232246,626.1295472745066
4807763,600153,380.81197399527144
4807764,728876,491.0756935197448
4807765,175838,336.12938537497274
4807766,1681461,194.18092439123103
4807767,339639,492.7743387397855
4807768,36526,552.007837761863
4807769,932249,518.1721190598253
4807770,1543373,574.0100643144347
4807771,1115300,142.09758313382602
4807772,490400,397.26625037587536
4807773,303865,239.69023144859725
4807774,1937207,524.2683751363727
4807775,1314699,188.88809776664405
4807776,1655888,822.8897020282625
4807777,1026972,946.4633941900383
4807778,571330,935.0616265202249
4807779,743584,285.60882568247916
4807780,480012,4.247300678017485
4807781,820030,272.6191346106025
4807782,556480,378.7375591594733
4807783,151189,945.6301234328836
4807784,1418314,854.7267440190215
4807785,1964710,413.0789187164773
4807786,1932496,58.01361469724131
4807787,1638909,985.7486128712816
4807788,1027923,859.937157960727
4807789,515044,366.1924036091393
4807790,125120,559.9471568667383
4807791,378722,687.9858830680928
4807792,281359,391.51621846393414
4807793,1073272,755.2565707505057
4807794,1520681,363.05823153888485
4807795,931156,381.2744109716206
4807796,730880,931.4491504165335
4807797,1899495,495.70546695830666
4807798,389033,729.7092818800065
4807799,264532,627.5661364384996
4807800,1967411,562.3044075052682
4807801,179147,516.5276821776823
4807802,796022,627.9638847002622
4807803,443485,352.8647639700173
4807804,452051,167.46903309362625
4807805,255324,632.1652097860658
4807806,683129,379.69674881678475
4807807,231168,79.05773423886319
4807808,698703,669.6625872970292
4807809,1578262,284.990532068524
4807810,1996551,623.5893483437185
4807811,659393,378.2535845931591
4807812,450146,221.50413223744124
4807813,740597,124.52718107607174
4807814,163493,21.711972772634812
4807815,618959,443.45080710629014
4807816,298217,933.8040804718783
4807817,140602,609.1246135758414
4807818,143740,486.588808465269
4807819,1521590,555.9244138559424
4807820,1036691,75.82548373985509
4807821,239624,97.8852081725966
4807822,1131124,105.19678252222143
4807823,1073715,788.7656326823292
4807824,114675,911.6686989088574
4807825,462635,375.4401496248364
4807826,933660,909.7813990792854
4807827,1080110,543.8563594038244
4807828,1560815,553.967013070174
4807829,1770135,240.59167940511495
4807830,1289963,540.3763860202847
4807831,855893,240.24381745486068
4807832,1683361,903.9679020622148
4807833,35506,236.6195288666345
4807834,720662,259.5197526232964
4807835,1924950,673.2257941588161
4807836,1156565,58.90721352564976
4807837,1027555,628.3911707833904
4807838,181267,126.5349872798588
4807839,1166839,662.0997154362824
4807840,1960605,720.0728828616686
4807841,1072893,233.94488595871977
4807842,1587174,434.7576518919375
4807843,981074,356.93708919435375
4807844,397396,640.9470252804135
4807845,1980992,327.5776544033926
4807846,468020,525.1628526068156
4807847,1843360,902.469228022646
4807848,1565238,724.940930185232
4807849,1615909,66.6175126731685
4807850,1357785,804.1989077104113
4807851,743361,8.067685343652764
4807852,176463,299.7267707789971
4807853,946130,489.13095245481367
4807854,1034063,172.13039579602295
4807855,1288532,970.5735451997409
4807856,58620,624.4464821349939
4807857,1227360,914.0316660294861
4807858,347460,763.7778845980565
4807859,1138660,538.3993690819478
4807860,106277,59.84088753333572
4807861,1757396,561.1735695032686
4807862,724662,847.050070669413
4807863,1152925,487.0621391363438
4807864,1537798,414.5882775552718
4807865,297021,826.3348682424594
4807866,1705633,192.12526627759786
4807867,1415285,774.986750308292
4807868,235993,863.8386857544366
4807869,658760,845.1568470434903
4807870,508292,205.43302675680653
4807871,892930,519.4658407587443
4807872,1488043,147.08298695248644
4807873,1411983,893.3441193429927
4807874,808798,89.1094882973279
4807875,659035,550.4421779509114
4807876,1367311,136.35766157272698
4807877,1503810,571.9776533590926
4807878,1991790,482.10286759323975
4807879,1508754,361.7705178053252
4807880,1213243,992.7210355248392
4807881,832369,333.583869854769
4807882,214409,256.4959673747146
4807883,937571,632.0995106258558
4807884,1538996,298.0585654284629
4807885,1718100,220.21987339227434
4807886,484031,848.9040917565716
4807887,105010,175.31637463453464
4807888,1322881,851.9053698064299
4807889,1115489,188.27703412803055
4807890,1306356,983.4754366470586
4807891,1754046,134.400954431381
4807892,687430,833.3548457705855
4807893,1618278,423.1049064013772
4807894,1494325,474.00612923054996
4807895,700150,433.374815467042
4807896,127717,550.2318613988194
4807897,1311158,128.24348915360727
4807898,1095986,461.1050925152794
4807899,1859318,93.16129583095523
4807900,1757755,254.0449252980792
4807901,902625,867.2224138569039
4807902,1655591,851.4448514512827
4807903,878927,447.3670249977951
4807904,569220,171.59748566463685
4807905,1775061,461.60451650241185
4807906,823096,805.7636725181276
4807907,1608906,974.7730195029211
4807908,377176,101.00715131628645
4807909,1954300,221.86996836547058
4807910,720002,278.91552087372173
4807911,1585342,743.569063451773
4807912,1391455,888.6553263669631
4807913,1773160,817.976313569475
4807914,1389003,776.053012972828
4807915,580596,744.5422503483726
4807916,1940248,709.2061068412955
4807917,522067,247.58766087360684
4807918,1977734,584.5571069724956
4807919,351786,790.6040458375371
4807920,282828,860.7452284611874
4807921,443271,956.6742989867734
4807922,678784,644.8614895501236
4807923,916320,260.6407429499962
4807924,632146,156.80049231697612
4807925,850051,381.68520081366086
4807926,609323,302.3433035385216
4807927,1415106,834.6891757916123
4807928,1830691,689.6289646212044
4807929,1474874,438.0009330803167
4807930,1257170,636.8124860111133
4807931,1440806,724.2649291028874
4807932,83896,1.7959808320416881
4807933,613344,303.04595227197274
4807934,1224874,979.4462569992668
4807935,1837783,696.4240906390195
4807936,636435,881.4454574660265
4807937,641854,769.7617156483974
4807938,534030,402.1662559478447
4807939,566917,887.1869420865277
4807940,302471,131.48427664796935
4807941,919775,828.4224067163238
4807942,1284248,607.2960840425907
4807943,1700887,922.1179151250259
4807944,363153,574.3039281701639
4807945,1277457,278.1388350125538
4807946,71371,36.223724413115946
4807947,1604787,380.66772909184886
4807948,102722,644.5486601740357
4807949,1745507,661.3335722486281
4807950,1468089,991.2251582803295
4807951,845800,82.03549570770497
4807952,106361,869.7841175455571
4807953,1868002,45.53768447475204
4807954,706459,392.2891700165598
4807955,1834202,94.5618302664094
4807956,1646494,902.568639829932
4807957,338323,509.95031304632687
4807958,984495,926.6821778057829
4807959,1377635,666.9726188650019
4807960,1165646,763.4197514542841
4807961,1715771,456.0783322494489
4807962,601219,881.1627578714688
4807963,1413501,220.29947037722363
4807964,1747971,785.0608015071937
4807965,167762,940.0632635019808
4807966,663699,749.0213745659437
4807967,72841,566.4274382040154
4807968,152710,482.0717491538985
4807969,1442010,222.55417836543413
4807970,1559011,502.87681178450237
4807971,1102897,271.3072320010674
4807972,849541,804.4438521826205
4807973,1045532,552.3084600172184
4807974,715427,889.4837334401212
4807975,1720719,389.3210282746784
4807976,1640811,532.883047638212
4807977,438017,87.01718757390276
4807978,1757863,487.1711351456177
4807979,1196350,572.5370193925294
4807980,562571,979.9458635270547
4807981,278362,90.96467890806848
4807982,1675744,279.7942984587054
4807983,1211017,617.3635542641105
4807984,1770304,146.3784845559728
4807985,1733602,264.403326678353
4807986,20131,172.71890163660598
4807987,213382,30.625173032832407
4807988,39816,576.0488773543229
4807989,1055262,56.90573109183683
4807990,1705302,360.4898865749265
4807991,1007602,83.29093857559033
4807992,1648671,657.767943178459
4807993,436697,241.77017976366744
4807994,862659,165.4144047487862
4807995,486048,224.24886676784496
4807996,1305018,383.86075947694053
4807997,1375602,330.1260229720107
4807998,234193,954.33549921083
4807999,1329024,513.9768485726506
4808000,1385800,253.2445434987135
4808001,1753029,722.6038084049635
4808002,486319,734.335081166556
4808003,1983813,487.3721619737478
4808004,102984,966.6429851595738
4808005,1534672,971.4031052650404
4808006,1931376,136.42802566734503
4808007,726781,661.3776166519633
4808008,1362336,677.5570983025958
4808009,1182001,519.7409996935518
4808010,546225,766.5085669661407
4808011,925306,831.8232565709166
4808012,1506356,258.0396852630339
4808013,910567,205.51436845657977
4808014,1830602,281.46410055195537
4808015,1076409,328.0290751707662
4808016,718262,540.9854659737742
4808017,1227731,606.9571438771058
4808018,1005773,219.5570004808324
4808019,1727038,770.3119279554237
4808020,1795527,730.8917381881463
4808021,1103007,278.202484716649
4808022,114646,614.9840440752201
4808023,1772789,846.7137547351668
4808024,1751492,578.9552531262676
4808025,208583,10.655759745813342
4808026,111490,44.82790775641754
4808027,746395,676.0621536936106
4808028,1926860,968.5506546542576
4808029,348220,181.09432589657902
4808030,162256,650.7026892230947
4808031,1507444,103.43355308886726
4808032,226310,74.50269871011483
4808033,1030097,659.4984187922621
4808034,488462,195.17077917144022
4808035,342201,268.94620294994763
4808036,1480543,939.417773099245
4808037,1108310,334.0217638307241
4808038,676556,172.2443982609727
4808039,1588843,101.1781557924828
4808040,601954,410.258449452176
4808041,1260565,293.7963868352956
4808042,1840384,31.307834587516957
4808043,1594255,410.47008419606334
4808044,531421,975.2654349969494
4808045,544087,887.2027849682255
4808046,1986182,236.63441799445806
4808047,933735,241.77161777095702
4808048,1328189,629.7632293542889
4808049,1980824,249.05816314854178
4808050,1739000,556.9237497039461
4808051,1356559,981.971883937582
4808052,1766879,154.759162829749
4808053,1855030,371.13470105464717
4808054,950517,998.6439804233916
4808055,1418130,621.8900530613514
4808056,1370394,815.3175270756767
4808057,1916164,179.610129381917
4808058,769208,750.3708693144686
4808059,1716964,489.94480585220026
4808060,1239641,942.980757919254
4808061,794937,721.0062705845686
4808062,23112,966.0683137006353
4808063,1806687,926.1834177022375
4808064,1512841,86.0432507541421
4808065,1311686,389.5048725893477
4808066,1595277,523.5626862300114
4808067,1078030,744.8643511111663
4808068,109317,772.777324987873
4808069,559658,719.9910323205332
4808070,959997,657.4076982699798
4808071,1825808,193.51828083909496
4808072,1936816,127.16658464400466
4808073,360197,602.0767915701007
4808074,205212,312.34356919728503
4808075,1663517,477.9121504616691
4808076,1704630,792.1282197377074
4808077,1101714,288.9122663926416
4808078,782063,638.8564486902943
4808079,402809,231.85773798538568
4808080,968237,321.6974474483556
4808081,22886,667.4394465248482
4808082,1841186,506.9162904607232
4808083,774076,770.2392236996205
4808084,1944470,402.8264333850111
4808085,366372,789.0656806958881
4808086,313559,532.6029179084286
4808087,808948,231.7999108257014
4808088,1959533,218.99754543766514
4808089,236676,452.92758698096213
4808090,197274,99.53281090004384
4808091,1568717,493.2830190113475
4808092,191538,707.8795104019383
4808093,1653637,659.8966709104437
4808094,376145,824.0217704315261
4808095,678104,776.4908422642096
4808096,1411360,634.6366575445364
4808097,1253717,236.34660160198285
4808098,524589,158.67502236652953
4808099,1837193,667.4847961988846
4808100,1636640,979.8714653939799
4808101,75533,102.36209183290768
4808102,357184,803.3860488500601
4808103,988250,406.7034737969594
4808104,218554,989.4732360332329
4808105,784583,331.6698052584899
4808106,1398525,191.97158128644165
4808107,1248182,48.42571353532343
4808108,744868,366.15907531404
4808109,559349,99.12238439921184
4808110,1973560,897.88271718628
4808111,40753,139.84831879117255
4808112,1901610,656.4023671399505
4808113,1216576,622.5784846679102
4808114,266907,515.1103659610519
4808115,1162528,474.32735442059305
4808116,1957045,577.039847640333
4808117,194387,223.70656286281687
4808118,3698,779.8196081126524
4808119,705069,962.1118705926407
4808120,1724469,396.23840037291535
4808121,997557,887.8838705332939
4808122,1286700,630.7880318075811
4808123,1624407,490.68148056989435
4808124,38603,688.7514116594239
4808125,1038179,311.3817279198315
4808126,74645,862.7592704568892
4808127,251090,832.4163604718389
4808128,1989855,316.03015779507814
4808129,65339,921.828248381188
4808130,1664305,834.9098652772769
4808131,606930,707.2580592402755
4808132,589821,450.31998148846884
4808133,1470955,67.39257718413694
4808134,1519260,545.4415498392003
4808135,1733388,820.214206160615
4808136,1197532,691.9136892359085
4808137,1304035,650.0029345941014
4808138,1438120,351.6561443868954
4808139,756858,554.5373213195046
4808140,509683,837.5478310686831
4808141,70201,97.97618193626678
4808142,816455,41.44762901540566
4808143,1624942,953.8503687564407
4808144,1485672,815.5244288604551
4808145,1080469,501.78152804148135
4808146,754929,737.9204615164081
4808147,686376,345.677448032981
4808148,1895610,354.4681372307045
4808149,127336,616.8304338329606
4808150,1292087,353.6061808433627
4808151,796301,357.5448220686005
4808152,1119621,215.84149013790955
4808153,1440683,611.1668241036749
4808154,625937,507.5494710391003
4808155,1804723,463.26309089672515
4808156,1438063,97.01506824715855
4808157,1394150,699.2317208365397
4808158,261924,676.2801198885771
4808159,944714,966.1170633592035
4808160,1267748,235.53087789828518
4808161,11523,751.0367000516852
4808162,497357,226.1042107479855
4808163,253977,776.4518269469515
4808164,1068336,962.5778569557416
4808165,1021029,700.3190087286531
4808166,1236493,670.806808233393
4808167,841523,928.2555642464453
4808168,1057861,531.9919612816499
4808169,1515995,272.49276459394764
4808170,1577112,286.39425408666654
4808171,562861,580.2570265074708
4808172,1592447,649.1555720540655
4808173,1167040,284.74762831694557
4808174,65319,180.50261145587265
4808175,1438035,17.02314764714408
4808176,905487,659.7699640714095
4808177,378131,568.4384132283313
4808178,1758036,654.3348966382289
4808179,954068,589.162423031215
4808180,846794,445.6111078540079
4808181,572768,514.1760109384211
4808182,359665,787.1914024403067
4808183,119534,389.896093310252
4808184,1387380,834.6090264153817
4808185,16261,541.0017837027503
4808186,327640,168.49043338006132
4808187,1317014,353.66632645934834
4808188,691642,348.987294924885
4808189,647711,617.0395266944478
4808190,1301696,299.9179522555897
4808191,723308,8.347643737642962
4808192,290087,920.3581968567352
4808193,772805,44.42141506633035
4808194,780959,562.120808887297
4808195,1747638,429.1839676127552
4808196,1879545,431.0277292980483
4808197,714661,678.5022885125915
4808198,1339177,975.258538434488
4808199,1950084,322.3132058701867
4808200,266766,394.09452486457207
4808201,1745955,291.19733517430336
4808202,1931321,320.4171822461932
4808203,812905,347.2344411798584
4808204,1652765,650.6589253121635
4808205,822158,159.64179923983323
4808206,1308628,143.52876986418107
4808207,942389,936.4084090903567
4808208,1373742,493.00226983425455
4808209,1987063,627.4816766089639
4808210,1239311,898.6015956538071
4808211,799879,404.0599910232283
4808212,737682,825.1644639389148
4808213,161893,196.75550798272923
4808214,256017,963.7555350747422
4808215,589257,362.82007865870537
4808216,1538298,299.26601244389497
4808217,649734,281.79525941684335
4808218,1931615,655.9367776140967
4808219,531024,785.0429686395448
4808220,1003122,874.52413049929
4808221,791682,714.6785547084057
4808222,1601884,238.8978587431847
4808223,292644,960.5435525807428
4808224,605606,972.8597586672107
4808225,1550355,899.4829768441446
4808226,1195254,459.6269043875366
4808227,1324651,615.57573956227
4808228,1992171,143.51985068369532
4808229,1541021,676.1205986372495
4808230,947587,661.966409752937
4808231,1679280,353.05498411601025
4808232,305932,558.6490013630394
4808233,1451365,883.8445695151064
4808234,1649928,323.9307799191423
4808235,889429,70.24692097558616
4808236,1047377,259.4817477942496
4808237,1611669,908.8997374730448
4808238,1713590,454.0005566039035
4808239,1965954,2.257971349117316
4808240,1119127,814.8304934057105
4808241,998011,758.857364000232
4808242,9467,99.52349624052282
4808243,825416,262.9590045029668
4808244,1555197,2.6653222126917786
4808245,1709545,60.89817675170872
4808246,263487,420.07096431969694
4808247,42294,217.80407653919508
4808248,748243,679.2037159155205
4808249,1068024,720.8888993473017
4808250,1877769,975.9323042090191
4808251,846901,340.6280742711996
4808252,1498301,184.0142510831756
4808253,1687968,682.4847548876786
4808254,1946614,422.97994849862397
4808255,17286,753.3973814592459
4808256,210697,299.38517930645526
4808257,356094,456.9370357879756
4808258,1210175,638.3954826785695
4808259,1998467,184.78262929164913
4808260,1609399,834.2949585061422
4808261,169891,142.15542358553145
4808262,83454,372.34878234383194
4808263,1676003,492.6784778865073
4808264,513245,217.89127489844583
4808265,131256,686.6662533449571
4808266,1440747,684.0009378020374
4808267,1630584,214.90713930090942
4808268,433667,513.8944483117086
4808269,1559677,651.5931648706872
4808270,578266,257.6014409047585
4808271,739146,164.00606224405777
4808272,1115400,702.0449150867153
4808273,1486715,971.0146106484705
4808274,1150714,518.4227172394413
4808275,670631,505.43887516923803
4808276,101626,39.1192138880595
4808277,1285667,745.5661432526651
4808278,1172692,820.3875228811881
4808279,853958,377.8169577811853
4808280,927523,609.3457858149482
4808281,599433,642.028029577525
4808282,473962,51.386027627524754
4808283,1388544,781.750626461445
4808284,105373,450.17081935903457
4808285,460151,923.5631537821458
4808286,1947324,196.2094536369985
4808287,1678807,944.2282663205399
4808288,1684175,200.26048770852157
4808289,691313,713.6758636786737
4808290,454674,876.7355640019275
4808291,1689777,6.890986445521552
4808292,1440145,408.49045089147904
4808293,396905,876.7452966658109
4808294,1196355,218.61429042200552
4808295,364033,182.1479486416766
4808296,695735,918.3003905315828
4808297,1775142,689.8204686357753
4808298,1952708,336.70829178063235
4808299,54105,899.6795682155102
4808300,1044973,269.6190223653687
4808301,215593,923.9426418371985
4808302,793117,345.8280450389165
4808303,739339,764.1640498846306
4808304,435727,19.800248729380243
4808305,969751,418.0637859257234
4808306,1344944,432.26903847927997
4808307,1324634,434.6188455933789
4808308,740448,315.211741967652
4808309,1622706,836.4199102907876
4808310,316193,834.2464578905904
4808311,1852895,13.94163234446022
4808312,1303952,886.9160388529596
4808313,1253796,53.651092348924955
4808314,678627,139.2451001824152
4808315,1429740,75.85334228209561
4808316,236564,491.32312421011494
4808317,1875657,263.24778544700087
4808318,1178557,749.2370838925458
4808319,1999470,683.3272769868187
4808320,1440328,440.01947093425366
4808321,643307,552.5745642305711
4808322,1914636,305.58828221320744
4808323,671548,642.3254799332609
4808324,1689319,665.1084939908428
4808325,639389,16.582524014876142
4808326,1383465,703.0103509782388
4808327,820483,80.73691042453379
4808328,1668192,957.3654991691341
4808329,1652107,864.092992060803
4808330,779537,939.3557883777235
4808331,1356636,385.04897278718187
4808332,668998,543.1372720173149
4808333,1724083,823.4314773471989
4808334,1491078,861.1743042307145
4808335,1338921,636.133209307054
4808336,368581,194.84954393351583
4808337,1312264,34.45032097175038
4808338,246020,351.53211706185397
4808339,737038,876.9864396243186
4808340,67477,266.8842957382057
4808341,987243,763.7299559569108
4808342,1317092,287.90726595671623
4808343,1933002,57.341524272698116
4808344,1503916,996.9553558809165
4808345,1257519,104.57208281838548
4808346,1516929,659.4025942114721
4808347,1211408,980.9618288738125
4808348,884657,103.56095349752937
4808349,1418585,445.60625065846773
4808350,1847221,870.2746335592726
4808351,1230780,633.0649880629996
4808352,1475553,309.08104406906625
4808353,1526133,406.5236743039021
4808354,1215828,450.11539534248647
4808355,1241664,376.8310540954214
4808356,426322,761.4680444587445
4808357,182733,296.6385266029204
4808358,629199,756.0258630887885
4808359,380066,984.2898123893514
4808360,1303524,380.48038564071163
4808361,364207,71.91933743212864
4808362,1661227,914.3348239245614
4808363,1507824,257.93798299398105
4808364,1627334,831.7416089343252
4808365,1891791,382.83623623070775
4808366,1032540,909.8308767682813
4808367,709588,362.28558031843914
4808368,1041431,571.2624282308769
4808369,787399,116.35864271650642
4808370,610274,196.878490874699
4808371,1184586,819.2813063136755
4808372,196340,921.4183552703655
4808373,1245769,989.7564686039505
4808374,932372,404.66820960353624
4808375,721391,905.8940135196569
4808376,1509807,796.1358844185767
4808377,977200,156.95084355305656
4808378,272797,721.8283845655704
4808379,294846,340.09337791169503
4808380,1528910,374.7382870196815
4808381,1610950,74.79807559481178
4808382,104387,779.1656910426283
4808383,1882871,725.6219896622715
4808384,1000920,567.1705884595752
4808385,1224899,312.3730105065841
4808386,1856142,151.80851237097082
4808387,1624685,0.4186703918428458
4808388,904455,15.31703319576938
4808389,778159,417.51794114376685
4808390,145547,544.1839879583983
4808391,1023352,90.20477071277244
4808392,755158,307.1745284925068
4808393,369221,488.71779428849413
4808394,934732,126.64424465511837
4808395,1484568,214.22406146796035
4808396,1546589,857.9814787114551
4808397,1225816,848.4499926689703
4808398,1420251,259.7498228737762
4808399,1620215,388.7322077971013
4808400,1486230,181.9779712384082
4808401,1248175,464.93366999660634
4808402,1413502,812.5398739836478
4808403,914882,524.6233399641881
4808404,1896584,766.6675171482153
4808405,1332461,810.6858123365772
4808406,1802538,111.14262338161606
4808407,1418596,338.89939550557136
4808408,1636089,70.14194887064163
4808409,723618,794.9860706686309
4808410,1341601,229.7174633587894
4808411,581096,503.64128345641467
4808412,260789,996.3271614433924
4808413,1087301,781.3853197848099
4808414,1900920,333.98000270287184
4808415,104289,184.1844666857978
4808416,1033313,815.3916627648968
4808417,5151,132.00682418389619
4808418,15375,162.28352461316442
4808419,604821,969.3284233147368
4808420,1013569,729.3292758731155
4808421,223673,596.8499285393984
4808422,59303,955.0639398559763
4808423,1958346,67.12045611906458
4808424,1218074,982.6682453782116
4808425,17684,506.8732154275355
4808426,1375426,793.1337362311706
4808427,405366,889.9640674484234
4808428,1555920,154.32994336422135
4808429,8157,584.9882145521786
4808430,1288370,879.3314430328892
4808431,1317600,355.38641721599816
4808432,508990,350.89402990056004
4808433,971958,947.2726137671252
4808434,826997,536.7976429741224
4808435,7510,759.2993101958308
4808436,374684,95.9187072793497
4808437,1282465,237.9001442267701
4808438,1419176,927.1681956828556
4808439,1923709,626.9465312692791
4808440,762997,849.3994410702577
4808441,1030944,174.48850562676876
4808442,1191174,480.72003053450516
4808443,211674,889.3662302945075
4808444,256398,313.0607769032746
4808445,961501,18.768195625258997
4808446,744015,279.00469964455164
4808447,215823,675.521317186737
4808448,1132819,544.317283097623
4808449,1530753,181.61153262908013
4808450,203261,763.9493657201799
4808451,298172,213.74223439743977
4808452,1316517,775.6434372284023
4808453,1592080,599.8584838214553
4808454,758883,568.1917622642632
4808455,1836282,342.89812867305005
4808456,1087824,99.4628311791097
4808457,1268584,668.4691462014025
4808458,1989004,770.253615267808
4808459,1453314,157.33037989137011
4808460,1502295,398.89004113617045
4808461,28000,502.58976776528397
4808462,1495418,6.413193432812547
4808463,443707,360.16792856974575
4808464,771166,655.6257687998052
4808465,1220061,68.92631231683988
4808466,73751,473.3701602577213
4808467,689831,847.2158425497469
4808468,656377,525.9467468322524
4808469,1574426,426.37043630679517
4808470,1251968,757.9210203817601
4808471,433666,918.7718490508119
4808472,1931188,170.03848446279724
4808473,1253250,386.2246526230636
4808474,68711,354.14028174428114
4808475,1564650,776.5704471508283
4808476,1175301,642.0229804328117
4808477,467663,563.6909016877688
4808478,1819773,507.6131971392139
4808479,1203253,388.65995887845907
4808480,509947,645.8094994303308
4808481,1232938,744.1368887306184
4808482,598635,553.7141037917448
4808483,1736238,737.4642391813691
4808484,139108,834.6804693317981
4808485,1964877,994.390349415223
4808486,1887657,155.56757016477053
4808487,1127839,797.0436957350942
4808488,785115,783.7026941884918
4808489,800317,752.0697136129327
4808490,98314,616.4994379503391
4808491,1689822,530.8997029643466
4808492,1837038,113.2557753073915
4808493,1792676,402.15587719379164
4808494,490688,392.4119308419872
4808495,391445,982.8043689713114
4808496,405019,320.3834066297516
4808497,521114,863.8932684864155
4808498,1611564,414.4815683879277
4808499,687303,63.30658565148395
4808500,1078282,420.76071707916685
4808501,1672340,625.2146336825143
4808502,1258698,654.917888083852
4808503,5724,953.6297397192219
4808504,1468971,352.8442539062632
4808505,653666,849.3387855437692
4808506,2281,671.6095284170475
4808507,405311,144.86010671352656
4808508,867658,193.1983967348765
4808509,1734128,639.9133403377874
4808510,157108,512.0342777160475
4808511,1510610,719.9589327346446
4808512,1816792,586.4070571447905
4808513,1906161,459.4426408709583
4808514,1897510,682.5219086716596
4808515,1229097,757.7515100232848
4808516,696524,323.586587291356
4808517,1477962,86.56854415626236
4808518,1811986,62.93145801589317
4808519,1612091,670.1466894904961
4808520,1766377,482.9425196170801
4808521,1372289,929.1144132433278
4808522,831260,247.22536712101174
4808523,1713860,289.13416146931604
4808524,1754829,917.4316392758902
4808525,1979035,538.0181263138244
4808526,422410,973.62305014805
4808527,1033964,398.9458643729331
4808528,981517,672.3045983622495
4808529,643797,840.2414152704029
4808530,1949884,222.2097894563988
4808531,1533549,126.16879098415201
4808532,8546,97.86357108782373
4808533,1075261,903.5877274685986
4808534,712135,717.6098330316017
4808535,319197,455.4714844081036
4808536,44812,221.9513870975315
4808537,685679,495.25882195262125
4808538,1921329,111.78735774677395
4808539,87322,840.6714228459539
4808540,922420,80.02539087040006
4808541,73194,960.4933695835149
4808542,1730251,198.93956823874748
4808543,533211,603.3230789889321
4808544,1471066,105.80574217170513
4808545,828069,574.4535765236
4808546,930210,718.0910794595677
4808547,370961,82.65658013925048
4808548,159352,595.5185583740143
4808549,184430,554.880401767887
4808550,61881,826.586237513897
4808551,112040,143.20404088509176
4808552,57122,910.5483090734715
4808553,1060397,294.73439050831706
4808554,304062,987.967061954827
4808555,1569735,441.10522241153774
4808556,1997234,158.31558633636357
4808557,1822177,57.47542058581989
4808558,1102010,131.7896818481217
4808559,830103,894.6645651203637
4808560,1068300,875.717531887346
4808561,1978105,456.6957207968104
4808562,1049021,840.2676935546311
4808563,1058809,807.6578591112942
4808564,1052676,93.19442537108458
4808565,1704456,83.38291532611608
4808566,1579287,83.31666233072576
4808567,51416,105.87381813478581
4808568,122792,571.4689812998879
4808569,328517,945.4626674928711
4808570,952886,133.62495650060225
4808571,412319,125.08735013414606
4808572,1360383,62.940007890781025
4808573,617721,442.8093753197959
4808574,1752127,448.0051192768694
4808575,620635,541.7369279856265
4808576,1647179,412.89591807749605
4808577,764722,983.0060437552847
4808578,611344,26.119944575857534
4808579,438477,74.43780501174568
4808580,164480,202.0793419631608
4808581,1980205,537.7978054769394
4808582,20611,112.9594479575825
4808583,828061,997.5001050971321
4808584,827861,316.35858140026806
4808585,1274377,870.8760267014568
4808586,376507,14.334020289771377
4808587,738293,49.216534972889804
4808588,1609795,590.0514232208048
4808589,222375,356.79274548054985
4808590,723879,321.02297306724813
4808591,1505489,734.9603935048558
4808592,966495,660.8848356476573
4808593,13217,406.1103261621877
4808594,1761570,471.8300805754143
4808595,293307,545.9952615938532
4808596,944244,202.57219864971444
4808597,241284,155.41103859033
4808598,235086,161.52769578294112
4808599,325003,841.3244491124485
4808600,252736,851.4033234997066
4808601,1106621,905.1709687837111
4808602,337010,570.2851348137104
4808603,278619,456.87924181474204
4808604,1795283,359.03049912194894
4808605,62334,488.9788286967807
4808606,289036,614.1029860495622
4808607,706427,333.7291153783742
4808608,1322552,901.0991024997261
4808609,1256303,888.918301984775
4808610,1851890,115.26264174074252
4808611,1408902,825.2059455661491
4808612,1580858,673.167822849759
4808613,1817508,162.38921275174533
4808614,57993,728.7501844862895
4808615,1541052,928.5667728228585
4808616,1380760,489.75548960221283
4808617,382013,979.9456585294296
4808618,189213,516.0219867329513
4808619,677756,170.7882362014629
4808620,876324,717.5575943590654
4808621,617656,405.256317436804
4808622,1529299,838.8011442235945
4808623,387871,142.62541503592297
4808624,427418,88.49451280074506
4808625,1134361,727.790665599165
4808626,494124,306.0539232998045
4808627,1800611,185.54346882787553
4808628,656900,118.22338784940001
4808629,1155004,679.47888666718
4808630,1754511,270.36036171439525
4808631,133757,865.8110699527089
4808632,1632963,187.95089962735668
4808633,1972896,919.0508863965291
4808634,1143439,518.9032260206722
4808635,320013,250.38275393891985
4808636,866020,854.7098700195477
4808637,76652,893.8208949788808
4808638,1511776,487.17149625450276
4808639,328694,462.2586147754668
4808640,1243800,758.7897614315273
4808641,407375,786.0964792337904
4808642,619679,131.43819280936142
4808643,471553,404.023047686643
4808644,1879680,826.3301045126467
4808645,549149,242.11719626161144
4808646,29954,565.0821820796648
4808647,1724600,109.58495299097638
4808648,1165201,692.2916162954148
4808649,1206034,71.22277969506075
4808650,674941,396.1144625694258
4808651,1216068,731.1932577348191
4808652,1627985,524.2190712015729
4808653,1196543,98.07703220542973
4808654,217438,214.82385337524912
4808655,1670360,750.4780572217841
4808656,236911,248.89775423523253
4808657,1290771,0.767444303831577
4808658,1672217,354.96568235377237
4808659,1166875,952.9325558289814
4808660,763712,947.2948835825381
4808661,1553543,742.7649564007422
4808662,1100157,387.96104609369985
4808663,1035694,319.6079949305406
4808664,1561846,247.43871461069577
4808665,292643,398.4731154176183
4808666,807980,289.63634391535663
4808667,1297768,537.5655502737798
4808668,1445072,238.5386919437098
4808669,1934187,233.8902668518299
4808670,1757839,547.8651603193871
4808671,1386306,765.4735209232085
4808672,426753,712.758416234962
4808673,1179623,876.7606855616574
4808674,1722129,757.891085510691
4808675,85773,627.174343581336
4808676,1564000,580.6761823000978
4808677,1646899,197.768498453322
4808678,1294592,806.6935347531257
4808679,797159,784.5110415779685
4808680,1282210,309.37180762716446
4808681,1796259,822.2152688183321
4808682,935987,543.3919811039735
4808683,1998849,597.7348101568249
4808684,1834164,329.413385414542
4808685,1611726,608.2087863739633
4808686,232659,64.96560922808126
4808687,688658,20.78827687467544
4808688,1954809,67.76073966011154
4808689,1703537,499.97653661759654
4808690,1000493,864.5317879337631
4808691,1769152,15.098160279584881
4808692,16968,447.73803760527795
4808693,174923,500.3098159428421
4808694,1373133,694.2730836677543
4808695,65649,959.6432997618298
4808696,1523536,360.88880195938333
4808697,454105,98.65526692988979
4808698,640664,743.6518211258024
4808699,1974538,296.2782634013798
4808700,1060460,996.5262171820203
4808701,606601,944.6958144373882
4808702,457530,437.68521447519856
4808703,535094,774.8414221578445
4808704,623400,235.65115011763592
4808705,434239,836.8508365973905
4808706,1577877,671.1759207886976
4808707,1315886,119.57742254227288
4808708,447805,16.082421239862587
4808709,1164722,42.61984183371259
4808710,1822519,801.0194704514944
4808711,417317,441.93903931535715
4808712,1051496,576.9217476519856
4808713,1481213,721.586661696991
4808714,1776649,202.7469116020535
4808715,1044335,110.6335727971528
4808716,1007586,343.9877862461048
4808717,704068,716.6345895705914
4808718,1591348,539.6592627690206
4808719,325366,219.71987724722686
4808720,1892932,796.3618503071582
4808721,1289016,966.7111297033161
4808722,375789,441.406575765096
4808723,720916,822.2710252793219
4808724,1874548,246.2819913747858
4808725,657906,369.2388521801242
4808726,227973,603.3589579555816
4808727,306642,139.44808797530962
4808728,1174102,528.6165291224694
4808729,36960,493.7633920207898
4808730,1419577,969.144932556924
4808731,1399881,837.4755445982006
4808732,1162906,325.89224055020117
4808733,158102,188.2612732598773
4808734,1053795,667.4267107979724
4808735,43458,468.3140306661813
4808736,202106,983.9302107313624
4808737,384351,359.102548609061
4808738,1376182,731.6938141593674
4808739,73655,183.869469108646
4808740,245976,272.7900564760414
4808741,1304427,346.2163393153923
4808742,585097,183.45277179603193
4808743,247631,365.26434714678635
4808744,12266,828.954126320007
4808745,1433452,937.0828463621453
4808746,333997,181.5171844382887
4808747,1532065,631.1832455551681
4808748,53237,525.6949257625485
4808749,772567,194.98171068152902
4808750,1920501,992.835137494466
4808751,432481,46.5748010583269
4808752,540555,7.927633245310317
4808753,1005936,395.7965101967399
4808754,1564449,669.3923551786072
4808755,367266,307.4384254380175
4808756,894645,550.6081606185296
4808757,408941,936.9707033663817
4808758,1393431,138.6008016273712
4808759,1755677,366.2108377488541
4808760,956694,748.9780687301467
4808761,1668863,193.02266102001187
4808762,959884,193.29854960871728
4808763,157123,167.757370961503
4808764,579999,999.05904173859
4808765,1499082,578.4975120253354
4808766,1340579,958.8583705657147
4808767,243923,237.23392862346392
4808768,525728,730.8763709692329
4808769,308244,854.0231862852432
4808770,1879443,178.77194615057002
4808771,1578373,560.7101141889628
4808772,386480,203.26788770754655
4808773,1526119,717.8848155194389
4808774,917393,783.574936394252
4808775,321751,754.9598429803448
4808776,1019548,56.477202006454675
4808777,1671875,935.8711939422552
4808778,1280870,631.6975210264974
4808779,101812,286.374683537576
4808780,95114,937.7056420556827
4808781,742984,341.8675898034971
4808782,307272,897.8132456228528
4808783,1745557,934.3590386765968
4808784,1620753,758.7783666356939
4808785,723404,704.8615539048521
4808786,470521,325.7401183365909
4808787,165179,141.79342622626112
4808788,1602912,198.65927490678592
4808789,446774,485.3846953546095
4808790,1344573,405.5079466731215
4808791,1148491,374.715744862831
4808792,1539570,602.5544236887459
4808793,1190081,852.6590012414509
4808794,1129273,363.4703793049566
4808795,525912,216.37267911192026
4808796,1362574,293.5216538117216
4808797,1809780,222.3161503567217
4808798,1213712,173.61680299062854
4808799,455742,679.3800582273826
4808800,1637386,903.4321774810646
4808801,383882,715.7925332795187
4808802,243349,217.63391098724028
4808803,867958,970.5875192995824
4808804,1747113,898.9409275383442
4808805,790472,353.85710680924177
4808806,323924,956.897913738845
4808807,1651219,209.73899513390992
4808808,1956236,455.3108280924154
4808809,830772,255.45826671388983
4808810,1922653,78.51793066599666
4808811,1028051,139.07271100405737
4808812,1068921,164.44174060533012
4808813,95329,869.5467429995645
4808814,1594568,597.3775225971989
4808815,1705854,148.34810893514472
4808816,305388,905.1569480468468
4808817,517199,676.9047693489167
4808818,243947,635.5643221591068
4808819,1964185,6.164134288504153
4808820,700929,369.82311381596946
4808821,1826206,51.54146545969718
4808822,931696,739.8371100083679
4808823,1138182,451.07061564266394
4808824,1475590,763.4032065234303
4808825,1556340,213.60638477318682
4808826,977811,718.7612500696529
4808827,86636,145.8797633505776
4808828,1973544,654.0094554695996
4808829,141174,978.7614070741007
4808830,85383,591.1923096298206
4808831,848207,598.0266160072475
4808832,1286217,126.18592893336012
4808833,186590,754.981252302695
4808834,921964,530.661096513877
4808835,1639144,709.9800505437169
4808836,143171,752.2099151383695
4808837,1597250,317.2894085554461
4808838,1226407,524.4334980213731
4808839,43383,779.709656367483
4808840,998492,758.7348976312162
4808841,557952,198.28866506565646
4808842,216118,325.64249580281836
4808843,48367,11.492385354436752
4808844,1010117,565.7949328989658
4808845,1951685,930.3438461628468
4808846,709198,144.00522232865808
4808847,1228610,108.2028919951079
4808848,917809,7.799905681505348
4808849,1472029,331.36859130924626
4808850,1532716,909.4481124750557
4808851,280610,232.0872959102257
4808852,1880777,461.19215597998056
4808853,11378,343.59758099845806
4808854,1963386,207.20732928151207
4808855,545107,817.2783539866009
4808856,1592317,835.1213389729112
4808857,1742232,724.7646410015193
4808858,1519225,447.0361573878754
4808859,1248463,985.4603830957898
4808860,542047,107.67523366401188
4808861,1194455,678.2052416908676
4808862,1220203,18.259543271992197
4808863,263877,401.0267907448297
4808864,1722098,158.23266950919756
4808865,1640279,193.39821191512087
4808866,1396755,377.5315855511392
4808867,1319200,835.1024829840293
4808868,144389,188.52177679900518
4808869,1835957,111.23696965574837
4808870,1509339,646.4983560812719
4808871,1996551,687.353385396712
4808872,1339039,166.22140012463993
4808873,365866,999.4000056079549
4808874,800614,939.4989483527531
4808875,913329,609.7360552738131
4808876,609231,652.1364097944617
4808877,672847,523.7142292668638
4808878,573365,35.06259353989427
4808879,1170410,414.1781813062093
4808880,129361,282.43280857602673
4808881,1693838,777.6969031473877
4808882,1603698,742.4012820589119
4808883,1292688,829.0775431412685
4808884,917347,96.01303750994316
4808885,1498669,987.7771404003074
4808886,430092,946.0515634947062
4808887,1855649,949.1817441879564
4808888,411029,939.0528886655397
4808889,1023784,112.96491836575606
4808890,924390,689.8380625515534
4808891,24023,142.12299207453626
4808892,1851079,539.5489599565359
4808893,820196,120.51825523177374
4808894,505454,336.0031299407498
4808895,1733899,986.3248916980809
4808896,115087,157.79284895153467
4808897,1421630,59.234535331208484
4808898,990913,739.3802644542046
4808899,377989,289.892834531022
4808900,1091844,472.68924662402014
4808901,1221841,732.2577160663415
4808902,138571,596.913281012583
4808903,307310,684.1843084900971
4808904,359506,684.2842479272114
4808905,1024060,289.00522885264024
4808906,565284,993.476842459994
4808907,434076,188.7956832810037
4808908,1962356,261.0453441695795
4808909,913103,834.9426967005547
4808910,1860870,725.0377521384017
4808911,1994512,505.5880006753405
4808912,126170,205.50984951406338
4808913,1821048,167.2735443237322
4808914,584121,410.6447468807287
4808915,1946522,621.1370669914459
4808916,1830939,211.43609401414088
4808917,386535,343.0374800553102
4808918,1180720,438.9663955258225
4808919,59149,945.6569516991939
4808920,1790729,249.18040774441053
4808921,808785,99.07274504748587
4808922,554033,197.1405649934024
4808923,1887482,442.7931058092215
4808924,939049,219.23954688878987
4808925,573874,103.75609578836298
4808926,1698736,507.1996058925721
4808927,1513587,234.4063564134531
4808928,21132,458.19531362759705
4808929,1574529,621.700534065259
4808930,215281,884.5139301971383
4808931,1015174,305.01256784773545
4808932,1634862,581.8951436334731
4808933,339766,458.46702763834537
4808934,1834585,539.2267713181276
4808935,1234017,549.968631394557
4808936,1403916,607.3921245796361
4808937,124496,33.08827913303236
4808938,313334,575.0555769141392
4808939,1280024,255.5380178503147
4808940,616075,788.6171808032051
4808941,1898124,213.4363045928366
4808942,1122459,555.7896127801699
4808943,157462,444.35662998441904
4808944,1129679,368.3251645759288
4808945,1826300,792.3365990142511
4808946,487709,914.0380670475355
4808947,1741611,99.9568304474432
4808948,1113383,623.8541977133165
4808949,1335991,52.729760762229574
4808950,481324,309.57353803893284
4808951,1948564,644.0981177067504
4808952,906630,124.95501491866557
4808953,748605,567.9647996511642
4808954,530816,323.3265734754457
4808955,484366,470.5119437789824
4808956,1653194,8.552087933897056
4808957,400402,516.2818497033059
4808958,1522157,488.76861792546566
4808959,1721858,207.57716264223347
4808960,788885,225.85634267619903
4808961,629115,890.8691434173456
4808962,1576001,420.1534611871444
4808963,296539,259.02958728027727
4808964,745679,402.78231526864795
4808965,1959640,494.0053512728551
4808966,1871061,380.3451930209004
4808967,734552,75.20502869538981
4808968,294780,928.1167832826295
4808969,560814,735.847099700967
4808970,545438,60.31483379263336
4808971,353889,47.23090238616412
4808972,1972522,280.9561332027687
4808973,739575,322.78531657317444
4808974,1567421,501.24862718355666
4808975,1873130,300.2616346047273
4808976,618052,979.6329755128271
4808977,452313,866.0361862467581
4808978,279997,48.01662676819485
4808979,1144591,235.09973908000558
4808980,1070618,337.24969377065486
4808981,1751651,583.1169654994808
4808982,601050,234.1122552503644
4808983,1108424,389.094881576288
4808984,1587597,856.1434078883257
4808985,277477,65.14522616551399
4808986,1951842,512.1577892149237
4808987,858805,876.885873439101
4808988,1850115,752.5447516401608
4808989,1741791,271.1808330194412
4808990,8859,650.5860640109049
4808991,1943219,416.02266758814045
4808992,1141288,678.2746543577151
4808993,493391,603.450726507078
4808994,27346,17.14659052546219
4808995,89446,868.1186995704744
4808996,1846304,363.52811868087866
4808997,1331956,783.6280801486961
4808998,1313968,835.9908058451867
4808999,1676508,719.1997407207983
4809000,374104,99.6019718143063
4809001,755047,789.0313481794304
4809002,5054,361.63754283906303
4809003,1676743,621.3086095508643
4809004,612433,276.0231249603631
4809005,1503565,603.7642695090603
4809006,1384815,920.4433386475117
4809007,537983,131.57016098328677
4809008,743222,873.3895775349732
4809009,248412,304.2966021927605
4809010,359764,443.38160176664934
4809011,1488928,825.8112538026467
4809012,973339,108.8670118241043
4809013,976609,342.5988785693613
4809014,507167,924.4589970938384
4809015,1486032,120.10057882666148
4809016,1896328,982.2897973136919
4809017,1215417,967.5870311655643
4809018,962819,925.5580423124557
4809019,132043,783.9420298846724
4809020,1596968,49.19994734163979
4809021,990235,945.9228185091926
4809022,928750,758.8101004590167
4809023,247311,338.8538797749748
4809024,1397106,71.56719199667361
4809025,1447036,516.195202665461
4809026,1677181,939.8724556586822
4809027,873243,769.6444145587593
4809028,1996508,387.4807220312272
4809029,73109,153.3528561843488
4809030,724042,350.7242590878656
4809031,532722,785.1715289332238
4809032,19565,298.13007964039394
4809033,915836,1.5869129538514937
4809034,1820413,782.0755318272074
4809035,1144464,392.60221030105146
4809036,1756299,396.2455406811326
4809037,1082678,816.8418615827323
4809038,1220549,827.078469813829
4809039,1468450,971.6525285617834
4809040,250512,770.7765542703892
4809041,215521,267.8406919077185
4809042,369751,334.642928063548
4809043,713125,168.92810363166376
4809044,790307,309.52419226860906
4809045,457357,876.6786892181485
4809046,1474428,315.9819691246086
4809047,467728,560.1528637585534
4809048,373409,721.4858817404942
4809049,1678470,771.7276488299718
4809050,1687091,295.0738877647171
4809051,360204,286.71936380426564
4809052,1996835,268.37450409760964
4809053,778146,1.3485968148583272
4809054,1347262,860.2981310591534
4809055,287661,873.5631018952813
4809056,1310572,70.93534754936415
4809057,1174651,443.23099571358784
4809058,1687326,197.6549605024932
4809059,1650731,656.3359028445918
4809060,921744,818.936429744514
4809061,697764,513.6696287287072
4809062,1567701,19.733266954901186
4809063,111892,725.7973456374833
4809064,694527,868.7267157174479
4809065,90365,31.185203978610243
4809066,1375817,470.24168128256485
4809067,1790585,188.09379448456997
4809068,1720694,212.57402382520607
4809069,22347,888.104543499598
4809070,692764,524.6479610065662
4809071,1250144,220.90318784840056
4809072,481058,704.0821452398095
4809073,507604,959.5737344710642
4809074,1896132,87.77056100058533
4809075,488002,656.7163230361614
4809076,1244672,960.4599619983906
4809077,615981,17.02105318462921
4809078,1051272,122.56726516064975
4809079,1333383,838.0433096975044
4809080,58187,645.902156019375
4809081,92800,642.2528848440545
4809082,1552731,311.5554695822198
4809083,1138868,884.1277897380521
4809084,1505897,690.7762225245691
4809085,1386729,644.672208056133
4809086,719656,901.7882080509422
4809087,464081,305.8701257224734
4809088,1607431,414.8950462782502
4809089,1910401,705.7982019200891
4809090,1261700,141.47633040809237
4809091,701527,193.27689322440546
4809092,903299,286.52067154521046
4809093,1168594,911.4990494483768
4809094,985487,203.72774404300708
4809095,540463,883.5158855973658
4809096,31559,885.2120681874047
4809097,311343,418.2033306121907
4809098,1007582,460.0270698315906
4809099,1751730,220.28395205969386
4809100,1461578,373.84358498840163
4809101,766134,602.765434202292
4809102,1525909,560.5338460854813
4809103,58215,754.0307521429846
4809104,1188814,145.20789387157595
4809105,519926,848.4385863431424
4809106,1175266,342.1967000502072
4809107,1267766,403.7446182702812
4809108,704519,362.65838137323493
4809109,1985777,910.8399631895476
4809110,1979040,260.3650988123514
4809111,1218264,202.04838845369366
4809112,516342,676.3633596484752
4809113,678324,68.93315130333677
4809114,1582352,365.7387567870054
4809115,1121831,213.19476018594418
4809116,961444,663.4896762836686
4809117,623914,360.7413979060511
4809118,325689,466.9293660875736
4809119,1202467,846.8373785853089
4809120,1529214,595.8598416184445
4809121,81284,520.3986490887258
4809122,1559269,278.88874260012597
4809123,1138846,617.2658788711518
4809124,1390001,848.368612375317
4809125,264856,234.39220298410223
4809126,858695,619.5820470646457
4809127,1197684,78.5533902957457
4809128,1391101,648.0057647408155
4809129,915886,335.01431508102695
4809130,450842,859.1772964232044
4809131,279912,181.37024290088632
4809132,524351,240.05230393269318
4809133,1047212,928.6890564888756
4809134,503137,208.4046959081789
4809135,453734,87.84553602251289
4809136,1723003,503.76133372466734
4809137,800768,141.0657994264529
4809138,684591,442.8244710993429
4809139,1196762,57.80367308634027
4809140,1783271,287.54772436203314
4809141,283395,872.3145883191174
4809142,322619,978.1004457401187
4809143,1980553,406.3580317116362
4809144,1578233,59.907382016709754
4809145,335388,266.1579122341303
4809146,1285919,857.6295892875484
4809147,122469,656.0767792111426
4809148,397845,994.5687926849698
4809149,105462,666.3066668514386
4809150,1693892,453.57918854055157
4809151,1457749,757.7698810232495
4809152,1475744,608.534136545484
4809153,1302693,937.1180435303712
4809154,1559535,505.29392718597035
4809155,1811595,945.2772205361355
4809156,100100,833.2448761655035
4809157,1685585,347.0172410153024
4809158,1326697,785.6048024263752
4809159,563914,582.2814091165653
4809160,1101898,815.8980524277292
4809161,1003972,766.7896630941304
4809162,839529,279.2832179127955
4809163,976088,340.91307909044446
4809164,34042,170.8447541495799
4809165,1457799,624.040019931235
4809166,1617868,490.037453657591
4809167,18430,18.297342661090067
4809168,1841210,778.2173648500824
4809169,363559,413.1044854273461
4809170,139090,931.3266754004064
4809171,1439603,901.3858723910976
4809172,1215819,222.7263054197103
4809173,869071,72.42446561914639
4809174,529338,42.512280425253124
4809175,276810,770.9043240483508
4809176,801523,744.8755072501287
4809177,1409068,528.9349144455648
4809178,1105357,183.9318038533665
4809179,564937,160.621439913751
4809180,1015562,25.873613085044656
4809181,1368064,144.97353165791893
4809182,1734351,782.912322483119
4809183,558876,979.7069127606927
4809184,516526,785.9401308776139
4809185,1622652,506.1308876019275
4809186,19232,699.8524835085958
4809187,1518001,86.98849104277173
4809188,1249222,79.24939091397276
4809189,1847419,506.8607936270669
4809190,1261137,536.3658346360245
4809191,1848718,220.80066129428167
4809192,1185136,677.2754856387138
4809193,1263858,478.35557779727077
4809194,46779,357.5049282142878
4809195,1002273,18.857983709293926
4809196,1723928,974.8414577883276
4809197,1987371,812.9573716833431
4809198,779036,607.3833589356534
4809199,491002,846.0104852775869
4809200,284180,968.786115136833
4809201,874548,81.85013928655593
4809202,1857836,113.71288981912997
4809203,164961,559.5652319269666
4809204,489345,706.8966560218413
4809205,131775,398.1770639148099
4809206,489131,81.83947381090806
4809207,1477893,822.7996988356539
4809208,278828,300.87967586326016
4809209,1213373,284.1884499512024
4809210,1214820,856.1928908971142
4809211,1589806,620.3436767477602
4809212,642660,972.2996406709238
4809213,152723,578.8810768816699
4809214,909981,654.9940909201553
4809215,222570,687.5543472670713
4809216,1116137,545.0999668326174
4809217,360399,934.543417321361
4809218,1474893,196.1377295707064
4809219,626012,756.2858970058996
4809220,1032327,403.90249625265284
4809221,307847,970.6833930034987
4809222,1331194,782.9346789243269
4809223,723376,117.85536604200497
4809224,928663,776.757614943142
4809225,303656,360.7879617008376
4809226,502836,897.1941657495302
4809227,295923,473.7787565239399
4809228,237115,805.8486293728214
4809229,1247326,521.2912371989588
4809230,794722,731.0923250632648
4809231,1102480,489.50990319488784
4809232,1357282,79.48149689154005
4809233,119923,890.1052745072571
4809234,638465,591.1127395237787
4809235,1607510,353.8658624903094
4809236,309569,73.74848081071627
4809237,1158210,381.23476041940216
4809238,1919790,838.7760396956264
4809239,1262788,239.25793009286045
4809240,55678,619.6181345916885
4809241,997432,265.8989916590251
4809242,374563,875.4417418630034
4809243,1622510,17.018386128458406
4809244,1347026,688.6443708808015
4809245,145440,39.61083935579857
4809246,275054,117.42406211329825
4809247,908307,84.8967843057601
4809248,86484,495.66317034462213
4809249,1481562,809.6010009799313
4809250,1983582,154.26514805111668
4809251,300437,520.2874562331871
4809252,1704184,380.46630911009396
4809253,1812616,704.8235461805656
4809254,1306509,403.6581580469778
4809255,577477,850.8194455357896
4809256,510607,124.10416903181675
4809257,1993256,960.4553203749283
4809258,1139629,709.6569913213392
4809259,602064,801.157054128974
4809260,1156983,449.8332607350012
4809261,1907809,26.046333073132754
4809262,415260,981.261763562181
4809263,967460,445.64015702148396
4809264,1313873,870.0059954247762
4809265,1319544,620.6338666368124
4809266,1833411,759.6380735553029
4809267,162735,720.0231508936968
4809268,965153,304.60993018641216
4809269,128845,275.78385546135155
4809270,1574240,845.7445145879109
4809271,71119,180.59745236208624
4809272,1559017,606.5111729249481
4809273,697255,92.66543059349708
4809274,1323540,539.6809422059766
4809275,372529,584.0283352183063
4809276,887371,95.18804779161161
4809277,1614842,28.085495620176594
4809278,574744,108.86148532325879
4809279,477575,705.732020808866
4809280,1565425,751.6443667069806
4809281,528119,564.3675021778894
4809282,419852,463.79377626244235
4809283,558579,927.6594899058446
4809284,999335,714.568977370485
4809285,1742233,640.8527635458358
4809286,1427169,173.27516218242044
4809287,1478582,35.65273415768488
4809288,1145509,941.1434075966988
4809289,1546498,131.2602866413646
4809290,515214,529.5159400947921
4809291,427589,797.2702872052428
4809292,1762708,456.38683292923076
4809293,387877,222.78120645421296
4809294,1168400,173.23840832343197
4809295,833688,316.0143208001942
4809296,717267,794.1062687850871
4809297,1343436,265.26690458406046
4809298,1472638,868.5362093785391
4809299,1271225,915.2935928258698
4809300,526544,45.15041651799579
4809301,1158840,435.0958431335157
4809302,233640,577.9429055371386
4809303,116146,436.1574352254948
4809304,1549,700.1801403071628
4809305,371985,991.5624396926149
4809306,413689,49.782977058502986
4809307,1120889,593.6030048238771
4809308,1851528,58.726045618744834
4809309,513988,943.0618732487283
4809310,1817199,204.6853533128301
4809311,120209,420.14137456279224
4809312,1264075,558.996839084057
4809313,80533,242.86769193472446
4809314,716968,470.8965353480037
4809315,980216,34.94558588826979
4809316,1605101,189.4311219562035
4809317,1741601,906.2093911359134
4809318,215988,821.8545055419033
4809319,580643,629.5493397559344
4809320,1874404,455.0748738965846
4809321,1651260,212.61672474339733
4809322,1329605,153.1939083002336
4809323,1530227,904.3865632433613
4809324,720150,523.8191559829246
4809325,413500,373.35662229809986
4809326,665569,684.0844121253501
4809327,1400269,839.1444509869775
4809328,796379,470.36724990980105
4809329,1770055,749.1793376385745
4809330,629974,508.8011524643297
4809331,318365,766.6742304217081
4809332,1812938,702.0988903632991
4809333,954919,903.5203576256561
4809334,1051203,320.87722760997053
4809335,1720749,517.103044761452
4809336,279028,96.48327572634518
4809337,572748,642.3752225065886
4809338,1464839,629.7628472076836
4809339,840325,335.7403251713587
4809340,261688,812.3456712703146
4809341,1214919,635.547555923386
4809342,1723469,935.9318440053142
4809343,184752,785.9259310165361
4809344,782549,345.8801148108157
4809345,6246,721.746762219529
4809346,1784224,126.46099013095635
4809347,1057466,41.97651540378378
4809348,923212,243.13545822787276
4809349,1656341,804.203264898251
4809350,863845,682.0957316366354
4809351,1947463,854.9129511719359
4809352,957987,778.0844557757624
4809353,611155,130.7138174631769
4809354,1728105,739.692699826187
4809355,1519380,68.58643664454334
4809356,631620,315.0085779611195
4809357,223403,51.13586542049631
4809358,186487,920.7396129744055
4809359,240343,978.7972906803947
4809360,585058,481.0758403703596
4809361,1897567,964.2295192903509
4809362,148694,445.5155219609633
4809363,1396051,796.3746336377776
4809364,1451278,909.8410364170147
4809365,84825,55.542786659393606
4809366,1508058,99.25251949498315
4809367,659046,373.8424492043776
4809368,1271743,139.15996213751325
4809369,68770,467.54400603356163
4809370,975232,167.89702170044652
4809371,744972,600.0885896475795
4809372,1855143,616.4703159688366
4809373,1791901,656.7386389663534
4809374,1555470,678.1370343914444
4809375,1796705,731.8146700652494
4809376,1560415,787.1568115169097
4809377,1730462,418.84887898706125
4809378,1248571,369.5509914076802
4809379,417021,880.2785028258353
4809380,636884,710.0339605072671
4809381,1980308,247.02728276154616
4809382,968800,47.28118663849301
4809383,401578,964.7065617114881
4809384,1882750,850.1539469474629
4809385,1668386,723.1474120948651
4809386,373612,786.6781970616756
4809387,572419,746.6970530812607
4809388,1236962,312.2656207641632
4809389,816138,988.6664773969177
4809390,1054674,958.9630312123943
4809391,1426657,428.48957311547065
4809392,920123,620.2890622079235
4809393,1662873,121.66003530007485
4809394,1515123,620.3493987463454
4809395,682200,655.2013700865408
4809396,1185816,110.14129549173057
4809397,1879917,144.81080387590652
4809398,841743,755.5506507991107
4809399,1085460,805.9541190945142
4809400,538691,960.1288835684722
4809401,417345,574.087071551915
4809402,1480346,876.765885623714
4809403,450170,960.7621533008725
4809404,738244,624.9900090297691
4809405,1438508,735.3474161890504
4809406,37865,161.5723638843445
4809407,163349,554.2032301159933
4809408,1292052,784.88231555731
4809409,1474702,589.7007650520701
4809410,1838950,46.01663830390657
4809411,1526387,312.87937878125325
4809412,407326,299.76894338700964
4809413,756950,33.79616303654676
4809414,1407270,863.2573451742295
4809415,1827309,964.815899316076
4809416,467344,45.56095318154241
4809417,1007064,886.908879441089
4809418,337413,461.3545627667587
4809419,793401,847.0510451146771
4809420,1395683,399.53846298986105
4809421,405013,131.96132463804378
4809422,337163,977.0609185582992
4809423,1152351,393.34388754919235
4809424,744479,374.77482252821983
4809425,1314176,252.69110519156933
4809426,1348716,113.48382955810443
4809427,1597130,839.1363929421112
4809428,1979493,70.43739034075425
4809429,1894094,862.5400269268678
4809430,960851,575.1454836527171
4809431,822164,775.3485618082377
4809432,320695,69.1701846414855
4809433,116252,633.5931726619264
4809434,323935,682.476385609236
4809435,10419,724.1223870521964
4809436,259449,240.07293665858575
4809437,842001,112.18699861247461
4809438,1122882,485.83187606841636
4809439,943575,515.5210814579347
4809440,155565,525.8322531207413
4809441,292945,531.2963691288944
4809442,1901026,265.1547397466516
4809443,1719833,542.4923570859333
4809444,1203373,381.3440200924691
4809445,1020920,515.8831880735377
4809446,180847,164.44203447468752
4809447,1522148,492.1132667765543
4809448,1383330,182.06531309080586
4809449,1489685,561.4196713700297
4809450,74979,995.2336506334758
4809451,1806763,114.3455912395348
4809452,1223257,919.201777252135
4809453,1130923,982.6414563703427
4809454,608972,954.2399252722427
4809455,1760375,371.781176703368
4809456,1454246,727.008051268317
4809457,1496293,469.5260737765288
4809458,1276211,377.91067588435646
4809459,246687,271.97735417401447
4809460,208574,488.31680861519266
4809461,1540409,838.7700082103466
4809462,1157410,298.5140281630816
4809463,1416702,401.88576040268777
4809464,255068,456.2040079911129
4809465,1854949,994.5700374904969
4809466,1609189,565.982051543987
4809467,1261300,131.99419093157582
4809468,769141,103.86578795822643
4809469,1945425,478.8535846581343
4809470,533840,208.64459256964142
4809471,1310603,857.527089787732
4809472,1731486,86.30534083927355
4809473,842892,655.7662121661253
4809474,1931165,138.90801644213224
4809475,489529,9.742766009239956
4809476,103486,138.57223555464705
4809477,412980,787.372657450275
4809478,792627,108.74371197087851
4809479,443598,714.7212520978517
4809480,1528058,606.6162816726193
4809481,1890671,381.2846526466187
4809482,270524,432.23886385632284
4809483,789932,200.4621177048438
4809484,1197107,345.93448747263824
4809485,1048533,36.0912152991566
4809486,627123,459.39213885445696
4809487,1953582,923.8434392430365
4809488,1503319,667.2414576382927
4809489,1499485,341.4007239313084
4809490,55671,717.0853838968353
4809491,1546518,674.1457789898778
4809492,1185572,982.2698303172915
4809493,1807045,99.30527582459692
4809494,1946480,809.3785296245214
4809495,1773502,741.2140415800275
4809496,1597288,778.9199077892296
4809497,1229106,448.0096558368147
4809498,164272,662.7111015072607
4809499,1824973,272.7804040450333
4809500,250412,765.4285338386892
4809501,1704178,49.721069825713556
4809502,818989,674.8773413082332
4809503,314803,679.6413816258201
4809504,420599,526.9849423058024
4809505,1494637,325.09805782180234
4809506,1743390,975.836248169876
4809507,791215,910.4817365233473
4809508,162178,303.6708507941901
4809509,1302567,510.809522963681
4809510,1583472,962.6725093507104
4809511,987053,98.71054913105448
4809512,53728,779.0721977045923
4809513,1558075,321.10588973447784
4809514,1058102,234.2619725931422
4809515,1176051,689.2879253934237
4809516,150361,504.9577388691834
4809517,1678546,96.91564001882679
4809518,169704,18.545511680338578
4809519,83420,990.4660081140719
4809520,1095352,627.9722474753958
4809521,1107861,292.77223334927106
4809522,1777352,230.5873076439434
4809523,1739001,487.0624300315878
4809524,1773883,795.1497339785258
4809525,195755,437.37497302274295
4809526,452028,949.7692374472118
4809527,903993,221.0202908128329
4809528,816940,179.1121451540697
4809529,735149,933.8874202031275
4809530,1777466,146.13724626558943
4809531,1886952,379.188304587475
4809532,346057,180.08320137499322
4809533,498152,687.3518725356812
4809534,1227331,92.52723072860991
4809535,886969,325.8006134108109
4809536,1703323,941.4389395629025
4809537,697338,329.912056062994
4809538,1966702,201.78851236887584
4809539,292984,25.717733640462704
4809540,1459894,599.8394588060603
4809541,23475,499.84097438146927
4809542,795326,138.17134221431283
4809543,1113409,598.7058642754636
4809544,1199871,997.7137066472366
4809545,9389,187.81725875105005
4809546,1944503,58.504670369694644
4809547,1464415,370.21974217916664
4809548,709560,334.3542967790063
4809549,336492,65.75616579931109
4809550,452098,203.1453949190335
4809551,396386,52.297825637851794
4809552,1350675,616.7198640759428
4809553,11440,251.39693677994956
4809554,1510704,806.0088483151525
4809555,730417,910.6100364998747
4809556,324020,873.6560325073806
4809557,1537157,515.0203724915154
4809558,1431567,710.5855636842075
4809559,1304942,900.4553529712013
4809560,1364100,52.80941584465604
4809561,1264085,175.6279650062955
4809562,1155907,367.1104029098273
4809563,446829,885.9383777684534
4809564,798994,834.1057874792477
4809565,398018,419.56632355866276
4809566,1246959,17.318222501470416
4809567,936338,624.2683936055248
4809568,1006943,846.3906338144113
4809569,758292,252.23106869948563
4809570,519723,521.8217028808333
4809571,1637261,492.15505655086247
4809572,1902752,809.5879962218272
4809573,51158,728.1478515387379
4809574,1921015,68.1526811418367
4809575,1908492,621.0042153027925
4809576,1160930,200.0631119918478
4809577,764889,917.5893154644687
4809578,783750,60.699903624823584
4809579,681915,570.0946095150309
4809580,1388498,905.6765509689814
4809581,265460,729.603111058406
4809582,1350890,635.7227963503848
4809583,521206,427.2392248750226
4809584,1908005,483.4278333347093
4809585,278530,359.8047347969708
4809586,1802223,188.0167712362011
4809587,1911967,404.85984691438205
4809588,1017537,40.001123955185406
4809589,1451711,998.7668059943879
4809590,493407,832.6329236014711
4809591,741372,892.391111182433
4809592,428437,411.636686086482
4809593,3842,320.53021765016155
4809594,1621714,643.758269262394
4809595,1238433,909.8101406113096
4809596,954766,218.6672502129865
4809597,1834588,475.2935897165449
4809598,51812,279.214496358293
4809599,451499,515.203492174997
4809600,760813,28.018854213048726
4809601,1138269,606.32767319313
4809602,1138047,922.0798955793323
4809603,1233860,84.49906328177693
4809604,667947,613.6801695507698
4809605,1512316,25.798684691948793
4809606,1264823,322.04528652308096
4809607,770612,234.38717094706163
4809608,493367,976.8887570183241
4809609,1032024,386.45729364837166
4809610,160514,534.5497974327208
4809611,1333155,931.9565603625338
4809612,1372480,718.2773674384407
4809613,1896269,3.2729816923424693
4809614,346499,671.2841903882039
4809615,1658461,550.0904334386199
4809616,1594288,254.75440752669087
4809617,1744604,807.4204316477798
4809618,983283,326.9884550049447
4809619,225801,882.8104645618374
4809620,1219450,325.71060625776715
4809621,1460557,520.0540010115111
4809622,425332,971.1677065042396
4809623,1163138,970.7688338135096
4809624,162857,643.1408228233431
4809625,1303249,97.95321826459424
4809626,1683333,325.8576189636391
4809627,928040,946.6094871720243
4809628,1671349,142.75755251990364
4809629,101397,727.7030121709928
4809630,1101030,215.7827166895784
4809631,989969,607.4653277052759
4809632,625309,840.8627484419023
4809633,535722,651.964755920873
4809634,544911,660.1336542558265
4809635,653426,194.45305115727652
4809636,533061,957.4605222684331
4809637,1684656,355.0947684640718
4809638,1087408,945.3109820776768
4809639,1842412,557.1018659340473
4809640,1256464,709.7810860169835
4809641,1473218,566.3611473134544
4809642,1164833,505.55336922416325
4809643,1413157,787.878562190349
4809644,1196799,512.7398055085158
4809645,1616666,367.53826096092826
4809646,1348736,580.903907643015
4809647,1054653,748.2901104398813
4809648,400332,979.2716121597819
4809649,989244,188.86009658964608
4809650,311618,845.044608090378
4809651,116840,767.4166036787008
4809652,762507,868.4309314614308
4809653,1387583,33.22351122524259
4809654,1516077,876.2158241387208
4809655,236052,854.6332946943247
4809656,1363569,937.2873249692584
4809657,76892,882.9383092931198
4809658,674459,698.10063809013
4809659,690038,779.8129424997303
4809660,842544,28.26683858300727
4809661,110862,524.6080958522239
4809662,1579708,84.14371412838028
4809663,1478523,763.8447523736045
4809664,75986,309.8467837395216
4809665,1660214,166.77634845017153
4809666,1740797,988.3388768363179
4809667,1393888,549.1977822904399
4809668,1985013,167.34569307461012
4809669,846737,85.14157413567702
4809670,358388,690.3787098210491
4809671,1951465,255.180281443532
4809672,1734535,898.778705215059
4809673,285922,42.18998402188734
4809674,1143139,871.5847127277378
4809675,561188,254.9909365957269
4809676,155654,512.4724275426644
4809677,1729020,196.51708054954332
4809678,175118,808.6035507917887
4809679,771113,363.12686760388056
4809680,330860,596.2935238227184
4809681,1046058,681.2862946068175
4809682,955763,263.22528877434104
4809683,557229,460.69155830313827
4809684,96017,77.5820346920586
4809685,1726578,598.2136191262132
4809686,1033869,144.843802387159
4809687,549403,943.9173026299262
4809688,1321786,672.7105461033792
4809689,3390,151.82475245206874
4809690,1655486,419.71859255876143
4809691,1686623,399.52782287001185
4809692,1431379,887.8544455235259
4809693,1006560,625.6549487104132
4809694,894796,2.1585763938583025
4809695,144608,47.093717617728956
4809696,1298291,129.04313615349406
4809697,1687128,837.680034923566
4809698,809563,611.3210048068458
4809699,1993583,499.40915329058487
4809700,1521428,584.6294552867139
4809701,528875,540.6265669145946
4809702,1550956,113.58241640407518
4809703,626987,895.6988341134438
4809704,777835,294.77872191935484
4809705,897528,119.5327969248271
4809706,488728,112.35613856531789
4809707,1258465,750.4102824518908
4809708,418016,987.1867134972372
4809709,216191,843.1365956966681
4809710,375081,261.39640829175016
4809711,72163,797.7110335055718
4809712,281907,358.4602542110793
4809713,1656451,693.4335408549683
4809714,466138,170.19884507211523
4809715,1925208,944.6758409587151
4809716,1301785,393.062606729087
4809717,1251795,553.4933060820696
4809718,1427230,775.8931699006716
4809719,1654613,88.38448882115347
4809720,1539303,801.4606045025113
4809721,1221334,200.5437568953836
4809722,1142497,45.54662601651649
4809723,28326,674.7141345104131
4809724,1832883,687.0761897559431
4809725,312256,37.010452132780536
4809726,814374,509.87121089039243
4809727,1165476,690.6387333201793
4809728,1586394,81.42152622814692
4809729,1905496,656.5449425815071
4809730,489264,71.82911686295357
4809731,507007,853.5158095121926
4809732,1388489,542.3272686780888
4809733,1329223,552.7578617768236
4809734,275982,365.89714340030946
4809735,653781,692.5285857282802
4809736,279209,711.8259365661521
4809737,308193,308.58347680646114
4809738,1132987,358.29126978813997
4809739,969288,296.3128136684657
4809740,205314,735.9648885977506
4809741,1133603,155.072134628795
4809742,219509,611.2032213372946
4809743,1492070,104.65287169437832
4809744,1186919,214.59219984062938
4809745,456520,175.0452138336084
4809746,1480230,524.4638754712068
4809747,334944,30.70288724874848
4809748,491668,51.58101261933545
4809749,741236,134.32118993299957
4809750,891889,367.80540676592466
4809751,112111,754.5843057751933
4809752,428478,85.19794974749185
4809753,928458,904.0354965746466
4809754,267560,933.869309209264
4809755,1138,147.29733816375546
4809756,322668,9.770919469848982
4809757,90979,218.43860235528655
4809758,1748417,887.3703326191919
4809759,901473,501.655390024426
4809760,80709,752.457814074732
4809761,1345882,728.6496533922548
4809762,784554,227.20299213791895
4809763,945926,735.5194419917138
4809764,902658,719.514018685183
4809765,1487152,418.78336714267914
4809766,1413220,755.8375996069749
4809767,199302,224.11904751229284
4809768,669816,322.40155320157623
4809769,57351,886.6331502158631
4809770,503425,818.7644086744668
4809771,1810646,22.639550347955396
4809772,316408,540.4691696546449
4809773,1822351,872.7800172576646
4809774,648563,329.98125663817336
4809775,1593541,331.89993534075313
4809776,28495,78.74633785980245
4809777,244089,267.24040219344823
4809778,1894134,643.9199611656298
4809779,446202,299.3379211673209
4809780,1656988,799.3943353090654
4809781,328776,898.006624228814
4809782,1756977,509.6514537143609
4809783,1708423,129.0110615103497
4809784,1111772,839.7987179280133
4809785,716886,437.47001138431597
4809786,866105,919.19096972949
4809787,720928,131.5500682205838
4809788,575021,521.278568773083
4809789,1386575,927.1155873749042
4809790,5076,655.7361448000522
4809791,643995,903.9062039554009
4809792,1879048,560.3396536119071
4809793,246688,840.5831378447267
4809794,1909659,364.2056091295285
4809795,591739,918.9292792056231
4809796,294913,225.89569686102274
4809797,388496,642.4206061575197
4809798,496522,222.80553378230616
4809799,1986864,387.9974097675468
4809800,196540,116.02486556812053
4809801,696612,325.2545791536786
4809802,464595,118.44389116110254
4809803,110730,791.2727203931721
4809804,1819587,572.3264685913923
4809805,872174,149.82919031748375
4809806,1198818,656.2665720497132
4809807,1728550,547.4521363893692
4809808,1739288,283.2474195579622
4809809,776450,434.6959074627926
4809810,1993003,996.2215967948082
4809811,1837253,838.0224136594255
4809812,1576459,908.080201029277
4809813,1565747,541.8386967983888
4809814,614531,224.36881632179762
4809815,1948370,517.8229023303298
4809816,1223818,376.4082028694522
4809817,1131575,325.2484456893394
4809818,1114619,443.43398331751973
4809819,250047,554.7066978325777
4809820,1423068,527.3417856649988
4809821,798391,373.3875242620296
4809822,56680,757.3938071642953
4809823,1971592,28.75467845958579
4809824,133045,336.18634997838916
4809825,891382,610.5755033728908
4809826,956168,111.57546655828754
4809827,1119406,405.3906517869321
4809828,1867929,222.89777721282877
4809829,1334303,260.95714812922256
4809830,656929,853.5519565508313
4809831,524983,934.4407201103185
4809832,1375856,42.507351681940754
4809833,508304,543.921839259155
4809834,1418076,839.7963364571623
4809835,743163,846.7586065068638
4809836,1150753,768.9898792293935
4809837,359002,938.9795743103867
4809838,551334,301.38126948764864
4809839,92947,653.6239902872912
4809840,852474,569.2773814457724
4809841,1619458,628.8119529984634
4809842,1871024,33.338091531747935
4809843,138475,994.6739100102653
4809844,545320,595.6667324311455
4809845,882885,557.779373653659
4809846,1676861,902.1635978782157
4809847,748320,336.2748647055963
4809848,929735,953.6465862483616
4809849,1652187,146.71051982447526
4809850,472798,724.1399670911054
4809851,1906840,584.9789244444
4809852,1990912,484.11534325991335
4809853,411636,338.68145537323136
4809854,802919,469.56311795072315
4809855,475301,309.80268175444024
4809856,1228398,570.61480987945
4809857,108139,900.609202214211
4809858,316489,28.540980039783115
4809859,703224,565.7816450034522
4809860,732153,754.3945829162351
4809861,737311,432.95585780537306
4809862,400966,441.13920853884946
4809863,404497,301.8601915419912
4809864,1651550,37.16574018578412
4809865,1663385,641.258495060015
4809866,819071,23.394308805740227
4809867,1954754,338.07393173438925
4809868,1543992,436.9608374415481
4809869,319164,34.9181436254713
4809870,1439783,675.1843114813157
4809871,605360,561.6939742814199
4809872,288500,898.5316969638363
4809873,1137692,155.64125496022984
4809874,863192,972.6134039190879
4809875,610091,100.84324638973918
4809876,802034,463.1699738197208
4809877,1857373,490.44843598040865
4809878,1752210,494.2072065158475
4809879,23549,251.96562290725288
4809880,1604156,432.1234983550709
4809881,1449290,186.25360622936006
4809882,1217836,97.24743068498253
4809883,1276995,17.463105268383018
4809884,456226,470.5176744803347
4809885,1626133,544.2513930076872
4809886,734937,973.6711147021838
4809887,1804882,276.2861899431279
4809888,419967,345.61593133586643
4809889,1610056,663.9355790864574
4809890,348113,488.1715855110477
4809891,562732,219.32554480989074
4809892,467242,102.0145059710843
4809893,860321,196.87719769873547
4809894,35390,793.4955845903324
4809895,104862,23.62636691676856
4809896,524444,61.34072140495406
4809897,1687087,396.13806365583616
4809898,1143511,88.61314293778055
4809899,1409199,355.7873704858039
4809900,875748,768.0886520345326
4809901,174446,125.22164549672222
4809902,788999,88.23592902213161
4809903,160757,339.07586465246743
4809904,1970799,642.5140565310203
4809905,701806,42.35719516868641
4809906,1577962,661.2541244596365
4809907,1420818,487.0634804815874
4809908,601159,184.7473476608633
4809909,473253,38.93669839562885
4809910,177836,279.1123485441693
4809911,856095,75.13929635099036
4809912,591515,962.9610317333745
4809913,1253552,517.4092066368219
4809914,1531575,978.4413242689878
4809915,1692283,37.59375239983343
4809916,789589,432.3983533540368
4809917,789555,987.5516467760783
4809918,778725,650.1063722672272
4809919,101371,966.5609427855798
4809920,1221912,828.2140340750151
4809921,1568527,218.37305159492448
4809922,11797,503.52446100051884
4809923,881450,959.9211853992599
4809924,607960,933.8922254174436
4809925,69134,694.6758316178774
4809926,769834,412.7165036195256
4809927,1250856,199.78979245553353
4809928,902098,291.28315659779656
4809929,1783425,482.30535338920055
4809930,1612710,621.5314680620484
4809931,1962296,529.3650515109683
4809932,173615,822.9469123021612
4809933,168888,357.68452592134224
4809934,527437,28.48037873713327
4809935,535243,663.7042215970265
4809936,133170,467.42162899301997
4809937,1861888,168.35830514840467
4809938,1470546,786.7959381018036
4809939,861176,932.7475299530662
4809940,1253049,659.4132994293004
4809941,585376,541.2563516199106
4809942,852504,508.5587535439717
4809943,904348,293.62702600294597
4809944,1805602,930.211175810031
4809945,1136736,933.4283651422651
4809946,1439566,378.0696096270029
4809947,1800460,333.8219755763232
4809948,814566,592.1592686069257
4809949,1954553,393.2287386556426
4809950,262108,670.2572219775161
4809951,1164849,551.418304377021
4809952,1774633,398.90031532245064
4809953,989422,678.5524418980789
4809954,887188,254.84366231823307
4809955,1739303,530.3605605971799
4809956,1319997,804.2653849735061
4809957,203039,494.9893301553526
4809958,688608,883.3507119746553
4809959,747952,276.93913723565964
4809960,540174,395.3714489730802
4809961,683273,409.4214130262137
4809962,1357611,359.34019300059373
4809963,1852538,597.4574599537871
4809964,769287,750.0473928968894
4809965,301792,714.1211805923933
4809966,329954,713.7332554369618
4809967,1381141,449.2342296538244
4809968,1246286,896.561967127869
4809969,364422,672.8284629409329
4809970,1955890,463.21635379616276
4809971,1576518,49.403484940244155
4809972,1766565,483.36143099629567
4809973,469327,595.4354256435279
4809974,1181487,606.139634902852
4809975,60994,970.3374787460256
4809976,914414,269.6232006584685
4809977,1111234,602.2343675075358
4809978,121362,461.82399191322475
4809979,475162,687.9864684791966
4809980,398545,212.3160434508933
4809981,1324092,765.6112470168981
4809982,56345,759.9790458352742
4809983,100153,445.68719861459715
4809984,192611,772.8779007422334
4809985,1593266,687.510292991345
4809986,887165,46.731587529106775
4809987,1243880,896.3161498391131
4809988,1868930,27.480721503763572
4809989,974129,343.65653505509255
4809990,1260374,158.27943957947076
4809991,1548676,690.0076172459214
4809992,472366,105.57218518152689
4809993,660975,715.945612571326
4809994,687388,383.8318555643929
4809995,846291,774.3065071686597
4809996,5747,654.5914987840299
4809997,682731,735.5464502740116
4809998,114949,713.9142859308523
4809999,832611,613.2075003274267
4810000,858765,533.4341680041574
4810001,342542,56.36348069652486
4810002,162356,351.2206977985527
4810003,589677,356.78639070078486
4810004,1741587,410.4948669892383
4810005,1397368,625.7683398040567
4810006,1672918,994.6972977821143
4810007,31814,904.9598303445478
4810008,1146124,651.4416693028533
4810009,359760,462.209476583566
4810010,377504,277.3919040744618
4810011,1417747,846.2495238348766
4810012,1644513,240.20415194585132
4810013,771914,275.77754327138825
4810014,1164021,586.3352734775855
4810015,597836,974.2210872538282
4810016,1639930,992.7212254817478
4810017,404214,814.3687114791096
4810018,433010,736.1735455095727
4810019,1349973,805.4698868987527
4810020,1779357,990.8391812773649
4810021,409341,706.2513373756755
4810022,61671,643.0555584436343
4810023,1239853,400.26213990097057
4810024,1629633,952.3284174555279
4810025,96968,393.8239200510939
4810026,1881506,762.8053884269852
4810027,1670703,949.9009904387474
4810028,1479780,762.2855527277638
4810029,1207662,309.5580658153485
4810030,415627,839.7894230417794
4810031,88509,458.788152531459
4810032,1623073,956.9787569166572
4810033,1160416,318.78325403396633
4810034,1228954,743.4886564729347
4810035,1196944,122.76894018616392
4810036,909542,867.0063293133326
4810037,820577,79.75886986751001
4810038,1600089,33.576452939479196
4810039,301222,611.2755966384095
4810040,45098,529.5541164988778
4810041,1618151,78.99048107139262
4810042,1621065,279.5434687171806
4810043,648128,742.7533410226786
4810044,1082670,232.1726429268005
4810045,1825186,40.94015637647863
4810046,444957,129.55878589046333
4810047,1785510,982.063901894369
4810048,1329355,201.07755417952023
4810049,868210,12.654987399859818
4810050,271531,694.6390596833445
4810051,1325531,821.6445163199677
4810052,1841411,433.12055837068976
4810053,980920,454.9602662377233
4810054,412111,835.7313186900319
4810055,103602,148.5384716382887
4810056,88499,786.0389342597678
4810057,769894,832.8331422152478
4810058,930795,490.4294949808494
4810059,950769,712.8370364058642
4810060,862186,907.7285939508323
4810061,569109,619.7530487004982
4810062,980425,476.84268833230226
4810063,1268773,17.46225296216297
4810064,1549707,144.43376885706184
4810065,259098,185.0979471877916
4810066,322493,239.0730117104506
4810067,1059689,158.6179369757035
4810068,571522,204.23875797541857
4810069,1184587,543.9221044398155
4810070,282701,304.9314635009447
4810071,219076,731.36024724359
4810072,1283818,796.3240153939297
4810073,890961,956.5052072958094
4810074,1168430,469.79041202891835
4810075,772397,591.3297361186001
4810076,648342,393.75957937637196
4810077,1641956,226.55175227335556
4810078,1699575,180.67910344446426
4810079,707736,436.29100935225097
4810080,1627528,443.95593139585264
4810081,190260,978.7072670081496
4810082,1669822,731.930637329435
4810083,1477744,672.6918024232982
4810084,1498961,50.75036286106715
4810085,1149496,690.277150030284
4810086,309170,628.5807979080691
4810087,230207,764.5764185982472
4810088,1178374,880.1058120733899
4810089,1371265,508.19151867924404
4810090,639153,794.4823072609956
4810091,1764797,179.97387355748663
4810092,365185,135.53570728877108
4810093,1608536,81.33152269600951
4810094,1052071,322.2856074126733
4810095,1638534,61.07951611369211
4810096,1845899,294.71827383137804
4810097,1806158,358.8173501189365
4810098,522557,887.6798393086955
4810099,1365237,420.13884018848347
4810100,959007,510.7174084826317
4810101,887321,178.45923434229738
4810102,1090383,189.3185764344517
4810103,1571763,244.74124701033097
4810104,610240,871.3340506164919
4810105,744298,914.8720024029033
4810106,1395656,130.97748816686516
4810107,1001003,407.4905655055319
4810108,1066947,275.3444783361223
4810109,484138,375.9862490237237
4810110,1159390,606.992086118399
4810111,576067,328.18627066008065
4810112,1201734,768.9633000932096
4810113,1132047,326.11983605719075
4810114,755646,71.80843202227261
4810115,1790070,430.19809904025465
4810116,1238172,813.4090723589928
4810117,1438401,306.7103083164684
4810118,1135796,468.94827418493065
4810119,553318,201.93103491133135
4810120,622035,201.79632165617446
4810121,121724,26.548044252453607
4810122,968593,356.9906947865278
4810123,1116169,381.4880916155627
4810124,1019660,291.70109204660963
4810125,1178066,630.705822041214
4810126,590390,213.87272051248684
4810127,662911,548.4520790788772
4810128,1348114,749.9974858903242
4810129,1222481,60.02339322998462
4810130,1402246,273.3412369688551
4810131,581861,682.4944336447376
4810132,1422120,619.6850589712171
4810133,1650202,418.05030916258613
4810134,1619168,370.45468882088903
4810135,922622,156.36454641955578
4810136,1898802,967.1867474570522
4810137,1586921,7.892411670424759
4810138,1863457,870.165344661388
4810139,720053,716.4309463482981
4810140,863159,255.4836739460763
4810141,385677,962.158023798923
4810142,1608874,675.0719304543287
4810143,536938,862.170489580743
4810144,1035809,578.8916073707269
4810145,629540,35.740918872304576
4810146,71837,497.4109517888343
4810147,1311533,66.92478656185085
4810148,956155,119.90333653214036
4810149,531553,267.9700369834291
4810150,1978014,78.68443992436669
4810151,1668737,132.77817328140418
4810152,1087026,294.13089096196745
4810153,681799,439.3880917268279
4810154,1006867,567.5872919764608
4810155,396261,607.7171156219234
4810156,656673,85.0945297485699
4810157,153429,325.82001800750106
4810158,852309,336.65997134953074
4810159,1772276,440.83862305579913
4810160,1306294,270.9023725377514
4810161,1373974,522.0201179196662
4810162,808125,996.1201659611834
4810163,596766,386.32797118256855
4810164,1819884,66.8070595523863
4810165,323553,459.8730817970313
4810166,1102917,459.36248761559983
4810167,311564,628.4290381439952
4810168,1280802,946.0542542496049
4810169,538124,414.44919499549417
4810170,957769,52.04713111991843
4810171,1269141,618.3789534980579
4810172,110919,66.59839976537896
4810173,1580914,852.8484766151568
4810174,177052,605.568671286713
4810175,1521125,84.86431234616131
4810176,549109,82.3628732098981
4810177,1383343,971.3506659622923
4810178,1385967,773.6007781078304
4810179,1514402,961.6088532903246
4810180,1501875,545.8744626120325
4810181,768913,110.73036387614621
4810182,1788978,813.3981604888353
4810183,50947,734.8952600633785
4810184,338046,491.03606658725505
4810185,479169,460.61681376886565
4810186,98989,693.8197518133658
4810187,1324840,559.6685286006576
4810188,796099,344.10027849943805
4810189,613892,578.7749859225153
4810190,1968022,752.4096064808597
4810191,1313369,83.36216345475434
4810192,1003111,284.6344176819411
4810193,579696,860.5159718066706
4810194,249847,12.68009236101042
4810195,1567883,392.1878029585768
4810196,43209,374.20686162307504
4810197,1304020,160.9813652343227
4810198,1603072,882.8593275293156
4810199,1490926,76.508013946884
4810200,117497,941.3329561109774
4810201,91011,184.3166171250642
4810202,88914,941.2899577166208
4810203,404736,217.68779493816982
4810204,146466,426.6652153001157
4810205,303554,568.0843182600632
4810206,1709087,629.6711969450777
4810207,1810625,795.8714809535298
4810208,930737,387.8057220301191
4810209,231448,559.1990844583478
4810210,360000,793.7565427724966
4810211,1655058,330.43431413782986
4810212,1990437,759.4904154112147
4810213,1238101,793.6795575778623
4810214,826448,489.82901200126514
4810215,1752214,498.10668405829495
4810216,739633,263.7262141727499
4810217,79881,957.8043537145644
4810218,277934,783.9770988519198
4810219,215583,380.9289339266056
4810220,777834,581.661947136334
4810221,747622,558.6992175132153
4810222,816266,946.4621720696032
4810223,104984,305.64504572979314
4810224,1605921,221.0806313910777
4810225,1702542,957.4966341305773
4810226,930031,769.7608975735092
4810227,879785,68.85695608942932
4810228,1313398,496.0478692801853
4810229,1133145,621.8746035206536
4810230,205830,769.6892704672873
4810231,1839784,857.4437349967648
4810232,1360385,196.73309673587113
4810233,1548226,882.9710689388291
4810234,1267066,73.59199711943087
4810235,1964604,849.0157283270285
4810236,1241534,138.37870151691632
4810237,1219247,588.970317043371
4810238,1842468,850.363963712144
4810239,1894623,628.6707427744785
4810240,1226651,33.75859440085971
4810241,1937255,317.3700335475605
4810242,1209690,748.6603419258138
4810243,1984788,906.2612974585936
4810244,492445,845.0217625085733
4810245,272495,814.2315560227369
4810246,433258,177.72729714176984
4810247,1168527,300.4437482348467
4810248,1208510,827.10676205892
4810249,429718,751.4015614817242
4810250,1921737,447.1208597992209
4810251,1891867,4.440178133739203
4810252,758481,636.8356034257697
4810253,954987,167.63538448756566
4810254,574069,917.3512003129468
4810255,388051,25.238742619712706
4810256,1448632,73.63336104043938
4810257,766748,291.5358689909738
4810258,1502691,295.40449743488915
4810259,239313,170.79066876023964
4810260,1540643,657.9087684453061
4810261,91311,764.4734996390422
4810262,1203523,724.192191623844
4810263,1232428,484.48662947920263
4810264,286896,33.617310655407294
4810265,12678,62.477236679916224
4810266,445157,63.83046792371416
4810267,632374,61.89688868658194
4810268,868508,553.5342014520833
4810269,774607,257.403200589485
4810270,563679,639.1558751321553
4810271,77,651.9526699079655
4810272,645154,109.96400018117546
4810273,1642240,833.713783088074
4810274,1351639,928.6239619115694
4810275,1234944,282.0606248247954
4810276,1271749,188.87067682675573
4810277,605718,495.3104065682915
4810278,748053,894.2789100689289
4810279,1496038,54.19374475686401
4810280,1005585,524.9782801671681
4810281,988570,667.4189082186466
4810282,878466,654.3955828644099
4810283,654937,338.97367444962555
4810284,1192175,637.6783865973331
4810285,1662675,745.4827455443544
4810286,1720108,294.10556125312326
4810287,1686983,216.026323833298
4810288,1848490,639.0776675902017
4810289,638321,724.8400503157726
4810290,1779580,315.65197540725734
4810291,21496,457.48527372489724
4810292,949360,494.70649287209335
4810293,1289845,787.8445383288844
4810294,1101615,955.0919567728777
4810295,1319894,930.6155317929008
4810296,600058,274.59834075572473
4810297,1361898,22.4067239435759
4810298,1006930,152.8012322041271
4810299,706797,319.76071273757276
4810300,353847,756.6018698267291
4810301,639746,448.1615405835054
4810302,1513133,370.9685316127692
4810303,788177,176.51504619713876
4810304,1414950,37.954258458971154
4810305,971925,923.9027768187377
4810306,270200,4.053393514101389
4810307,482752,665.8585093809859
4810308,302820,973.9769684317743
4810309,448262,672.0209917024602
4810310,1511262,489.4097355585004
4810311,887980,211.9044371199851
4810312,740846,284.6235766594405
4810313,1389384,67.30561276098368
4810314,98480,160.05184449974274
4810315,1242151,491.46069647308354
4810316,1340257,967.313806744804
4810317,1416005,485.84869114654106
4810318,511708,168.34735808096778
4810319,396538,195.1886443921792
4810320,451343,856.2430156282231
4810321,114414,51.8977371534225
4810322,141550,998.5376733944667
4810323,1866969,858.3664532593432
4810324,675317,767.2094477014219
4810325,1526346,701.0231466727937
4810326,1403779,676.1220158200555
4810327,1326715,918.1724759157323
4810328,1471100,695.8561340115434
4810329,1368678,417.22799998048674
4810330,880732,502.4304254375507
4810331,1997179,744.7938147119254
4810332,1779654,1.7148077205297874
4810333,1905445,481.2109279127157
4810334,633779,446.8972490995383
4810335,1679160,909.0789070964424
4810336,206771,439.24094988398457
4810337,98519,43.49975462496292
4810338,1867153,903.3468601558044
4810339,762625,47.11918645373792
4810340,1261652,908.0689025048031
4810341,672365,106.36342462133341
4810342,1723726,899.5878621882715
4810343,831716,635.191714687103
4810344,800982,755.779764870757
4810345,750275,313.27451498975887
4810346,1532478,980.1699862405087
4810347,1463729,506.30469725936143
4810348,1396513,377.45736866456804
4810349,590379,221.45699126534214
4810350,1266119,351.8248690913317
4810351,363027,706.5762337533492
4810352,829638,671.280361932501
4810353,991581,150.8113022277927
4810354,1919207,667.1442484479843
4810355,1492097,177.81655103936012
4810356,298021,806.7986074427749
4810357,1130139,159.1403635961227
4810358,614168,711.758948486209
4810359,1844491,768.2274736518169
4810360,1008152,661.6216865868925
4810361,1568625,994.3263892949055
4810362,1887761,310.91022184280405
4810363,284525,239.8082773907667
4810364,1011589,609.6235045819681
4810365,350608,369.96837420800045
4810366,1178432,916.9328200598377
4810367,365385,945.498902084672
4810368,410110,549.8757090322158
4810369,1529570,335.66449808832346
4810370,1805884,503.93505614584365
4810371,1634066,737.0782711633071
4810372,922753,184.33769167886294
4810373,1951648,109.79868956504635
4810374,1021416,749.4098358527402
4810375,1433653,569.2777243762542
4810376,1797596,229.21515340497845
4810377,324249,501.34126438378536
4810378,57589,790.0146733656638
4810379,1708066,917.1371702197215
4810380,1280462,69.06357635336103
4810381,956359,446.2604154966582
4810382,616907,655.2092770417895
4810383,1417838,38.51791337434618
4810384,1364323,165.11445063056706
4810385,249668,138.20394880285758
4810386,8345,936.4173934421958
4810387,613367,820.2341812671087
4810388,1021060,908.6743252423771
4810389,1709985,463.8056931314181
4810390,481275,511.07466395951104
4810391,8080,799.9006387867171
4810392,126108,20.68670310300702
4810393,1259113,834.2633320016942
4810394,1918101,899.6761978452771
4810395,1593397,722.0468569765451
4810396,154415,61.50972022602852
4810397,1464644,361.84127153281287
4810398,1557321,560.6359741436823
4810399,1476146,372.8245529104486
4810400,38403,888.6498361098652
4810401,584374,942.7693479035954
4810402,3999,913.227149634331
4810403,1909195,821.0392378430236
4810404,1541058,160.91364956174715
4810405,616649,292.1091417125455
4810406,109991,653.9649240464865
4810407,903456,803.797905567589
4810408,1118307,843.6809242162067
4810409,1678473,158.69116627892376
4810410,1894981,196.35656046849837
4810411,872479,177.0715247782232
4810412,1001777,610.1513225085506
4810413,1575722,452.2567519283609
4810414,1537726,105.5862105169093
4810415,224699,264.9027805530818
4810416,315844,787.7830678094051
4810417,1359655,795.9233605765887
4810418,1783796,151.93160221135105
4810419,555665,820.3832946883572
4810420,721845,448.8558274077092
4810421,1009412,924.1449450044177
4810422,685775,291.74284325348196
4810423,1401871,539.2500951797166
4810424,109771,823.0464365441735
4810425,1591882,794.6263671379062
4810426,1848065,188.81280155014502
4810427,618063,785.5018724719616
4810428,105468,203.9631169730055
4810429,1420442,737.8272086548552
4810430,1278664,33.27060736637888
4810431,1694293,196.55433964940406
4810432,1635085,138.4798589724141
4810433,1187177,336.2214832319874
4810434,361573,185.1640140043528
4810435,1894472,998.7889328506993
4810436,809379,310.3416126636678
4810437,1627575,835.3329679055536
4810438,457364,31.694707175278005
4810439,1645466,860.3322298614066
4810440,444982,721.5038259219166
4810441,1532282,443.93806654605083
4810442,1217399,104.17386060723088
4810443,349817,411.8389251106789
4810444,1069419,294.33804566102174
4810445,13428,909.9498117265713
4810446,452191,946.9912778827832
4810447,1796439,950.009860736162
4810448,1321660,836.8005674907635
4810449,824849,361.2060496855757
4810450,356017,945.1048853493612
4810451,372220,514.6547475447531
4810452,1161956,861.1241429077442
4810453,846011,442.19183120028936
4810454,520995,449.25147214159233
4810455,1227300,990.2762279545173
4810456,19833,980.0641314257396
4810457,1699386,166.42949402671414
4810458,117652,267.4061340373407
4810459,1245168,120.77202560422695
4810460,1351861,653.150678516076
4810461,83768,903.8224013365711
4810462,673248,518.8284728074223
4810463,1170335,995.1742602941129
4810464,1491367,232.98167719930552
4810465,1845781,793.6442565429206
4810466,613027,112.81366892340017
4810467,886211,908.806434258529
4810468,1505491,322.398194719015
4810469,1406814,686.7664546553156
4810470,1296853,255.52931004368494
4810471,1822661,681.9872223818089
4810472,25833,670.5208106313376
4810473,1980678,383.7818670956742
4810474,865896,124.6922084045382
4810475,1567271,301.2531435437625
4810476,1154411,494.4666038143086
4810477,1079807,384.0182527137551
4810478,1056782,297.51845952958223
4810479,36943,461.33300694218235
4810480,1822389,110.76623175842781
4810481,58376,317.99400953551947
4810482,88788,218.90732030651526
4810483,1082500,490.96712952643264
4810484,1405809,52.533553109865515
4810485,1831506,315.828116086862
4810486,1086078,47.18653332712075
4810487,813753,931.0793652180489
4810488,446852,832.6474964961882
4810489,813201,886.7498032335717
4810490,458431,461.45026996232684
4810491,1370717,514.3692969824864
4810492,277307,442.0327523960896
4810493,1630195,340.413763384889
4810494,704581,247.3422043045914
4810495,933527,464.402589014429
4810496,1118182,567.2319198710235
4810497,910651,245.0597957039683
4810498,1378026,587.2108134711954
4810499,527983,310.7307732908677
4810500,1973682,569.6898337705362
4810501,277312,396.33458730421046
4810502,155896,285.0252391581124
4810503,668487,480.4926034376907
4810504,1145521,371.5973880534954
4810505,1879173,91.23215759562298
4810506,58285,586.8123931786504
4810507,780780,34.00049154196705
4810508,262514,542.3320330428239
4810509,200915,680.7626792060688
4810510,550071,448.4440489547263
4810511,686048,485.4879084955801
4810512,201707,273.1965306915617
4810513,1506644,981.1480393976358
4810514,621206,250.70957057534403
4810515,879628,676.3916314873799
4810516,1069243,859.5426114122888
4810517,1520933,876.4653956495938
4810518,1920091,23.187019710278033
4810519,1567890,398.5761968524809
4810520,289961,77.89427734008692
4810521,1723491,351.3086801239189
4810522,1189345,232.89402666461746
4810523,1121897,930.0435762044749
4810524,1892921,116.22363964017335
4810525,1044006,179.0967321472816
4810526,16761,766.8065988849522
4810527,221470,670.7862131046119
4810528,1250817,154.32118968801979
4810529,1394209,633.2163574732998
4810530,78258,319.0838730543966
4810531,1005923,846.6623188499906
4810532,1140280,211.5276264253203
4810533,1776406,668.3798921692452
4810534,1922428,261.94197852044755
4810535,17256,25.02875689250161
4810536,1867762,660.0106061685995
4810537,62557,450.97472509200674
4810538,708607,0.3846050614756402
4810539,1693156,403.9300510729742
4810540,1763411,3.822916974220991
4810541,144701,744.0865336448716
4810542,361451,872.2399830439089
4810543,1151338,922.6815487337745
4810544,1865695,803.9906726884574
4810545,1188144,139.67490003375693
4810546,1042531,581.3858490336241
4810547,740343,736.7830483819641
4810548,1752634,48.290836633051114
4810549,546968,16.195394073037605
4810550,10830,194.9668521105492
4810551,70398,967.0963221231593
4810552,1077539,582.500402603855
4810553,848380,526.0402638301126
4810554,837864,872.9213653178107
4810555,956699,516.6287260149306
4810556,329994,726.0074274054598
4810557,1690950,243.2300475167841
4810558,759806,961.1159499536982
4810559,1221473,411.1239294650266
4810560,724649,674.3180195602132
4810561,935167,729.3668606435346
4810562,720317,782.4772409305502
4810563,1671356,824.0375830894128
4810564,1737445,646.4483925855511
4810565,1140937,746.7902430943548
4810566,221570,607.3938329821584
4810567,940463,693.9000770573641
4810568,596909,139.76636899556027
4810569,760691,489.18439156424296
4810570,381410,104.19966175595118
4810571,1319447,457.18019097368557
4810572,1851003,213.3736261595065
4810573,21957,87.67532075425655
4810574,849389,370.7212766070409
4810575,1010972,507.8814945938963
4810576,446132,276.9968842610913
4810577,320708,459.26347705724555
4810578,602681,623.2642140903515
4810579,1237936,143.29155156166752
4810580,1747807,904.818955569026
4810581,797104,652.4098520061336
4810582,1923174,403.4349146084841
4810583,971094,302.6207549573816
4810584,1374254,652.8509395283426
4810585,487861,688.730809644216
4810586,763918,252.26077177501782
4810587,968193,882.7795022288271
4810588,1987503,697.5834850029732
4810589,802078,332.2453656471551
4810590,1385971,937.0912278632792
4810591,1988990,912.6314967265617
4810592,94737,39.719404987249575
4810593,1497577,643.4290548795584
4810594,1514894,783.031383864479
4810595,244655,902.2499531180407
4810596,524805,341.22330251521504
4810597,1434964,425.7243936746766
4810598,1704661,296.0281726786975
4810599,1383428,303.6498955781192
4810600,602485,270.8631492811941
4810601,1961987,666.9904759097159
4810602,73419,772.6907790215328
4810603,305940,326.5784723553334
4810604,907281,499.3926211967776
4810605,1129967,500.7789670255226
4810606,1483972,317.70608842112927
4810607,940321,574.2169780799273
4810608,1177615,198.01400894890952
4810609,1835276,473.9649281190449
4810610,1570148,644.1146305061152
4810611,1696513,944.9576643012559
4810612,1647472,776.3832991005455
4810613,1848648,866.6238128786188
4810614,1832094,403.5878473565395
4810615,1779679,578.3394193881498
4810616,708448,703.8959825850451
4810617,1922995,503.36113451633105
4810618,845821,599.676766582248
4810619,1295779,303.2406389242657
4810620,1271620,976.4592851681607
4810621,3642,535.6643022164503
4810622,301981,69.22352379371755
4810623,1538193,266.603020795794
4810624,1804157,46.75632611372749
4810625,1182224,207.0144967837756
4810626,712367,698.312437235385
4810627,276911,829.9912241883538
4810628,562323,803.5499844583197
4810629,733475,202.82295193673085
4810630,586223,421.76124658427005
4810631,765858,646.6579506915324
4810632,440397,206.46333130143034
4810633,421192,333.51686828994195
4810634,1793267,992.4767076921356
4810635,884602,311.6026228428685
4810636,1595441,473.9262788293509
4810637,1826013,660.7183350823365
4810638,732745,790.7081036059368
4810639,1050667,524.5279168019466
4810640,123981,793.8047426621399
4810641,1652483,859.4394604772432
4810642,366500,144.56690651823746
4810643,1454639,9.94494130733148
4810644,1282216,893.1723820472419
4810645,140699,832.8763311954607
4810646,1545057,837.6343473670016
4810647,480841,745.7182122129259
4810648,168228,109.50058601158219
4810649,359984,20.44873468848507
4810650,1636880,676.0191816071275
4810651,876045,977.5881636667779
4810652,1984313,481.7373122223073
4810653,1550685,274.1621072780384
4810654,669893,828.9789500480986
4810655,1120303,58.32950383559221
4810656,1962201,438.71733758418077
4810657,1048967,839.9745849453659
4810658,62101,526.820251304276
4810659,513427,769.8869608796593
4810660,1752779,460.35401181478653
4810661,212790,229.96953107849183
4810662,1607116,673.921799047015
4810663,1399668,92.69883289728776
4810664,1288137,62.15870748879515
4810665,1974624,634.455475755626
4810666,1214875,805.7524794506636
4810667,390211,103.63774042624851
4810668,1251995,712.8984271824891
4810669,1663753,430.0168695853106
4810670,1618409,638.1268788372207
4810671,1927725,387.87186701338794
4810672,1717357,231.9117436249183
4810673,1438589,453.27260822002955
4810674,1103786,543.2130427422924
4810675,742582,562.7383029387099
4810676,263236,384.9663396012318
4810677,158844,141.1785456354262
4810678,1357017,376.2345566912523
4810679,1472274,124.32393257198781
4810680,1305943,108.21585557992786
4810681,1444881,293.02004474103694
4810682,1916106,393.35583458483313
4810683,720104,206.14779149601304
4810684,656097,231.55039337566873
4810685,1845120,854.0479474543
4810686,336471,78.47915432034746
4810687,588831,326.2576730027614
4810688,1842643,763.5536394227262
4810689,833819,53.43274784353369
4810690,652795,212.48333976123158
4810691,458959,713.9009769508525
4810692,128637,626.563994968639
4810693,698888,815.9422316032624
4810694,721616,813.0714574993881
4810695,1282943,292.7333886351718
4810696,1422518,817.4878129101708
4810697,1380730,56.005813999419175
4810698,675570,158.22674290392658
4810699,1613134,501.9918065111629
4810700,1585182,210.6776379535824
4810701,804822,578.0369890205084
4810702,1755900,40.43267675144069
4810703,1745042,433.4041734525356
4810704,1154703,359.52160326081815
4810705,1379412,214.0879409749592
4810706,638257,165.9332629469943
4810707,736819,711.2649271712911
4810708,1101376,912.5707782124714
4810709,1782964,157.58545878381403
4810710,1105845,260.9688480408239
4810711,586225,318.1483782905783
4810712,1002017,448.7636757835166
4810713,820824,801.7310202405386
4810714,25713,186.33654065446603
4810715,506773,817.3727939528371
4810716,830449,77.47025440812982
4810717,207688,60.76833409733573
4810718,1581738,950.726833665508
4810719,1367895,350.5712960134113
4810720,1419834,441.64885295210945
4810721,461278,731.436597965537
4810722,396356,192.347695255914
4810723,1287096,352.07287388529505
4810724,1576293,59.209773256965526
4810725,1329562,160.60185448957964
4810726,267335,197.23697168181064
4810727,486467,74.509228894024
4810728,327938,48.2774395498049
4810729,518011,412.9096373303657
4810730,622928,389.6417857923649
4810731,1658260,16.53233120131381
4810732,1425206,668.0983244088377
4810733,786988,145.75063672049137
4810734,324505,78.29294450736613
4810735,512628,716.0155098452926
4810736,86200,750.9054195171615
4810737,770292,116.15288804264745
4810738,1650468,101.24628689749271
4810739,404535,720.4949031522241
4810740,16819,213.54048562667194
4810741,1874779,705.7612586076131
4810742,1869141,844.7004079414829
4810743,342350,258.0670245900287
4810744,650224,322.87420226685657
4810745,96614,62.361150151862056
4810746,965356,366.022409108557
4810747,701936,85.523744605286
4810748,167507,35.80096897731278
4810749,364214,347.98847364082195
4810750,1813645,561.9177292819456
4810751,1496621,210.6030258480681
4810752,808547,563.407161638294
4810753,610096,901.2836436970213
4810754,1259501,196.01373982688165
4810755,1022807,307.5467845455674
4810756,1845016,178.84842677461833
4810757,337437,689.7591876725362
4810758,1693557,158.89111502342146
4810759,697979,515.5952918326232
4810760,658233,329.48460816539796
4810761,1848687,99.45214362043319
4810762,75486,85.75042265037513
4810763,1209040,755.6886567181377
4810764,608726,661.1972226948354
4810765,1401022,322.51320245842976
4810766,1313680,57.758656708549296
4810767,428203,716.2919602768629
4810768,977266,570.1025913286445
4810769,1880124,610.7419417135147
4810770,1209714,116.0729736888163
4810771,211515,706.0241350923201
4810772,68164,364.41836410441965
4810773,924502,745.2215963007924
4810774,594499,898.859068376077
4810775,118091,365.05644191884767
4810776,1158148,49.08881345723359
4810777,1094041,549.5517242716857
4810778,1465999,522.1334931905761
4810779,1429292,706.6407501321817
4810780,1655155,887.6263034584897
4810781,247350,260.1600452648363
4810782,1835410,95.16100020232443
4810783,834658,969.451962255883
4810784,516283,909.2813084711964
4810785,1009129,94.79364781464416
4810786,1325399,640.1569319575384
4810787,770909,258.19449992894704
4810788,417733,744.6662044321396
4810789,308816,338.6334403229606
4810790,1228176,625.0678572327237
4810791,993190,964.9268560394632
4810792,438820,726.1506527425931
4810793,1958814,410.7534906908371
4810794,1086170,944.5442843367879
4810795,1555835,269.998829259973
4810796,178148,989.8391454579299
4810797,1017727,499.7971268059659
4810798,1029913,835.2116742421518
4810799,68711,325.6156306949477
4810800,1054449,852.6399743142549
4810801,1792296,694.5101689197277
4810802,1692099,720.8261160200317
4810803,169,350.16135848063846
4810804,41525,89.28736459551622
4810805,1756102,626.0529503927609
4810806,206944,531.1669377975319
4810807,657511,59.095719881202214
4810808,1845796,597.5670760852449
4810809,541104,492.6759973072262
4810810,762404,833.8343204019134
4810811,800066,941.0087729937592
4810812,1832130,433.6168344968773
4810813,551407,344.26793421362754
4810814,1296084,832.6938456591133
4810815,801152,460.7228177270484
4810816,1186026,655.5737290543794
4810817,91013,523.5985091919855
4810818,1592828,441.3663515021272
4810819,744840,186.5739339133532
4810820,790523,604.9390904351827
4810821,895898,369.7100806108651
4810822,343831,846.4049877329244
4810823,519461,290.895125510815
4810824,1193753,811.3015333237574
4810825,984794,194.26128744385895
4810826,127842,961.9607906420945
4810827,1006395,532.7883383036797
4810828,1331211,804.3947805945238
4810829,1595599,481.05561179143575
4810830,725153,135.34900437440822
4810831,342248,550.8671587081362
4810832,1503108,923.3989494936623
4810833,36507,851.9799788590453
4810834,1226339,152.9955695721835
4810835,833475,824.011845062872
4810836,1047007,949.9933602765999
4810837,1898170,502.2742653504406
4810838,1785758,55.11404770325989
4810839,365862,607.6643217421728
4810840,733596,657.3872068619186
4810841,425556,89.40950700591455
4810842,780541,939.3443872210117
4810843,859154,937.5384932483562
4810844,1875090,693.5355433005782
4810845,596480,721.1531949176651
4810846,274724,743.1919147945305
4810847,1923787,74.13588309475938
4810848,859350,245.95997260040227
4810849,1091545,812.3296785751887
4810850,906851,887.4206657787427
4810851,1526602,836.1644660927026
4810852,322394,217.5689837439001
4810853,272859,608.0206081290709
4810854,1106898,261.5736223882332
4810855,1204810,712.2350719149831
4810856,721755,540.4193067660532
4810857,1264907,803.373060065949
4810858,1733203,729.5837472235055
4810859,1823580,651.622692580859
4810860,861420,781.9820056614408
4810861,447676,101.06312663344308
4810862,1231818,838.7655914751946
4810863,1366532,957.3556707574018
4810864,1368363,112.73903552648402
4810865,641042,225.48190955711033
4810866,259271,242.5054199341712
4810867,1059131,542.6502105051428
4810868,1812605,861.5599482177668
4810869,1952724,12.059875385679986
4810870,107151,415.0846398954513
4810871,1599196,636.729306870296
4810872,1480903,912.6490551896726
4810873,781165,588.4824395240373
4810874,953608,648.0348854097555
4810875,909401,811.6403652773535
4810876,426718,481.14014558236937
4810877,1563895,163.9130618632586
4810878,694572,402.2437835865884
4810879,504585,638.2503261586756
4810880,1156054,709.775369306091
4810881,1324212,44.31169615004726
4810882,606271,970.2028136289495
4810883,1953204,605.9790169762307
4810884,1953902,420.1064709015868
4810885,520177,169.84800506338703
4810886,1223373,797.9500286659586
4810887,1545262,939.9263339462291
4810888,1250173,519.8025205534123
4810889,1973038,692.8969040352688
4810890,1562727,532.2761073929767
4810891,44151,219.59323557119504
4810892,1151783,677.989793070702
4810893,1679746,45.98601389795487
4810894,1681511,839.9285798272916
4810895,1794497,444.76385905018145
4810896,1575700,879.7337009895111
4810897,1320518,955.1614683383818
4810898,137308,715.8744914078635
4810899,1599503,358.8147004495187
4810900,1547956,667.7307202334745
4810901,1975811,878.8773557369465
4810902,1224005,850.5239393998107
4810903,1580228,967.6840847117073
4810904,1669255,997.5277542130459
4810905,129737,29.678871941171025
4810906,1842262,471.42470030848204
4810907,629587,401.01135889180017
4810908,1999828,896.5889045086766
4810909,942885,143.63902185425903
4810910,1953191,205.96857358708286
4810911,930773,387.99289960527574
4810912,1737062,298.20015326624736
4810913,1975248,890.5889577755092
4810914,805788,80.46058918323817
4810915,125506,149.61344226832418
4810916,1693996,829.0747241224502
4810917,789082,0.5475061853034147
4810918,1451434,679.8507170583736
4810919,880101,346.94757878837436
4810920,1105190,135.11896684100566
4810921,279621,632.5166357915429
4810922,256643,0.9397138086787438
4810923,761194,291.8230559081635
4810924,803185,198.69023864124068
4810925,156627,396.0796916383355
4810926,818094,416.1824380337553
4810927,1194861,635.5724421526508
4810928,660055,562.1557676111062
4810929,1734969,299.81750432230206
4810930,1673267,615.0750276144572
4810931,288568,145.3123738456149
4810932,827705,760.2169786934683
4810933,174994,894.7559290065032
4810934,246342,592.8926347596031
4810935,241968,865.9956207984053
4810936,995747,368.5548774294135
4810937,1621336,241.3673339702853
4810938,205367,462.42261383401785
4810939,893405,222.14643399620581
4810940,1826707,182.7036804408323
4810941,713588,583.4415295157631
4810942,1129953,40.45523568883347
4810943,518719,708.4879733008835
4810944,475636,545.2119721629249
4810945,479691,879.3326212930017
4810946,229215,195.4503123760719
4810947,1724110,23.689581935437907
4810948,1301316,993.0646448691996
4810949,841967,763.8069540890616
4810950,834605,795.8958667393945
4810951,456500,601.1510086722503
4810952,1055387,53.039527472033555
4810953,1480264,881.0253039877507
4810954,1979791,974.7634843301519
4810955,1375876,388.7633522430217
4810956,25658,571.2975451104328
4810957,1371658,309.1740771955106
4810958,841802,99.32843088733112
4810959,1045220,663.2373506195245
4810960,681007,789.5312832811697
4810961,274961,528.5722867893525
4810962,1490473,332.6925584534418
4810963,259992,121.00186046023708
4810964,146373,610.3152894389261
4810965,548425,358.7126782809972
4810966,414861,63.271294926812715
4810967,695957,360.78965252133077
4810968,727419,15.184099560869303
4810969,1556645,9.185009616354268
4810970,1571815,296.93017190566104
4810971,897916,335.60420598316153
4810972,1911670,700.6036628108208
4810973,1889852,534.2289521544633
4810974,1212693,933.806081373197
4810975,231783,218.31353112842532
4810976,1867129,938.4675363479339
4810977,332787,582.9195628603462
4810978,1320037,60.53530491635328
4810979,1531675,829.0409227403508
4810980,1145500,380.1924579224376
4810981,1714658,442.0270549294558
4810982,1928206,793.9310807513151
4810983,1682739,56.2220852619264
4810984,699172,770.7982182408102
4810985,1537477,59.52354781297353
4810986,425166,258.97033945200275
4810987,1745573,911.5577756860988
4810988,1845248,118.57820142365128
4810989,1830891,557.2112887060918
4810990,31386,639.4645706034642
4810991,1432237,347.2885486259778
4810992,1751593,759.5726734654297
4810993,1144490,293.8367587662635
4810994,1680737,273.1979887483531
4810995,792274,330.85089704538507
4810996,865982,394.65781125845854
4810997,1425817,674.6561942174895
4810998,652505,16.558688158502033
4810999,1387793,530.8181697137882
4811000,119664,847.0062317367107
4811001,1494201,968.1818141820609
4811002,759906,519.0903053973143
4811003,943391,212.87738122461997
4811004,1252646,477.83941009768216
4811005,737281,595.3971506303282
4811006,1223899,881.0305622845405
4811007,1687506,868.8720178680246
4811008,971136,531.5863831976741
4811009,1132060,337.49822535050924
4811010,1190233,650.6071743618826
4811011,357290,656.9708680338167
4811012,146638,347.00263625255866
4811013,599764,255.00463389140236
4811014,1598051,583.4883150298974
4811015,772162,739.2237368230686
4811016,1382092,520.5033998777441
4811017,488587,33.130579953678854
4811018,1894476,83.43812789631578
4811019,495395,458.53087593556876
4811020,479881,425.6932151163756
4811021,1273361,149.08965137700946
4811022,1980848,980.98137282269
4811023,267557,118.14605893221497
4811024,493343,822.4296459641375
4811025,408439,365.1984271254863
4811026,800380,167.90418285385567
4811027,1442588,313.66108069303544
4811028,1968407,85.75729251728615
4811029,656033,489.40881031409634
4811030,629810,742.221596340188
4811031,451922,868.792124393805
4811032,822970,272.17059284506695
4811033,262363,919.0483323938049
4811034,1555162,644.5631102552825
4811035,873957,187.20746755099427
4811036,412818,755.0602276344185
4811037,1816879,302.2696382419976
4811038,1635606,695.4069222666782
4811039,390103,348.38485211287116
4811040,341850,284.96960622593105
4811041,1041977,251.38671687126944
4811042,1282741,427.7914075224918
4811043,794977,583.5273784778705
4811044,1138448,516.383790954261
4811045,1132832,411.7488939090287
4811046,507868,398.0190483587365
4811047,172993,786.6334639812254
4811048,1595523,147.84448893539727
4811049,1352794,495.9987114850908
4811050,710804,384.2012043567167
4811051,1256439,819.1719036646284
4811052,66502,502.1350754534676
4811053,1059999,991.4084808130501
4811054,578723,288.39562338336253
4811055,117440,624.6746492596064
4811056,671240,313.8146465572755
4811057,1305516,889.3707554167106
4811058,1053530,736.3806481579746
4811059,1371472,756.8456699828819
4811060,491777,157.86152932546372
4811061,863062,958.8645936772327
4811062,994001,711.5981215595466
4811063,641631,672.1292821175842
4811064,812238,151.39783800835704
4811065,1436658,813.4909861682721
4811066,802314,584.3979632003987
4811067,1139489,734.6539214839628
4811068,27068,855.9082100713332
4811069,535835,932.5544416845858
4811070,863814,340.2288494003715
4811071,956797,254.26265243282876
4811072,1047179,18.410082935579997
4811073,640752,273.9008608298785
4811074,1475301,413.2996959615437
4811075,1808300,917.6604981568019
4811076,1897926,552.770720747097
4811077,815235,430.1496657855001
4811078,246575,937.059603450547
4811079,780409,630.9616220569008
4811080,1901624,95.13976272487912
4811081,1702468,898.6811819292069
4811082,157796,681.8158028261712
4811083,1347968,476.698531237844
4811084,1413535,850.6291998347533
4811085,1266705,386.31935384240876
4811086,1974929,294.6124754537333
4811087,997097,768.4632373621947
4811088,434036,581.6451051822297
4811089,97720,982.0397813190125
4811090,84596,705.8082187502331
4811091,1001582,887.5835192869331
4811092,487775,413.2564317841545
4811093,1562569,742.9133215681559
4811094,1049753,914.6106627265337
4811095,1513650,894.8983946405698
4811096,1024913,207.19956027783627
4811097,876742,951.9219595606061
4811098,1796040,940.2538131797991
4811099,627685,591.5982293753638
4811100,537287,175.8954124904921
4811101,1758274,722.469422193172
4811102,1584943,266.01870222611956
4811103,1094523,898.7203968210954
4811104,1148178,756.0148857759019
4811105,857082,416.7498807515186
4811106,1030900,336.81072920624433
4811107,1483342,906.8420608313936
4811108,850461,809.142416822158
4811109,1209473,535.8671411895459
4811110,997892,551.9324286870217
4811111,1149694,980.3409166835396
4811112,1696226,452.189883956339
4811113,815681,326.9985337229777
4811114,1569346,112.03705337606806
4811115,1623195,979.7139713277029
4811116,350627,312.2744132746657
4811117,714332,77.10914572947503
4811118,1917133,339.8045545849324
4811119,904460,434.44568830270947
4811120,1601968,367.8719098907114
4811121,1786334,730.3105398102266
4811122,1580932,54.24927386067024
4811123,629383,912.2474293669466
4811124,708152,564.8690574638262
4811125,1017210,989.269482834852
4811126,276435,215.04084366881239
4811127,712613,255.66657073052446
4811128,1030188,175.04526182898172
4811129,1248518,305.71373384206134
4811130,215373,346.9367513765673
4811131,1175409,141.31479375657295
4811132,333758,976.0516600026522
4811133,1530768,648.1998878246418
4811134,1951054,650.7804099743889
4811135,991444,50.11962906028955
4811136,1955491,505.9267247107092
4811137,647678,768.9853776074978
4811138,1361874,927.4713645327597
4811139,467228,9.288732170070757
4811140,598986,439.9274990084795
4811141,1319576,704.901051518464
4811142,202598,890.5886777547647
4811143,1095868,224.2906371697815
4811144,436798,938.9076148870312
4811145,695229,369.1531722637098
4811146,364362,848.1249281664618
4811147,343321,22.88313142530185
4811148,908298,954.4125450693475
4811149,1307773,391.6146099196951
4811150,1493909,278.4169354848949
4811151,1584141,534.3431085015512
4811152,630662,766.081347295495
4811153,636931,133.07498432232356
4811154,1065273,874.0141439395609
4811155,206631,750.60594563339
4811156,1137730,408.3417513370412
4811157,68082,744.6025154235024
4811158,1493270,903.9635926785132
4811159,615341,57.19530869198497
4811160,1010090,465.9123348865812
4811161,206671,331.3210891272489
4811162,1077359,421.5551116168387
4811163,74878,570.660602758277
4811164,1106656,568.2796562241551
4811165,1715095,637.0452455848205
4811166,779797,70.31388290711249
4811167,516534,789.1920323762199
4811168,561679,556.8266558395718
4811169,1620674,869.8040238798237
4811170,15790,699.1365192538025
4811171,455618,852.601006669739
4811172,1311221,688.2039589781418
4811173,1201770,274.74149704857996
4811174,1115822,996.4109475444695
4811175,755920,595.8904319015702
4811176,265642,768.6804258510925
4811177,74841,537.1485034430674
4811178,574655,424.7824478591542
4811179,96501,357.5003281080812
4811180,728837,348.8014033943199
4811181,951473,187.57339129661244
4811182,1228638,543.5808399324553
4811183,192444,66.66692132123441
4811184,563670,773.2308042934019
4811185,1327800,444.2002020770905
4811186,142792,668.8148465390047
4811187,203322,336.45871380745285
4811188,1339631,69.02741692409597
4811189,1586550,228.44739127268355
4811190,1358360,38.6590384881883
4811191,485760,592.4932856721383
4811192,1957868,653.1222198706886
4811193,610998,96.40188616126389
4811194,269853,149.5866707404495
4811195,1594946,821.4554590315727
4811196,1615414,490.13575293812283
4811197,678212,77.9880613714331
4811198,1528711,722.1758782602478
4811199,1155093,401.68185593230623
4811200,272818,456.78957857292124
4811201,287662,729.4898005482639
4811202,1940061,951.346071334477
4811203,1928879,516.9563534247917
4811204,564988,476.3205370664206
4811205,631491,936.862108085757
4811206,416037,274.9906075428845
4811207,1389760,862.4760923117403
4811208,935126,532.2182573266347
4811209,787538,569.8011542939039
4811210,1062850,301.77780761878836
4811211,1631817,205.8024133703038
4811212,51601,585.7139946177198
4811213,27021,719.3383310455167
4811214,1893866,381.6214167212244
4811215,62174,211.86506216141777
4811216,1920706,740.4830965468785
4811217,869179,412.10829554507967
4811218,1342577,289.5118164627502
4811219,394530,536.6480870937305
4811220,1602990,976.1614465861913
4811221,1256570,967.4497395665398
4811222,1181739,710.6085114956622
4811223,1738306,724.2079250037682
4811224,605406,251.80700220957465
4811225,1155501,601.690776600012
4811226,1029483,744.5683971644677
4811227,492238,840.3860375995495
4811228,280381,402.77823831866885
4811229,11610,924.9552584088493
4811230,334190,44.30920244490644
4811231,36611,872.697208967487
4811232,1837141,956.5374600393327
4811233,1891271,521.3734832535018
4811234,1872807,495.0090382608713
4811235,365298,961.0078674935232
4811236,1746216,555.3571778244801
4811237,1513008,536.9582934187227
4811238,1550022,523.9279892040018
4811239,204037,21.311833633946065
4811240,684247,824.1098665796782
4811241,70920,133.47837134297535
4811242,1414730,141.2254143116879
4811243,1973852,890.4377613275464
4811244,93636,318.63427762934236
4811245,1921909,754.367293207017
4811246,1583914,601.8405689355283
4811247,1308925,458.6853513411729
4811248,85131,668.2184229536401
4811249,1627577,448.2724234603471
4811250,1207075,995.0855287941928
4811251,1075274,455.5395334437149
4811252,1500759,789.8915452556914
4811253,730624,164.50101721860057
4811254,1139930,997.918799398721
4811255,1904819,807.5526425838852
4811256,884480,13.657751224352754
4811257,183602,758.9258954070141
4811258,1367081,953.1197630183774
4811259,1962209,438.4795512548536
4811260,297683,624.779079283899
4811261,1916463,496.8786437899442
4811262,1613381,406.023717536927
4811263,15310,347.9325537160777
4811264,1670029,377.5760003484343
4811265,139813,701.5092678563469
4811266,1705760,529.9601436793245
4811267,177788,424.6913903294447
4811268,891635,398.7609158374982
4811269,958531,761.5625024716217
4811270,1381788,513.005795711742
4811271,621626,62.96413563969183
4811272,278712,190.00917357446733
4811273,527094,965.3979363932324
4811274,775541,941.0909100834278
4811275,879264,911.8263088641143
4811276,472398,691.6126214303127
4811277,588583,193.0148525429597
4811278,1020662,276.94151271917787
4811279,1972365,982.7049851303188
4811280,181013,3.921076220490538
4811281,1554590,645.475577389352
4811282,119611,212.5153265047146
4811283,1652367,618.9762738988397
4811284,465334,396.80828440211224
4811285,1468862,274.7854931011885
4811286,862598,136.64391009716303
4811287,544011,757.0987157714758
4811288,909510,326.3083861349736
4811289,875856,726.5505839425045
4811290,1661377,478.57096093890436
4811291,606347,135.6365531972632
4811292,1927017,101.90868295096978
4811293,1880252,381.5403709286196
4811294,1211215,676.5709403084237
4811295,265551,95.4396530875914
4811296,1965668,785.8002224091839
4811297,767364,590.7298157283045
4811298,29898,549.9817828460071
4811299,964485,404.06179729840096
4811300,1234163,805.3971721899146
4811301,1887352,459.3373909772338
4811302,1467241,751.3895510522684
4811303,1031870,233.20031822947095
4811304,432551,717.487299077347
4811305,600650,623.5592601333327
4811306,1248754,598.0473500456732
4811307,210658,625.1032410490027
4811308,647226,190.70792365576074
4811309,1645824,897.8809560732991
4811310,637248,253.07839612824134
4811311,1147143,480.93130469319243
4811312,1342905,169.94378466200254
4811313,43775,683.8272258397637
4811314,826858,872.5460311930108
4811315,1876856,623.3646794815816
4811316,827322,934.5582920907478
4811317,279180,588.9815546498913
4811318,1731894,343.5682909045712
4811319,2282,278.52667036998133
4811320,679591,322.87406157636065
4811321,853309,714.7060478919999
4811322,1077187,868.8003021074352
4811323,135371,340.68882417226945
4811324,150117,31.397181563321052
4811325,883418,415.9772840531488
4811326,1552040,320.54160680260344
4811327,842606,434.20940839564884
4811328,880044,424.20197986572015
4811329,1878068,547.3173402059847
4811330,1229588,524.1773661735036
4811331,1487471,920.8564066297187
4811332,1423611,774.1241638758856
4811333,1963670,562.9077594171873
4811334,743177,806.6790558148149
4811335,1450955,843.9537661131116
4811336,1796329,856.9549319910249
4811337,1107872,460.6614971783418
4811338,1464589,478.57156294538385
4811339,1725271,507.5435731395188
4811340,982037,613.8344610479234
4811341,1474622,588.0116399126473
4811342,963232,939.2011054472575
4811343,777781,228.6832260874514
4811344,554642,392.22158239997316
4811345,1622960,874.2460267953431
4811346,1867135,84.58809520969479
4811347,1368106,572.5785856322047
4811348,1713938,920.7718375401893
4811349,258100,817.2685184098345
4811350,737966,988.5894365471646
4811351,933668,585.1992777665214
4811352,441400,818.1562330260406
4811353,469574,555.5273763899146
4811354,1069762,7.765195793608903
4811355,1405251,609.4636795015181
4811356,738831,377.8103871317721
4811357,158703,937.881078780845
4811358,1066984,765.956745927051
4811359,1437424,157.8408572323946
4811360,642701,571.3984483031744
4811361,1646410,675.0211961962684
4811362,1252017,415.75442226345814
4811363,1416744,241.6214358672677
4811364,984501,102.31089495065349
4811365,932312,372.763414856828
4811366,651222,146.6057640245735
4811367,1455276,822.275093439754
4811368,705647,614.7583295073297
4811369,628288,977.7370559809332
4811370,1404634,832.6038087017188
4811371,805408,125.14217286362017
4811372,1630236,863.3196942817141
4811373,285676,365.53097577689186
4811374,1781338,776.5954324827011
4811375,737847,272.51578471141937
4811376,1894964,986.8113233646397
4811377,510351,686.447400569539
4811378,1521163,265.45445419960635
4811379,1650483,631.1991858395176
4811380,654440,623.9146547134542
4811381,926114,863.7843793161835
4811382,1562700,512.9938742136623
4811383,1222574,55.016959647401606
4811384,1364031,157.8842161959936
4811385,1188665,437.8831114892204
4811386,1975869,564.3765446946975
4811387,1991756,390.9776769055339
4811388,1926167,773.876263351084
4811389,1348746,774.1349553122039
4811390,1679615,848.535643362356
4811391,46948,97.55182886577829
4811392,1753045,882.6140554576981
4811393,1540574,26.889595831591674
4811394,551868,663.6071575945083
4811395,184024,700.9680290736806
4811396,978955,933.1428886551668
4811397,1154038,896.5137155059435
4811398,79832,478.0008328592434
4811399,176831,984.6828353476646
4811400,1511105,859.4608526504039
4811401,154078,345.7485753282821
4811402,422735,638.7495672434927
4811403,893282,300.30084372722877
4811404,1959157,571.3287990541679
4811405,509942,376.7233741203855
4811406,61425,521.2007118416452
4811407,1951945,795.4796603953843
4811408,1503379,244.07468467709825
4811409,1571330,945.12246363141
4811410,624413,507.102206916349
4811411,917813,754.6052779026382
4811412,613949,547.7584281290085
4811413,1620285,239.680587352883
4811414,861135,130.8267007783813
4811415,1209645,728.8479611734496
4811416,1822140,862.6631139414566
4811417,113586,414.8325715293447
4811418,1403036,229.96662277867296
4811419,306154,933.0784250369188
4811420,1729189,74.28865714896527
4811421,687904,856.0000988377942
4811422,1714123,248.26362422657965
4811423,1073520,861.3314248133943
4811424,340463,803.8668737667148
4811425,1337,904.6834396222814
4811426,459623,850.4504647821336
4811427,1314645,928.6972124018668
4811428,1139528,241.41133794142468
4811429,527609,650.01167366612
4811430,502980,675.5025574146728
4811431,277491,507.3384191748832
4811432,921661,871.0693192197631
4811433,1010972,736.7698695373014
4811434,449629,25.928097786460214
4811435,725248,834.511341928722
4811436,695716,516.2151831314852
4811437,725239,93.67118184728528
4811438,1660463,996.1747697816731
4811439,1968384,843.7669326428985
4811440,1428538,892.7779620555247
4811441,964415,403.0966105970235
4811442,1268354,943.4618321117747
4811443,1719538,649.2826739334217
4811444,1650396,501.8251280438476
4811445,640855,408.74249670871757
4811446,173268,516.8917190943173
4811447,1480678,671.0846789135994
4811448,700262,701.494468110951
4811449,410963,615.481048138748
4811450,704446,24.80330094382277
4811451,819901,10.161753453675647
4811452,866170,523.8565677293982
4811453,724661,885.8146910811809
4811454,1034053,685.1287017686756
4811455,1796436,379.8325442567284
4811456,1497492,152.330476310114
4811457,128935,404.62288142577574
4811458,920515,335.6153219132264
4811459,1093407,107.90102893851183
4811460,183221,841.5612979481184
4811461,1371361,828.0396912760709
4811462,1441526,244.194468836771
4811463,1684932,103.2665718810648
4811464,1075821,738.5668094643917
4811465,640821,253.84628262376685
4811466,935229,447.0236335373258
4811467,1821659,293.4237460431798
4811468,1960565,475.815598891196
4811469,1257087,920.4820152574412
4811470,921291,160.24081861353923
4811471,394392,71.22487738545225
4811472,1725372,469.07297680698167
4811473,44310,419.9815186844887
4811474,1530258,352.29981283487876
4811475,460,6.732827511140016
4811476,20980,357.3530798870754
4811477,1453098,585.0105619033997
4811478,1263775,377.5378251880943
4811479,919673,75.96919599491004
4811480,286570,382.5678056665065
4811481,1373712,855.1189413757644
4811482,1665450,691.3610103129486
4811483,1119307,951.6878665879752
4811484,1971640,179.93252362810784
4811485,1761495,551.1394694259935
4811486,1804954,537.6003857884551
4811487,1448216,802.8718266727475
4811488,816839,290.9671853561521
4811489,1191071,178.14215921249942
4811490,545551,738.0300633531155
4811491,174926,182.89533834189353
4811492,1794081,895.6369097314964
4811493,224145,10.025425070655182
4811494,1725487,786.5177616684146
4811495,594881,381.37358153855547
4811496,1207113,469.4038809504383
4811497,508191,655.8816994141813
4811498,1216264,513.9999937029645
4811499,183666,713.0628823594984
4811500,631775,368.87790609746617
4811501,989511,28.486405654966628
4811502,991649,991.8011022358213
4811503,712398,509.4141705042516
4811504,1357969,445.79001486709603
4811505,1702734,225.2559512890604
4811506,144091,92.33211448829226
4811507,1450325,91.19727604539696
4811508,1183367,102.91677484426964
4811509,483839,773.5360970529758
4811510,764612,625.798087430864
4811511,1078356,975.337425563519
4811512,289551,772.9436631438504
4811513,1626706,870.2115193552138
4811514,403346,245.27427050985108
4811515,1979147,219.4608842498357
4811516,527469,393.3545164128881
4811517,339193,764.1040617064615
4811518,1521234,793.6377711952053
4811519,146647,774.0105406053763
4811520,1300171,328.69323873270594
4811521,526150,753.0588493162977
4811522,995997,687.2045009266162
4811523,547596,742.969334005976
4811524,1508110,394.9808938312185
4811525,1950322,69.11603453194071
4811526,1639506,983.8605234491286
4811527,529368,721.7254755175228
4811528,343015,375.22008043867106
4811529,797793,308.18053319277215
4811530,1139253,586.6227570062395
4811531,1682071,101.70232025755988
4811532,1916157,568.0047006813495
4811533,393441,907.9509759698301
4811534,1009956,942.6069719927292
4811535,632004,356.361060156005
4811536,1903151,147.59613986260834
4811537,1352270,154.3790635248925
4811538,1263210,198.0923924118828
4811539,1291864,429.5512799812371
4811540,132922,243.1923857184962
4811541,1159164,25.672434079658245
4811542,793579,576.1704629834952
4811543,1662046,946.5722174838679
4811544,1731343,356.7149420355246
4811545,739732,894.4437026921319
4811546,794564,674.2346454404671
4811547,570003,805.9028123301692
4811548,779783,216.4219689226311
4811549,1072897,215.3435093002608
4811550,768765,687.4536125265788
4811551,1600822,553.8447296436312
4811552,637921,448.13782647905174
4811553,1883577,849.8786545751674
4811554,647541,75.21394084559252
4811555,1013914,715.3949230068289
4811556,1448472,31.13296091968931
4811557,104516,685.5256504957401
4811558,1674137,422.7740076347094
4811559,1706446,907.0985106646746
4811560,1573937,556.3475027357608
4811561,1551653,7.8038615550203305
4811562,1107652,741.9452659665639
4811563,1664592,510.43239435111155
4811564,1183924,338.52519581413145
4811565,1064016,395.7802573649134
4811566,297712,570.0748527547187
4811567,650570,475.76888437956353
4811568,982580,996.8446628458685
4811569,1742074,784.9924365548447
4811570,1156146,377.2679698774609
4811571,1020921,528.0942271558336
4811572,133337,414.2142280369304
4811573,1626326,603.7240873943472
4811574,1591555,385.3916957981318
4811575,1517245,985.0019492081425
4811576,1975792,842.2783862323231
4811577,866431,224.44592928612283
4811578,1786259,614.9006754405311
4811579,35171,720.1747089674757
4811580,1147923,478.7487633167169
4811581,1125717,906.0509393274148
4811582,1010627,58.71740839642759
4811583,150815,112.05178335976318
4811584,472556,993.2733237512947
4811585,1335203,696.5894178019527
4811586,1848562,494.38018879692004
4811587,330983,542.5064167744335
4811588,623497,88.38416175755958
4811589,1071654,942.7767796987047
4811590,1364127,675.572142041803
4811591,1452779,737.2493426312873
4811592,1033770,553.1477883041357
4811593,1979510,425.20829143531347
4811594,1662133,76.43994012567833
4811595,1007539,602.454030651101
4811596,49184,977.1413202260271
4811597,1840532,294.7842930711422
4811598,177223,4.738420496810503
4811599,637706,17.841544020293256
4811600,724110,30.13992046455649
4811601,829568,566.804580957429
4811602,1702916,468.933381712106
4811603,468014,45.85905160849468
4811604,725247,453.82266606508637
4811605,664137,223.95497312125434
4811606,712305,540.6644386654995
4811607,745613,793.1488475872925
4811608,1456720,955.7194636645582
4811609,423718,809.7532088235647
4811610,1016238,251.30598198773967
4811611,952172,18.131114395000036
4811612,304937,461.71026657342196
4811613,1685103,763.5983848168813
4811614,1276628,658.2131891886129
4811615,1567877,10.618341946785904
4811616,1667962,677.9973321704804
4811617,732355,834.3628715831578
4811618,943475,131.24875019428873
4811619,469734,231.89593331669835
4811620,1780646,803.9261109000082
4811621,1819065,587.4581027998751
4811622,996764,80.77107771323888
4811623,1610025,414.2307914875807
4811624,1378519,987.7706981024484
4811625,1013738,658.7256499430831
4811626,402263,447.3480982645537
4811627,1614911,553.5211667436403
4811628,655497,207.32907684451473
4811629,898729,211.20321616026072
4811630,213112,562.1720964598152
4811631,269049,88.38048345453143
4811632,1470647,20.916922371732703
4811633,155439,14.705543796571408
4811634,495058,539.4147445372256
4811635,695350,835.9947556262597
4811636,17196,481.08136396150104
4811637,59382,966.445318333064
4811638,1834297,798.5699221536976
4811639,976276,147.5784374516823
4811640,40201,89.94358594498864
4811641,1228648,406.6795031682392
4811642,1960479,191.28617215410037
4811643,1301567,417.6871423739982
4811644,482173,248.33450785979804
4811645,870392,936.5889796839809
4811646,1222625,424.3906291959504
4811647,897722,461.5327069690455
4811648,1712147,37.639835275872116
4811649,69432,450.54744941069123
4811650,723376,658.9068718207435
4811651,1269936,915.7382703237339
4811652,711427,700.2102204169614
4811653,1796975,419.5895532444306
4811654,737308,65.09164903487408
4811655,1032680,702.7192266170954
4811656,947140,281.6726501426581
4811657,1170780,510.3956129754459
4811658,1295570,432.14146378405513
4811659,606120,395.68042110753197
4811660,1111521,901.1410076920209
4811661,526399,862.1479445565644
4811662,618356,643.4042624434142
4811663,1266194,740.2410708255807
4811664,899648,625.1872003386991
4811665,1502033,218.19277338987186
4811666,1000147,804.0508570974021
4811667,1609246,572.8024420546228
4811668,1336771,550.4206502942077
4811669,1825908,170.46468438285467
4811670,1386979,620.0988260258479
4811671,1253623,686.7715476816467
4811672,269244,708.7248894214007
4811673,1157260,254.13396925763908
4811674,1319181,721.6654549811179
4811675,60045,170.75877072896017
4811676,19380,342.88812625392376
4811677,1399703,967.1885477903683
4811678,1703346,304.13145995325254
4811679,381772,779.628444188936
4811680,569539,127.15265071044935
4811681,1692027,311.7587305823044
4811682,815721,232.70586567683728
4811683,896868,497.4421920822098
4811684,1894149,672.8897953090056
4811685,1254874,39.47252069406781
4811686,149509,180.61195051525902
4811687,1983456,111.38091306628229
4811688,126423,63.582846323963935
4811689,916120,300.21717625805087
4811690,472842,519.4485668131222
4811691,1364565,78.547559563653
4811692,247056,441.80936227118815
4811693,773231,115.93842954994071
4811694,1659321,907.4055795058955
4811695,192186,111.24824432909286
4811696,304392,49.15597083095313
4811697,151295,235.36174221334605
4811698,777960,927.7020310377287
4811699,671136,583.2523521720077
4811700,147401,406.3082256412208
4811701,1727568,939.6031604085248
4811702,350597,444.81404080373966
4811703,1613957,414.3354373774089
4811704,22094,462.7870315279989
4811705,1560645,2.033403409333223
4811706,451455,423.20330196217816
4811707,930004,273.4347664031143
4811708,349823,517.5251889781318
4811709,1704514,735.0010178962009
4811710,857481,39.079484343977015
4811711,1330652,906.2439682723824
4811712,1168567,429.1905285138126
4811713,1030133,709.9943441130044
4811714,978656,450.12288881388776
4811715,1281208,548.1901037537765
4811716,1076568,573.254865814263
4811717,1167291,506.657988698756
4811718,1915060,944.8375503075528
4811719,460460,472.9134469002394
4811720,597404,185.50826117487617
4811721,1976990,696.3887607310647
4811722,642851,999.1233547903187
4811723,924081,346.8352631158851
4811724,455930,56.98151572919053
4811725,1744408,411.2067712910501
4811726,669356,472.8883279680024
4811727,453601,972.1077827719167
4811728,1588588,699.3488499485286
4811729,1995148,668.9312388022253
4811730,407428,573.2670082130552
4811731,989349,803.927001320043
4811732,435913,226.80272896671016
4811733,1853547,649.4579170570681
4811734,44288,113.86311317042308
4811735,90043,819.6015561321092
4811736,1675659,964.5453679487184
4811737,1793488,898.0363340877948
4811738,1815623,853.5099333168002
4811739,953247,397.4024045345269
4811740,1923405,873.0493071700408
4811741,1763574,878.5880372174028
4811742,1621013,215.4919244481095
4811743,1402218,125.76978276774253
4811744,1519844,531.3035271464033
4811745,746612,608.0220517346911
4811746,297869,120.43524140044693
4811747,342530,801.1272827437258
4811748,283715,509.33882673803066
4811749,708183,651.9753798257982
4811750,1830514,932.918601762098
4811751,1749202,194.36816127017354
4811752,48394,707.460884721655
4811753,85711,943.34180406141
4811754,709325,176.58813461959744
4811755,1991560,513.0131777409292
4811756,981290,240.44427862149976
4811757,1721230,37.435236001671534
4811758,1327902,267.5738968531486
4811759,655267,630.8833408843304
4811760,912882,610.9797792714846
4811761,1165790,785.9261545557542
4811762,507378,85.27475892158608
4811763,523900,846.5493867426442
4811764,1014125,111.93475103773164
4811765,993092,715.5409213126728
4811766,957482,739.1980485435736
4811767,1790558,394.2784675500059
4811768,354741,38.035218756004355
4811769,252547,570.6069102119919
4811770,1061103,116.87006273808298
4811771,1735873,521.494460137011
4811772,966080,299.0896586662165
4811773,1695277,572.4092110695607
4811774,1291084,126.56928542331013
4811775,446557,850.6495391546619
4811776,931380,71.65321121142642
4811777,772931,604.1848951148595
4811778,240578,931.3274185626045
4811779,591169,516.7674456255882
4811780,1747601,725.540456822168
4811781,1293852,123.12163483406991
4811782,1898723,684.5434215320211
4811783,1483801,372.78898816157357
4811784,1038300,673.5444864512651
4811785,318634,420.09470876403356
4811786,1577537,222.95662837675468
4811787,898780,517.9076860372536
4811788,1002671,212.03181060386999
4811789,67416,442.3053985848128
4811790,447470,952.8227331841191
4811791,619150,817.1242359742415
4811792,1212907,372.19356709218584
4811793,341748,783.9365069597442
4811794,1642188,865.9625445722604
4811795,24821,148.77475658811377
4811796,82854,856.6152531970004
4811797,109038,130.74811933436027
4811798,1800019,762.0713669234419
4811799,410202,675.6969229042202
4811800,190055,224.79191266134623
4811801,323094,250.71724778100025
4811802,326217,164.522079533441
4811803,1647942,357.6426614392506
4811804,1802723,468.572992790959
4811805,1127014,719.9977883802286
4811806,1426049,488.3823356307074
4811807,1185503,184.6487163631685
4811808,476957,61.020453254905796
4811809,1589768,10.198111272903487
4811810,706677,198.65976642126247
4811811,82375,828.6855565659043
4811812,470787,893.6249154885921
4811813,297916,230.0247611461893
4811814,76842,510.44251812959027
4811815,918522,274.7664611741959
4811816,1750861,681.1873048065813
4811817,251810,91.75042241138698
4811818,778174,547.7488653447278
4811819,1153172,40.567013841951606
4811820,649838,299.8887065873657
4811821,1455990,301.79454555412553
4811822,1797526,786.3515321876308
4811823,1835760,281.2867508216457
4811824,1198628,592.1377645242501
4811825,1279818,78.66639620520056
4811826,1549294,531.0072269525596
4811827,1018705,213.26354522665812
4811828,116795,676.3886741509959
4811829,1760298,379.65186727438027
4811830,1227127,778.4904232644515
4811831,1695357,645.9251098653598
4811832,1383460,402.76783585790963
4811833,1448886,43.949402530095604
4811834,921726,314.003255062426
4811835,1461315,73.56309834288133
4811836,550002,404.5784446382603
4811837,1174263,709.7107220126654
4811838,1626340,207.0973025163273
4811839,449603,590.1558630654306
4811840,1445346,554.7193971900251
4811841,161210,33.43185479143995
4811842,1218837,371.25697097598675
4811843,273784,843.8576840450457
4811844,803728,624.8490191341921
4811845,1422943,308.8957983473638
4811846,875787,587.1448846613985
4811847,1252465,993.8826641297676
4811848,14375,258.38207449899994
4811849,694927,214.7315150462592
4811850,1480993,223.3375085771493
4811851,973687,675.1935384751663
4811852,80937,868.5066504270856
4811853,1959197,445.5779717582059
4811854,978425,532.6174898354136
4811855,1081885,925.2486780011076
4811856,1120705,844.7795227270065
4811857,1133835,523.2358358173195
4811858,910085,656.6214422875554
4811859,1011792,203.90245853062282
4811860,1934490,2.0153356842841363
4811861,1562088,602.2078834175965
4811862,1163439,2.361225361029229
4811863,410958,482.7773868433024
4811864,777279,850.8241640802223
4811865,209025,630.0755917030166
4811866,1589286,846.3412360329232
4811867,987039,980.7957166204991
4811868,1475055,741.2722700325322
4811869,1012388,231.17190861687587
4811870,1359341,362.42516922100697
4811871,715732,968.6711671852024
4811872,1220308,512.141196477693
4811873,1184749,768.4759112297228
4811874,1315764,908.1418989700986
4811875,1525375,902.6159660814633
4811876,595867,715.2823569326899
4811877,1920669,290.11235723846795
4811878,1148746,448.64906842065045
4811879,1119563,21.362990662941005
4811880,400464,260.1085907273147
4811881,763417,726.8630270001759
4811882,1703041,326.3338290647232
4811883,457692,804.2957826613713
4811884,479618,18.802704412604008
4811885,847563,487.9004615272575
4811886,1658538,109.91348496059994
4811887,1187697,356.66064942757794
4811888,559242,253.59586412918634
4811889,927607,639.5362226695981
4811890,1534625,937.6124752174198
4811891,493451,265.46832874114733
4811892,1378341,984.7134260535405
4811893,314974,355.47946964789213
4811894,589829,361.38241132059767
4811895,21455,347.52969634143506
4811896,1003712,186.20694058481558
4811897,4023,580.1215228184032
4811898,786224,269.14779594190543
4811899,1904987,950.2717335467826
4811900,799095,638.0793311415025
4811901,1764203,205.96239832073238
4811902,1680118,694.8039702184471
4811903,1745845,215.21130598165615
4811904,1440146,447.18259579603114
4811905,1872074,986.0576538085313
4811906,14962,237.2163441155224
4811907,794754,991.0132073524543
4811908,816048,361.6219850302147
4811909,1275120,969.3988437807025
4811910,683742,126.35666626546971
4811911,1526224,78.61829114744312
4811912,898206,175.78256165853202
4811913,829007,943.141897395017
4811914,1698045,353.6919841857024
4811915,702800,528.1755066230941
4811916,48636,993.0912809021593
4811917,506408,993.6161850355757
4811918,435498,497.15413220624083
4811919,1845211,829.8563043073391
4811920,606839,41.9207300736375
4811921,488057,563.3052509491528
4811922,751410,52.62538774734649
4811923,1486072,296.8416472426424
4811924,1554582,694.5846150424208
4811925,390382,654.3409017915842
4811926,711560,772.8920263725364
4811927,309814,67.52017616577733
4811928,688569,142.10440595612604
4811929,953083,344.5116310888203
4811930,181853,930.3653313088412
4811931,1267951,942.3151622472058
4811932,1951405,77.68739429495663
4811933,1966859,602.1169367335136
4811934,208907,336.1804758743723
4811935,1831662,802.1377502499745
4811936,1363063,692.0909153209618
4811937,1735327,366.60178278013234
4811938,1318595,700.537823650181
4811939,1104361,86.8317657407317
4811940,996211,664.3310468110841
4811941,75210,587.4835101451187
4811942,1953727,807.8700841720615
4811943,1370694,456.99970043300107
4811944,121341,979.3934302555219
4811945,484151,626.3850301515884
4811946,498708,694.9610234210528
4811947,1296407,761.1414129832632
4811948,510688,144.6673257182024
4811949,526114,131.46522618692734
4811950,1701435,683.7555442538949
4811951,1320337,379.0937601448156
4811952,312571,134.22648784496994
4811953,1175411,933.3935452697173
4811954,381826,301.47577072538655
4811955,215997,908.5218919262147
4811956,120630,493.8612636797043
4811957,1363432,331.26084612909244
4811958,1665549,546.7423858516917
4811959,78972,977.7312908585689
4811960,1837638,608.3534565944094
4811961,337809,779.4080118531554
4811962,1845699,55.517277697049614
4811963,1150067,139.17767802978943
4811964,1977873,908.1586493851428
4811965,1097319,149.66652041810946
4811966,1195574,249.49738216146721
4811967,854825,336.42285517260194
4811968,1964637,173.93019236924368
4811969,769619,955.8531285014725
4811970,23233,104.40718531605908
4811971,995010,113.6881927165252
4811972,1414353,8.799420973013671
4811973,853451,21.880093755721862
4811974,422606,665.0721680352135
4811975,484246,205.8498504298879
4811976,736348,244.69776445453928
4811977,1056251,166.3042344653296
4811978,1718327,526.5911600594994
4811979,651592,326.9241480919132
4811980,473271,271.6768402828289
4811981,340444,472.9795213652879
4811982,1820084,411.3356734331832
4811983,600383,548.5243128626863
4811984,504761,832.8864463468207
4811985,1292827,270.225362149231
4811986,684165,243.53348277463516
4811987,260132,581.8440303063798
4811988,708758,351.999342304733
4811989,1225542,507.7503474381073
4811990,1312857,777.6831697726082
4811991,1510922,33.08236739953296
4811992,1828485,356.76804017660356
4811993,1694021,132.28208680855613
4811994,848889,112.90438401409197
4811995,170915,955.3030120746838
4811996,674774,744.4763204000243
4811997,1497275,632.7948484758246
4811998,1947041,425.43646017203196
4811999,1242348,692.5145290590128
4812000,465669,474.53851683731307
4812001,1950895,574.8490328697163
4812002,1531897,65.91278068550766
4812003,1957853,106.28210490267908
4812004,21303,935.9079404366727
4812005,1823712,508.36572710920524
4812006,880321,152.6174004930251
4812007,871385,957.0580361819625
4812008,856696,325.28477799556555
4812009,227014,685.7277023260224
4812010,778051,12.565382300269267
4812011,1556064,506.27615841274263
4812012,675023,0.14309914348598074
4812013,1017994,431.6772719184778
4812014,1875463,686.8343310888055
4812015,509276,286.2223122280978
4812016,1867354,134.6756109797491
4812017,982238,165.9406993634467
4812018,657888,218.3137956363038
4812019,453545,929.46169027024
4812020,1881329,942.7554047759947
4812021,1624717,288.42481885410956
4812022,16776,764.5785505013639
4812023,15306,411.90915566327755
4812024,757659,29.28841864363485
4812025,1841599,670.7306784244478
4812026,21588,58.00775997827634
4812027,1329099,13.952579497793494
4812028,1422526,943.0334078460583
4812029,913169,969.3152953954063
4812030,428373,230.44724174895092
4812031,1851260,450.99815759119076
4812032,1406345,48.87770998668606
4812033,1862725,823.9848424678531
4812034,1238192,2.1970354342168985
4812035,1444083,873.6993907262686
4812036,665410,913.0795360074724
4812037,125883,11.919789084233635
4812038,1442928,594.5177221094253
4812039,910646,731.4432908517879
4812040,1454440,686.0513137291998
4812041,332646,777.299486552255
4812042,986553,77.1646317649719
4812043,1852262,425.1645020231343
4812044,895088,805.8067209592615
4812045,97003,553.3032216792516
4812046,992886,883.4049908845346
4812047,1444724,350.1507409063006
4812048,577545,407.83253567709687
4812049,1176311,608.7226143096319
4812050,1971623,562.527190641602
4812051,623868,421.31042856971203
4812052,1098212,673.8634858634036
4812053,1669921,110.61696434301905
4812054,857227,922.0780151833735
4812055,115423,753.5595681946256
4812056,508038,399.472942696148
4812057,628198,110.48715750172167
4812058,1882650,665.3894336322337
4812059,1755862,918.9133908622716
4812060,289905,475.3553867522746
4812061,573689,821.8792320946616
4812062,1267168,797.6564375028639
4812063,168198,566.8982371483334
4812064,1466708,175.33293070180233
4812065,254644,658.7884963677878
4812066,1467297,887.105748736142
4812067,805972,396.7233849367938
4812068,34469,107.16548296251827
4812069,629795,208.75427882207077
4812070,1284028,405.8815145070113
4812071,1558936,544.5715913591748
4812072,717433,960.3684021586809
4812073,10133,683.679562657755
4812074,1895157,257.461839403882
4812075,1832417,918.8878864535882
4812076,1956188,727.6467001701924
4812077,379655,302.3219286571437
4812078,1852617,755.0171305408834
4812079,1199235,220.54055606050315
4812080,277485,518.6947432471552
4812081,256934,543.2549219223628
4812082,830570,590.8442282005999
4812083,1649817,468.98409761696945
4812084,356269,864.7409675174307
4812085,1059766,540.2916281404547
4812086,777195,461.6715209906659
4812087,1191067,604.4418563887367
4812088,1432811,795.7064880806053
4812089,383840,262.15874134117047
4812090,1979855,491.9973423444844
4812091,627234,804.0457420323677
4812092,34389,319.35400311113006
4812093,594761,137.64660079990608
4812094,1605969,399.3424837506524
4812095,1964208,345.63929941946293
4812096,1905150,907.9659265677067
4812097,889149,56.303646225390416
4812098,36917,857.5954793031934
4812099,1839693,505.5084767290872
4812100,330265,896.9095699185302
4812101,1498784,327.14951990271203
4812102,837134,411.7051960467959
4812103,532136,514.0933173447418
4812104,1094494,326.0526547822713
4812105,1006743,257.30195420319035
4812106,119303,841.0906723074329
4812107,879012,200.82799175819855
4812108,1826361,78.85023604281416
4812109,1654179,675.5315907466554
4812110,1611071,856.414442044255
4812111,970184,282.88315606128265
4812112,1575966,319.0285648313711
4812113,441654,717.6354688796326
4812114,1855891,397.5861027352817
4812115,1197748,896.4973677491096
4812116,365885,361.1563234431515
4812117,607324,713.4933438811092
4812118,903087,534.639265330762
4812119,1581062,56.42814179998135
4812120,486257,432.0577247064221
4812121,1801743,321.068615416073
4812122,15062,561.0123690649729
4812123,1802746,562.7748514581216
4812124,1864458,252.10656898580297
4812125,1361653,985.0199830850538
4812126,873789,608.8928494220647
4812127,1399310,802.6740061093597
4812128,241882,440.77490956245157
4812129,1797822,547.849876611844
4812130,351282,926.0248303697929
4812131,513358,145.8684280258099
4812132,1076215,137.5542597005299
4812133,1244748,878.7629463714196
4812134,1183255,139.14096029387522
4812135,545303,434.5740762774525
4812136,1991439,894.5911745619615
4812137,1961624,904.6979215615892
4812138,1848879,656.3116479259178
4812139,1785037,47.70045433360248
4812140,1460280,557.5994178685373
4812141,127650,535.1081661877533
4812142,1888267,32.623881740757696
4812143,288904,3.9176037484942583
4812144,63854,617.0241715559671
4812145,1943852,733.5156393877552
4812146,128444,289.63134167890126
4812147,1681537,43.291141172983714
4812148,108384,632.9904484607517
4812149,1490984,513.2589113419333
4812150,1150922,80.05042206333812
4812151,17925,733.5278531793558
4812152,444552,692.3586199426593
4812153,1713029,755.2987922562401
4812154,1245693,19.652318657794044
4812155,909753,250.6460019380692
4812156,852398,489.4286939337339
4812157,800882,523.7465154759576
4812158,601780,429.205676870644
4812159,937207,773.2723534794573
4812160,127226,471.4100676451172
4812161,384972,473.8383296612867
4812162,85272,145.72291085269296
4812163,1544227,784.8997689839671
4812164,620320,806.2348969579858
4812165,1635895,635.9606728768046
4812166,1215849,816.4955363257835
4812167,449682,301.0830311224553
4812168,1457405,497.91878680522115
4812169,1448268,623.1894560805031
4812170,809582,582.3881553062484
4812171,741000,249.5189389206175
4812172,2221,562.178281126035
4812173,1882128,382.9757285777492
4812174,1482936,272.75569518136155
4812175,1703438,281.61210555461
4812176,400629,332.1767616829444
4812177,1581453,475.72444940311
4812178,114774,396.6723937316875
4812179,1184250,934.2698159682263
4812180,1975633,727.1416924707277
4812181,1244672,147.34234322510397
4812182,328739,45.350383542160365
4812183,1697250,369.69396510289454
4812184,289246,741.3437205095645
4812185,949360,657.4410637226798
4812186,1281691,375.8997861587622
4812187,766059,891.1315264857302
4812188,753786,244.70215293641905
4812189,292655,688.6608615747865
4812190,34164,160.3725326134382
4812191,1784402,36.51914452084337
4812192,1847565,724.63923804801
4812193,1225156,176.80221525714413
4812194,454418,864.6233123627674
4812195,753130,528.7443772201565
4812196,918989,95.48143308687207
4812197,1398405,642.8520337288378
4812198,1546562,519.6085959370376
4812199,652918,630.5039046414967
4812200,335943,313.2926821089199
4812201,303209,41.10657339729107
4812202,728891,96.05844770795468
4812203,161701,252.27493150957648
4812204,1785445,60.926319995405876
4812205,533392,349.5401308016408
4812206,540703,948.684743254347
4812207,1176772,571.2085619535442
4812208,304954,900.9163772977838
4812209,1110739,147.67297296490312
4812210,1695800,726.0736558665224
4812211,1824600,651.0184474462069
4812212,219820,638.6163651191832
4812213,1821832,533.9311486119853
4812214,1048532,756.1683691776602
4812215,815247,47.287964837133266
4812216,1911953,826.2698025320819
4812217,974782,20.944267118457873
4812218,1590142,943.3064995374154
4812219,1359445,3.2395582140350987
4812220,989624,591.1612977277588
4812221,782349,480.30519940971374
4812222,1056830,363.3516460538284
4812223,337103,169.7011451185333
4812224,128044,462.7659040026917
4812225,299084,790.1982445398849
4812226,77726,464.77724916577625
4812227,26818,432.1750136241893
4812228,1367046,653.0431637268163
4812229,1447162,901.9373419967561
4812230,397179,907.5036345352547
4812231,1918513,751.6069935036458
4812232,979448,384.86287591924105
4812233,804484,786.4612748865519
4812234,1663962,712.8068624082222
4812235,1323111,737.9083614456347
4812236,1972965,475.155711159571
4812237,1245638,650.3014138490358
4812238,1208195,370.9313522658546
4812239,159953,719.0135398732244
4812240,1679549,920.0632182931336
4812241,794142,630.2358807281042
4812242,262881,41.20112712970925
4812243,113477,468.5556045360234
4812244,1907843,80.4667062647737
4812245,1993915,214.35892811083878
4812246,1134598,996.4829695985413
4812247,1260798,487.5493213285098
4812248,1353975,269.5268947175895
4812249,491667,826.2291088380781
4812250,1743003,89.29340902492
4812251,731294,771.0342030642622
4812252,1089476,961.7327305490797
4812253,1713998,480.51786170215115
4812254,1464577,331.0188013834544
4812255,98977,93.12218329279264
4812256,58815,625.8644009834534
4812257,236511,523.7448145449355
4812258,1826037,882.0889858809591
4812259,1683687,765.1127917211197
4812260,608952,645.2797382451905
4812261,381,297.21123802357306
4812262,1527442,656.5919758075347
4812263,1747727,633.9854653768416
4812264,1129037,774.8365239614535
4812265,231189,471.48689833646273
4812266,1201060,923.8436584641383
4812267,611152,96.37159600913114
4812268,672131,139.34926269707083
4812269,1270375,802.3727349557305
4812270,697899,895.5020953012128
4812271,1533087,771.4442209504333
4812272,473491,934.0880153848316
4812273,1983309,127.07206190659338
4812274,1623289,973.3617385810095
4812275,735422,950.5603335354284
4812276,1828970,92.27991265463909
4812277,1276450,618.9707629141775
4812278,1853388,533.1256395706354
4812279,1017298,648.5724558661287
4812280,1687684,41.147612555293314
4812281,862660,529.5761767106428
4812282,25327,736.661100686639
4812283,455760,699.8475921829495
4812284,1352315,624.9699673559902
4812285,613848,33.925396190159105
4812286,1964283,794.6416746129951
4812287,1181512,173.6904950146476
4812288,1588634,880.3043157842604
4812289,771598,396.6765646298617
4812290,871646,322.17208604982073
4812291,132389,947.9285923521714
4812292,1992945,191.89355901662276
4812293,974390,34.01635429147554
4812294,339891,210.27087218186202
4812295,395322,582.5794937466775
4812296,747533,745.9512337726612
4812297,1549103,599.8462465341829
4812298,1474851,272.4443536519867
4812299,52779,506.77099055946206
4812300,628638,492.9601315649972
4812301,1741409,746.180768846395
4812302,1881647,444.0132853775305
4812303,855643,690.3636330315649
4812304,1667718,719.1470328782027
4812305,1468798,890.0328202603114
4812306,1037595,295.62096638603055
4812307,157524,177.64104963802308
4812308,1789093,315.2500138222797
4812309,1225419,355.0904565494991
4812310,87368,71.49568443503118
4812311,109163,277.007013616391
4812312,417795,40.59629237519901
4812313,1358864,937.0509603465997
4812314,1293750,566.2586602867827
4812315,207430,462.8201140456367
4812316,1830006,274.44683251331446
4812317,1872661,963.8761335341976
4812318,1942830,234.84625548559325
4812319,545465,785.063681166479
4812320,1385190,679.614419803082
4812321,494869,313.61240169911474
4812322,149253,119.0722649429089
4812323,1572992,976.9882376606575
4812324,334122,770.3545201309511
4812325,149791,334.9270284326128
4812326,1951009,854.7043683490684
4812327,1266817,210.7157549258849
4812328,387621,998.4664242412732
4812329,1399305,91.26929688885154
4812330,225379,836.074234786651
4812331,591638,495.22936709170074
4812332,800948,726.3148477912024
4812333,848050,147.25085215082524
4812334,1671744,159.38205421022255
4812335,1433694,118.80263013102865
4812336,1671610,654.4021547672821
4812337,1366867,677.5381463442205
4812338,341194,999.6961215623371
4812339,272637,338.6218839316968
4812340,32940,538.7863789623291
4812341,177687,514.9687695907588
4812342,1480605,604.6239020208284
4812343,316257,677.1402679797575
4812344,1532858,971.3833367019256
4812345,1699919,616.7641023024748
4812346,1325711,804.5463025254109
4812347,855259,687.1154960694922
4812348,883060,495.84865012409574
4812349,812671,984.6788262086233
4812350,1438941,562.5412865934477
4812351,1802099,702.2757300469168
4812352,290088,866.0583604847635
4812353,1168412,549.4492933326808
4812354,1829390,360.18411643199255
4812355,471472,465.5191932037842
4812356,279129,489.5834958334566
4812357,1038176,522.6618776227559
4812358,1813235,705.116491951614
4812359,1613242,442.41942663333367
4812360,1749733,53.76763982140464
4812361,1591676,892.518958548081
4812362,1903955,569.1216405509183
4812363,1125061,565.9311720603465
4812364,356913,298.66547167091517
4812365,1564485,148.2043573524201
4812366,900595,442.1545568585613
4812367,1236028,760.6653584751485
4812368,1521483,118.98143376893921
4812369,1641759,447.08277022217766
4812370,568141,77.49441532135903
4812371,1474019,91.93755223782041
4812372,1185271,469.725603579315
4812373,99620,427.69916066660096
4812374,1611506,818.5213507562852
4812375,904661,594.4013303828191
4812376,1629910,19.728928431014037
4812377,72640,582.0240151922809
4812378,99849,371.6110165572677
4812379,1171237,891.0562182457408
4812380,1059160,891.1114896037858
4812381,608082,663.7990513960907
4812382,1735615,410.10543987582594
4812383,1170801,115.33783075003778
4812384,1304920,110.28234634647882
4812385,1519737,688.4890388584956
4812386,552628,78.37715330633277
4812387,1554447,175.6280180422195
4812388,1219090,533.4335360618838
4812389,1005603,583.9983437934841
4812390,1057926,298.8212136220564
4812391,116751,884.2414788365344
4812392,204531,300.17367139976403
4812393,1272722,595.4187794285801
4812394,1265305,35.788767669651556
4812395,1223897,974.1501143937347
4812396,1322745,19.171244809737086
4812397,1022841,671.1609926109743
4812398,326474,628.9936452214841
4812399,111430,418.8032631727152
4812400,1063503,689.9500418291519
4812401,665276,508.9840468818708
4812402,385618,389.8293522558129
4812403,260912,173.56140825970556
4812404,1081546,195.7299992254332
4812405,428953,272.8290667573877
4812406,330930,792.2369625053996
4812407,293236,758.3066238699963
4812408,1721782,242.6101593496902
4812409,1190413,644.6901868324737
4812410,1931900,869.4939338744166
4812411,1131035,245.96980605956787
4812412,1973218,776.6999615200215
4812413,1357578,486.04052789973116
4812414,1185008,370.4911216979484
4812415,1485718,292.1301694041372
4812416,1464951,583.0293374770937
4812417,1882497,730.3123154178253
4812418,196729,407.5220181578607
4812419,517104,492.70777793570085
4812420,93870,124.13142797390242
4812421,540522,617.3368550980505
4812422,1692735,291.2783054304654
4812423,1066088,407.15703593247133
4812424,1383663,643.7868993282456
4812425,359678,636.4010664674526
4812426,1369234,554.150277996948
4812427,344173,22.613814712429736
4812428,91509,947.4562281324772
4812429,231739,780.076437050812
4812430,624595,83.32838935618814
4812431,661374,362.1096301804788
4812432,1957932,69.98233366573581
4812433,952672,105.30300130798953
4812434,1436943,447.14449869502647
4812435,1031856,707.4822306349256
4812436,1698236,500.06562062293256
4812437,1474551,902.048164196384
4812438,156121,458.84153120156867
4812439,1218187,296.2857240084031
4812440,1287631,277.5333977043316
4812441,1982060,407.3706523820317
4812442,614608,347.7192630031699
4812443,734028,686.3749912084277
4812444,946973,171.21752759358245
4812445,559811,173.28181054098422
4812446,1901710,444.28439406894285
4812447,419103,722.154807642109
4812448,1179989,750.6479388131928
4812449,1821025,688.5760835454688
4812450,952698,272.4477420024911
4812451,1305192,256.6599035156941
4812452,35206,495.6838467576354
4812453,1895781,523.5831944808126
4812454,955276,649.420652970771
4812455,1433058,720.6884345029381
4812456,1011042,335.4409518326175
4812457,1661577,632.5104273064276
4812458,874595,789.8851399509433
4812459,1370182,444.64494916132656
4812460,287472,649.1660743965729
4812461,1274965,905.7048674791869
4812462,520740,781.2670176056349
4812463,1791769,665.8204761476566
4812464,1655342,98.01408028380143
4812465,1251169,313.8589801266888
4812466,653447,547.8275643673858
4812467,1584350,570.6648221729464
4812468,1051343,911.0511193778573
4812469,856142,422.2869679102219
4812470,513686,699.5545819434336
4812471,396865,778.0568398090878
4812472,1788288,200.83957870393343
4812473,626393,4.474388718793021
4812474,1413838,706.1204053665618
4812475,1574749,157.80724219231047
4812476,258625,435.0377313230144
4812477,1336689,599.7836432249994
4812478,1982733,394.6202849826528
4812479,1411243,782.0990362017584
4812480,920289,923.2010511297207
4812481,834194,627.6588268480482
4812482,1169158,227.87904496254342
4812483,1027329,249.59624285546445
4812484,646566,900.9626362110356
4812485,989300,221.98438168048418
4812486,1529319,583.3835147028487
4812487,733807,174.7707893622421
4812488,1603367,749.2241531567213
4812489,385169,924.3955507132928
4812490,1666583,388.5258332027123
4812491,244254,18.57020567235079
4812492,1543033,961.8268188538314
4812493,358035,862.4460647164819
4812494,47212,468.3451211716153
4812495,90404,668.9098967335698
4812496,1495928,250.78945758758897
4812497,1226774,482.63708897576976
4812498,224439,607.3174926573234
4812499,12727,218.22628437161694
4812500,1500788,345.11845912880256
